305
2
3
515
1030
6
1034
522
523
15
1043
31
544
33
547
548
1060
1061
1575
1065
1578
1066
44
45
558
1070
50
1587
54
55
56
1082
571
1595
573
1085
1086
1600
579
67
1603
68
580
1604
581
1605
1093
70
585
1098
1611
587
81
1106
1619
1108
87
1624
1112
600
1625
1114
92
604
606
96
611
99
1125
102
1639
105
617
1129
107
1132
1135
627
630
119
634
1660
636
1152
132
1156
1668
645
646
1672
649
138
141
142
1680
656
1168
665
670
671
160
161
1185
674
1702
170
173
174
687
177
178
694
696
1721
1210
699
1726
1214
703
704
1730
1220
709
1222
711
1735
1224
712
1738
716
204
1745
722
723
212
1751
727
1240
1752
218
1243
1245
222
224
225
1763
743
1769
745
746
754
755
1272
250
766
1792
772
1285
773
776
1289
265
1803
273
787
1812
277
1813
789
790
1303
793
1818
1820
1822
1310
290
1830
1318
1324
1838
1327
1329
1330
1331
309
1334
1855
1856
1344
1860
1349
837
325
1350
326
1351
331
1868
332
1356
1359
1876
852
340
1877
1878
1879
343
1880
1882
859
1884
352
1381
874
362
363
1388
876
1901
880
1392
369
370
1396
383
1408
897
1924
1412
1926
1927
395
397
1425
1939
916
1428
1944
1945
1433
412
1437
1438
415
417
1442
1956
1444
932
933
421
934
1447
423
1960
1452
942
1454
434
947
439
954
1467
1980
1470
1471
960
962
969
458
462
465
467
1491
980
2005
477
1501
1503
2016
480
481
993
2018
2023
2025
1002
1009
1010
1011
2036
1013
1525
2039
1015
1527
504
1017
506
1530
2042
1532
1021
509
17
32
131
37
43
44
111
146
83
149
119
152
25
153
154
91
94
158
