180
1792
1025
1281
2
3
772
773
1030
1289
1545
1803
15
1812
532
1813
790
1303
1818
1820
1822
544
1314
547
548
805
1830
1318
1578
811
44
45
301
558
1838
1329
50
564
309
823
56
1082
1595
573
1342
1086
1855
1600
1089
1860
1605
1093
325
1350
1351
1096
1608
1098
74
1611
587
332
1872
1108
1876
87
1112
1880
1114
602
859
92
860
604
606
96
352
98
99
1636
1125
1639
105
617
619
1132
1901
367
1135
1392
119
1143
1400
634
379
383
1152
1408
897
132
1412
1927
650
395
142
1680
1168
1426
1172
916
1428
1944
412
1437
670
160
417
674
1956
932
933
1702
1192
1960
170
173
942
1454
178
948
183
439
696
1721
186
699
1471
703
1986
1730
707
709
1735
200
456
712
969
1738
458
716
461
1745
467
723
980
1748
212
218
1243
222
1503
224
480
2016
2018
1251
2023
1769
745
1002
241
754
1011
2036
1527
1272
504
1530
506
250
1532
11
32
96
131
83
37
71
55
27
44
76
158
