204
2
3
2051
6
522
1034
2058
15
2065
18
1043
532
545
547
1061
1578
1066
558
1585
50
54
1082
1595
571
1086
579
1603
68
580
581
70
1095
1608
587
589
81
1108
87
1624
600
1114
604
1630
1122
611
1636
1639
107
108
1132
622
1136
113
627
115
634
635
124
1152
1666
1668
1156
645
1672
138
142
1679
1168
1172
149
665
670
160
170
173
1715
1721
698
699
1212
706
1730
1220
1735
711
1737
716
1745
722
723
1748
727
1752
222
224
1252
1767
1769
745
234
1781
1281
773
1797
1289
1809
1812
1813
277
789
790
1303
793
1818
1820
1822
805
1830
1318
811
1324
1838
1331
1845
309
1334
823
1339
1855
1344
1860
325
1349
1350
1351
331
1868
1359
849
852
1877
1879
860
863
866
1379
868
362
363
1388
1900
880
370
891
383
1408
897
1411
899
1412
1927
1939
1428
1943
1944
412
1437
415
417
1442
1956
932
420
933
1446
1447
936
1960
942
1454
434
439
1471
448
451
456
969
458
974
1998
464
467
980
1493
480
2016
2018
1002
2026
498
1525
1527
1532
2047
12
144
0
32
98
83
71
119
135
122
43
94
111
