189
1792
2049
2
3
773
6
263
1289
1034
2058
1803
782
15
2065
2067
1043
277
790
1818
1820
1822
544
545
290
547
548
1830
1578
811
1838
1070
1071
1585
1331
309
1595
1085
1086
1342
830
1855
578
1603
1860
1605
325
581
1350
326
1608
1352
1098
331
587
1611
1356
1359
849
81
1108
1876
1365
1109
87
1879
1880
600
1625
1114
1371
604
863
611
99
868
102
1639
1129
362
1900
1132
1644
1133
113
1650
1143
634
635
380
124
1660
637
383
1408
897
132
1412
1668
1156
1927
1672
649
395
142
1168
1426
1428
149
1944
665
1433
922
412
1693
1437
670
927
1695
160
417
1185
1442
1443
932
1956
1444
933
1960
1452
941
173
942
1454
177
434
436
439
1721
954
699
1471
703
448
1986
962
1220
709
197
1735
712
969
457
458
1738
716
204
1997
974
464
1745
723
467
980
727
1245
477
222
1503
224
480
1763
998
999
488
745
2025
1769
1002
493
1773
498
242
2036
1525
1527
1017
506
1532
1021
11
81
146
114
83
131
149
135
39
122
94
111
