180
1792
1281
3
515
773
1285
11
1294
782
15
1043
1812
532
1813
789
277
790
1303
1818
1820
1822
1310
543
547
805
1830
1318
807
299
1324
301
1838
558
1585
50
564
309
54
1334
823
56
1080
1595
571
1085
1086
1599
1855
1600
1344
1856
68
580
1860
1605
325
326
70
1350
1351
1608
587
1360
1876
852
1108
1879
87
860
92
604
606
96
611
102
1639
1385
105
107
1132
1392
627
1907
1908
1397
634
1402
379
1403
124
893
383
1408
897
131
1412
132
1668
1926
1927
649
1417
1418
395
139
142
1680
1170
1939
916
1172
1428
1684
149
1944
665
412
1437
415
160
1185
417
674
1956
421
933
1703
1960
170
1963
1707
1452
173
1454
942
183
439
1721
954
186
1978
1467
699
1471
960
1730
1222
1735
456
712
969
457
458
716
1745
722
980
470
727
1752
218
1242
2014
222
224
480
2016
2018
230
2025
1769
745
1002
2036
1525
1013
1527
506
1530
1532
11
32
83
100
37
149
71
55
119
8
44
142
