182
1792
1281
3
2052
773
6
1289
1034
2058
1292
15
2065
1809
18
1812
532
1813
789
277
790
1303
1818
1820
1822
545
547
1061
805
1830
550
1318
1578
1066
811
1324
301
558
1838
1585
50
819
309
823
56
1082
1339
1595
1086
1855
1603
68
1860
325
1350
1351
1095
1608
587
331
843
1868
1359
849
1108
87
343
600
1114
859
604
860
863
96
98
1122
99
1123
868
614
1639
105
362
618
1132
1900
367
1136
113
115
372
1143
1400
1145
634
635
124
383
1408
897
1666
1412
1668
1156
1927
1671
1672
650
142
1679
1168
1427
1172
1428
1684
1944
665
412
1693
1437
670
160
417
674
932
1956
933
1702
1447
1960
173
1454
1710
942
1715
1974
439
183
1721
954
186
698
699
1471
1730
1220
1735
200
456
969
458
204
974
1998
1745
209
723
467
980
1748
1493
727
222
1758
224
2016
480
1252
1767
745
1769
2026
1002
234
1517
241
498
1525
1781
1527
506
1532
2047
11
96
32
0
83
71
135
55
56
122
44
111
