223
1538
515
3
2052
1029
6
1545
1034
522
1550
15
1043
532
544
545
33
547
1061
1066
44
558
1585
564
54
56
1082
1595
571
1086
1600
1603
580
68
1093
1605
70
1095
587
589
81
1108
87
1624
1625
92
604
1120
1122
98
611
99
102
1639
107
1644
1132
622
1136
627
1143
1656
634
132
1668
645
1672
649
138
142
1680
1170
1172
149
1687
667
670
160
1185
1703
170
173
183
1721
186
1210
699
704
1730
1220
1735
711
200
712
716
204
1745
722
723
1748
1752
218
1245
222
224
225
1767
745
1769
1773
241
1781
1792
1281
773
775
1803
1809
274
787
1812
789
1813
277
790
1303
793
1818
1820
805
1830
1318
811
300
1324
1838
309
1334
823
1855
1344
1856
1860
1349
837
325
326
1350
1351
1353
331
1868
1359
1361
852
1876
1877
1879
860
1891
868
362
876
1388
367
880
1392
372
1400
379
1408
897
1412
1926
1927
1418
395
1939
916
1428
1944
1435
412
1437
415
417
1444
1956
933
1447
1960
1963
941
942
1454
439
953
954
1467
1471
962
456
969
458
1998
980
1493
2014
2016
480
2018
2025
1001
2026
2036
1013
1525
2038
1527
506
1530
507
1532
509
13
0
32
96
37
71
8
43
111
83
149
119
55
93
