229
1025
515
3
6
1034
523
15
1043
532
1052
544
545
547
548
1060
1061
44
558
1070
1071
50
564
54
56
1595
571
59
573
1085
1086
67
1603
1604
68
70
1608
1611
587
1103
81
1105
594
1108
87
1624
600
604
96
99
611
1639
105
617
107
1644
1132
1133
1650
627
634
124
637
1668
644
1156
645
646
1672
650
142
146
1172
1684
1176
153
665
667
1693
160
161
674
170
173
693
694
1207
1721
699
703
704
1730
1220
1732
709
1222
1735
711
200
712
716
207
721
1745
722
723
1748
727
1243
222
224
225
1767
745
1769
1775
1792
1281
773
776
1810
274
787
1812
789
1813
277
790
1818
1820
1822
1830
1318
811
1324
1838
820
309
823
1341
1855
1344
1860
325
1350
1351
1352
331
1867
1868
1359
852
1876
1878
1879
343
860
1890
867
868
362
363
883
372
887
379
383
1408
1412
1926
1927
395
1939
1428
408
1944
1945
922
1435
412
1437
415
417
1441
1442
1443
1444
1956
932
933
1958
934
1960
1963
942
1454
1967
944
439
954
1467
956
1469
1471
960
962
456
969
458
461
1998
463
980
477
2016
481
2018
1506
2023
2025
1002
493
1011
2036
1525
1527
506
1532
1021
509
13
32
5
71
44
109
111
114
83
19
21
119
152
25
