222
1025
2
3
6
1030
1034
15
1043
532
545
547
548
1060
1578
45
558
1070
1585
50
54
55
56
1595
571
1086
1600
1601
67
579
68
580
1605
581
70
1608
1098
1611
587
81
1619
1108
87
1624
1112
600
1114
604
92
606
96
611
99
1125
102
1639
616
105
107
1132
1133
1135
627
630
119
633
634
1660
124
637
1152
132
1156
645
1672
650
142
1679
1168
1680
1172
1684
149
665
667
670
160
1702
170
178
696
1721
1210
699
1214
703
1730
1220
709
1222
1735
711
712
1224
200
1738
716
204
1745
722
723
212
727
218
222
224
1767
745
1769
234
754
1272
250
1792
1281
773
1289
1803
1812
1813
789
790
1303
1818
1307
1822
1314
1830
1318
811
1324
1838
1329
307
1331
309
1334
823
1855
1344
1856
1860
325
1350
1351
331
332
1356
849
852
1876
1879
343
1880
859
860
1884
352
868
1385
362
1900
1901
1392
1396
379
897
1412
1927
395
1939
1428
916
1944
1435
412
1437
415
417
1441
1442
932
933
934
1960
1454
434
1974
439
1467
1471
962
456
969
458
1998
467
980
477
1503
480
2016
2018
1511
1002
2036
1525
1013
1527
506
1530
1532
1020
12
32
114
131
5
37
71
135
119
44
158
94
111
