138
1792
2
3
2051
773
6
1030
1289
15
1809
1810
1812
1813
790
1820
796
1822
1314
546
547
1830
1318
551
1578
1324
45
301
1838
1585
1329
50
309
823
1595
1086
1855
1860
325
1350
1351
1608
1867
587
332
849
1108
87
1112
1114
604
1884
866
99
1379
1639
1643
108
1132
1900
1901
1135
887
634
891
124
1152
1408
897
899
1412
1927
1418
142
1679
1168
657
1428
1172
149
1944
665
412
1693
1437
160
417
932
1956
420
933
1960
936
173
1454
942
178
1716
439
183
1207
1720
1721
954
186
699
959
1471
1730
451
1732
1735
712
456
969
458
716
463
1745
209
467
1748
727
218
222
2016
480
745
1769
1002
234
493
754
1525
1527
250
506
1532
2047
9
32
98
83
21
135
71
55
108
158
