144
768
515
1795
1542
1546
1290
1802
779
267
1293
1808
1553
274
1043
1556
21
25
538
795
285
1822
542
1310
1312
1570
1058
290
1572
37
293
1574
1319
810
1323
555
299
1835
1836
1583
816
307
1077
310
58
65
1092
326
839
1610
591
1106
338
1620
1365
1110
1627
860
606
97
1634
871
1385
362
878
1136
624
1393
1139
1396
1141
631
1145
1402
891
379
898
1411
1414
390
1417
650
140
397
398
911
1174
1689
154
412
668
671
1183
1702
168
1194
683
1196
175
177
1714
691
180
1207
1209
699
188
701
1213
704
448
453
1478
455
967
711
968
1736
456
1226
971
1742
464
977
723
980
1238
984
1245
740
1512
235
1776
752
496
240
242
1782
1016
248
506
766
510
1023
1791
2
116
110
