196
515
9
1034
1547
11
525
527
1039
1040
1556
533
1558
23
538
1052
540
1059
39
1579
1070
47
49
1074
1588
565
566
568
1593
1594
59
573
62
63
1088
66
1602
1099
1102
1106
82
1620
84
1111
1623
93
1631
1636
1637
1125
1638
104
616
1136
1651
1141
1145
1659
637
127
128
640
1666
644
139
1166
143
1167
656
1680
657
658
1684
676
165
1190
679
1193
170
1707
1198
176
1716
183
695
1721
1730
708
1732
198
1736
1742
207
1743
1746
1235
1238
727
1753
1245
1758
734
1247
738
739
229
745
1776
1264
1266
1778
1269
757
254
1793
769
1795
1284
1797
268
780
1302
790
1303
281
795
1309
1821
286
1824
800
1827
803
1832
808
809
1325
1334
312
1339
1345
1350
840
850
340
859
861
355
356
870
358
1386
875
1387
878
366
1392
1393
377
891
1403
386
390
391
1417
395
1419
1425
913
915
410
929
1442
1451
944
1458
949
1466
957
445
1470
1472
1474
1477
968
1485
1491
469
985
481
1508
1512
1005
1523
1529
1017
1021
3
17
37
125
