188
1537
3
259
772
1797
1289
1546
11
268
1551
527
273
274
1556
533
1303
1559
538
1306
27
540
1052
796
1821
1565
1822
1824
1057
803
1827
1317
1062
39
296
809
1324
813
1582
559
48
1328
1075
819
309
310
1593
1595
1339
828
1597
576
1344
320
1601
834
1350
72
1610
1611
77
334
1102
1614
1615
335
82
850
594
83
1620
852
340
87
1111
857
1626
91
348
606
1374
97
867
1125
1638
1386
1387
364
878
366
1135
1136
114
1141
887
1143
1658
891
635
1660
381
637
128
1666
643
388
644
1160
1417
1673
395
139
1419
1678
143
913
1171
153
923
413
925
1693
159
1695
929
417
1699
677
168
170
428
431
1458
949
1463
695
183
1720
1721
1466
445
448
1472
193
450
195
451
1221
454
1739
1485
1741
206
1487
1744
977
723
725
469
1749
217
1242
1756
1500
1245
1758
1502
480
481
1508
1253
230
1256
1515
1004
1005
749
1774
1776
1264
1008
1523
1781
503
1017
1529
1787
1021
1023
3
107
77
159
