135
768
1797
1542
1290
1293
527
533
25
1306
538
1052
796
1310
1824
1570
290
1827
1317
293
39
1319
1835
299
1583
48
1328
816
819
307
1077
1593
1339
1597
320
65
1092
326
839
1610
1611
77
1614
335
591
340
1365
1110
1111
857
860
1374
97
1125
1638
871
1387
366
878
1136
624
1393
1139
1143
631
1658
637
381
128
1666
1411
388
644
390
1417
1419
139
397
143
911
913
1689
154
668
1695
159
1183
417
170
1194
428
177
946
691
180
949
1720
1721
1209
699
188
704
448
193
451
1221
453
454
711
456
1736
971
1485
1741
464
1749
469
217
1500
481
738
1508
740
1256
1515
235
1776
752
240
1523
248
1529
1021
766
510
1791
2
116
159
