283
1
515
1027
1028
4
517
1032
1545
1546
11
1037
1551
1552
1042
1556
1560
1562
539
1564
1054
543
31
1056
32
1057
1570
1059
1060
1573
37
1574
551
553
554
555
44
558
1071
1584
52
54
57
1594
1084
1087
577
1602
1091
1603
1095
72
74
76
589
590
1103
1618
1620
1110
88
1625
1114
1115
1118
1630
607
97
1122
106
107
620
1644
623
1136
1649
1650
1140
1141
1653
1142
631
1145
640
1668
1669
645
136
652
1166
1678
657
1171
1174
662
1688
154
1691
157
671
1183
672
673
161
162
675
165
1189
677
679
680
168
1712
688
1714
697
1209
1722
1211
191
704
194
195
1731
1732
1736
1225
202
1742
719
210
211
725
1238
726
1239
1753
1754
730
1245
221
1761
1252
1766
1260
1264
240
753
242
1779
1783
248
761
763
766
257
770
1795
772
1284
1796
774
265
778
1290
779
1804
1293
782
1807
1295
1296
273
274
276
278
1303
1818
285
1822
286
798
287
802
803
1829
1831
297
810
1835
1836
303
816
820
1334
311
823
1344
833
1350
329
1354
332
845
1361
338
850
863
865
355
869
359
872
1385
878
1391
367
881
370
1401
378
1403
1409
390
391
903
904
905
1417
395
396
909
910
1426
403
1429
408
1434
926
415
1441
419
1445
421
935
423
430
1460
437
1463
951
952
955
1469
448
963
1476
455
969
457
458
971
975
1487
465
980
984
1498
986
475
1501
1504
993
996
1512
491
1005
1007
499
1014
503
1018
506
510
4
67
24
43
76
