142
768
515
1795
1284
1542
1290
11
1293
1039
1556
790
1303
25
538
795
540
1821
286
1310
800
1570
290
1059
803
293
1319
808
1579
299
1835
1070
47
1583
816
307
1077
1334
566
568
1594
573
1088
1345
65
1092
1350
326
839
840
1610
1102
591
1106
850
1620
1365
1110
860
93
1631
97
355
1636
358
871
1386
878
1136
624
1393
1139
1141
631
1145
1659
1403
640
386
1411
390
391
1417
395
397
1166
1167
911
1680
1689
154
668
1183
1442
676
165
679
1194
176
944
177
691
180
183
695
1209
1466
699
188
445
448
704
1474
1730
1732
453
711
1736
968
456
971
1742
1743
464
1746
1235
1238
1245
740
229
1512
745
235
1005
752
1776
1264
240
248
1017
766
510
1791
2
116
37
