381
1024
1027
3
515
519
1544
1546
12
1037
1550
1551
17
18
1554
19
1555
1556
1557
1046
534
1559
536
538
27
540
1565
1055
543
545
1058
36
549
1573
551
41
554
42
1068
45
1582
1072
1073
1075
564
567
568
1592
1080
1594
1083
59
1595
60
1596
1088
65
66
1093
583
585
73
1097
1609
1098
1612
589
1101
1103
592
1106
594
595
1619
1620
597
86
1113
1626
1627
94
1119
1632
1121
97
1122
98
611
1124
101
1128
1129
106
1131
1643
1134
1136
112
113
1138
1139
1652
632
1145
122
1659
1660
1150
126
1665
129
130
1668
134
1159
1160
1672
137
650
138
651
1675
653
1166
1678
655
1679
1170
1171
1173
661
151
1176
152
1689
154
1690
1694
1184
1185
164
1700
676
165
168
680
681
1706
1198
1710
687
177
690
1202
693
1205
181
1717
694
695
183
697
187
1213
189
1725
1728
193
1730
1218
1220
1221
710
1735
1224
1228
1742
719
1744
721
723
1235
212
1748
724
725
726
215
1239
731
221
1758
736
1760
1252
741
1768
1769
234
748
1774
1264
1776
753
245
1782
248
1274
251
1277
1789
766
1278
1283
1795
771
1284
261
1289
1803
1291
783
784
1808
1810
1300
1301
1303
1816
281
1305
282
1822
1312
288
1826
803
1316
1830
295
1832
808
296
1321
814
303
815
816
1330
1331
820
312
824
314
828
1342
1344
834
322
324
1349
1350
840
841
844
333
1359
336
850
1362
338
339
1364
853
854
342
1366
856
1369
858
1370
1372
862
863
865
1377
1378
355
1383
872
1386
878
1393
882
372
885
375
1401
378
891
892
380
383
384
1409
1410
387
390
1414
392
1417
395
1419
909
1422
401
916
917
920
1433
1434
922
411
1435
924
417
929
930
1447
425
426
427
1453
430
1455
945
1458
946
434
1462
440
442
1468
446
448
450
1474
964
453
1478
967
455
1482
971
973
1487
976
1490
467
468
1492
984
1498
988
478
995
484
996
998
1000
1512
1002
491
492
493
1522
1524
1014
1016
509
510
1023
10
128
115
19
7
39
72
60
109
141
95
