153
1
257
1284
1796
1797
1546
11
779
268
1037
527
1551
1295
1552
276
533
278
1306
1052
796
285
286
1822
798
1824
1057
802
1827
1317
1573
37
1574
39
1831
810
1836
1328
48
819
820
1334
823
1593
1339
1597
320
1603
1350
74
1354
1611
332
77
1614
335
338
340
1110
1111
88
857
1115
1374
865
1122
355
1125
1638
1386
1387
1644
366
1136
1649
1650
1141
1143
631
1145
1658
378
637
381
128
640
1666
644
388
1668
645
1160
139
1419
395
652
909
1166
1678
143
1680
913
1171
1688
1434
1695
159
419
679
170
428
1712
688
1714
946
949
437
1463
1720
1721
1469
193
451
1476
1221
454
1485
1741
210
980
469
1749
725
1238
217
1500
1245
481
1508
996
1252
1256
1515
1005
1007
1264
753
242
1523
499
1014
1529
506
1021
2
24
159
