184
513
1282
774
1542
1544
520
2060
524
1806
14
1553
20
1045
2070
534
1046
24
536
537
282
1820
799
543
801
34
547
1315
806
1830
807
296
1065
555
1069
301
2094
2095
817
1587
1331
2099
565
825
826
1340
829
2110
318
831
2114
1353
586
842
2122
1868
1612
334
2128
1616
1361
81
2131
339
340
2132
341
87
600
857
1625
1626
1883
1119
352
608
1377
1124
356
2149
2150
1382
1384
107
1131
2156
108
1645
366
623
1394
1395
1653
1910
375
1145
634
1661
1412
132
389
2182
1414
393
2185
141
2191
1167
144
402
1939
1431
2199
1688
1178
1182
1183
2209
1954
2211
676
1703
681
2219
1708
428
1454
1966
2222
431
1199
178
179
947
1976
1468
957
1981
962
1219
1477
1733
710
1479
1737
1227
1484
460
1485
1231
722
1746
979
2004
1237
1750
215
984
985
729
475
732
988
2019
1764
1509
1254
487
744
2025
1002
1258
2030
1777
1778
243
756
2037
501
1527
760
1016
248
1275
2043
1
38
