143
512
1026
771
774
1543
520
2056
2061
1297
1810
787
1045
22
537
538
2077
543
288
1571
1315
2083
36
1829
1830
1831
807
1319
1320
553
555
45
1586
307
1846
1080
825
1594
1082
829
1086
321
65
1857
581
326
1862
841
1098
586
1868
1356
1357
1101
2128
1877
1623
1119
98
356
1125
1126
1640
108
371
1908
1145
1402
638
1924
2181
903
391
392
2185
909
2191
658
1431
2199
920
1688
1948
1951
2209
676
1188
934
1191
1963
1453
431
1711
177
1459
2227
180
1974
1210
2234
957
1728
1988
1220
1477
2246
1992
970
1483
206
1744
2001
979
2004
1237
2005
1494
1496
478
1246
479
2017
483
741
229
230
999
1512
232
2025
489
1774
750
1775
1520
1777
1778
499
2037
246
2042
507
251
1020
1
19
