155
512
1026
774
2055
1803
2060
524
268
13
528
787
533
789
534
1814
2070
279
793
539
1566
1822
1314
35
2084
1831
807
553
554
2090
555
556
1069
302
818
307
1587
565
312
825
570
1595
1339
316
60
61
2110
2112
1345
578
1090
1351
1609
1865
841
2121
330
586
1610
74
1868
1356
332
1357
2128
592
1621
853
87
1111
857
604
2141
609
612
1125
357
2150
876
365
1904
2161
1137
1395
371
2164
2165
2167
894
1918
2175
1924
901
2182
903
393
1425
2197
1431
920
1179
2205
1951
1953
1699
676
1445
1703
2218
427
1708
431
1456
946
179
1716
950
1210
1468
1213
1727
1215
449
1729
962
707
1477
710
2246
1479
970
459
1484
1231
465
722
1494
471
984
475
225
2019
1251
2022
231
2023
489
2029
750
1778
2037
246
502
1018
1275
1534
1
83
