145
1025
1028
1798
1543
1546
11
2060
14
271
2063
528
274
1811
2068
2070
791
1562
539
1051
797
543
1315
1571
2083
37
1574
1831
807
1577
1066
300
813
1075
820
565
1845
1594
58
1852
829
2110
1087
1599
836
2120
1865
330
1098
1610
1866
1867
1100
1358
1367
1626
92
1119
96
98
1126
359
872
2159
112
369
1394
1395
1651
2169
1402
2171
381
1405
638
2175
1155
1670
903
904
1418
909
2192
1681
1937
915
147
2197
917
2199
1687
408
152
1178
157
413
1181
2209
162
1442
2214
2218
1962
431
691
1459
1971
1974
1721
1210
2240
448
449
964
1988
1477
2247
714
1743
465
2001
2004
980
213
1237
981
471
984
1753
2011
478
1249
1761
483
2021
999
231
2025
492
2030
752
1778
1525
1529
2042
1275
1
40
