1111
4100
4101
4103
2057
4107
4108
14
2065
2066
19
23
2071
4121
2075
4123
4124
4125
2077
29
4126
31
4127
2081
35
4131
4132
2085
4133
4137
2090
43
4145
49
53
55
56
2107
4159
4160
67
2116
70
4166
4167
72
2121
2122
2123
2124
76
80
81
4177
2131
86
4184
89
90
4187
2140
2141
95
4194
2147
4197
2149
102
4199
4202
4210
2167
4216
120
121
122
125
128
4225
2180
134
4236
141
142
143
2192
147
2197
4246
153
154
4252
2205
2206
2208
2209
4260
4261
166
2214
4264
168
4268
173
2221
4272
4276
184
2234
4290
2243
4293
201
2249
4299
204
4301
205
2255
4307
2268
222
2271
223
2272
4320
4321
226
4324
235
4331
2284
4334
2286
242
2290
243
4342
2296
248
2302
254
4350
256
2306
261
4358
2311
264
2313
268
2317
273
274
4370
2324
4372
4373
278
2327
4378
2331
4387
295
2345
297
4394
4395
2347
4396
4397
301
303
2353
4408
316
4412
2365
4414
4415
4417
2371
2372
327
328
4425
329
2379
333
4430
4432
4434
2387
339
342
2393
2394
2396
349
4447
352
2402
2403
4452
2406
2410
362
2411
365
4462
367
4465
4466
4468
4469
4470
2422
4471
2427
379
4475
2428
4476
4481
385
2434
4483
4484
389
4485
4486
4487
2441
2445
4493
398
4496
406
407
408
4504
4506
4507
412
413
2462
420
422
4519
2475
4524
4525
2478
432
4528
433
2485
4535
2488
446
4544
449
4547
452
2501
4551
456
457
4554
467
474
2523
476
4573
4574
479
2527
484
2541
494
2543
498
2547
499
4596
2549
4598
4599
504
4602
506
4603
2556
2557
516
4612
4616
4622
2575
2576
4625
2579
532
2582
2584
536
4636
541
2591
4640
2592
545
2596
4648
2600
4649
2605
2607
4660
4662
2614
4663
2616
572
2621
4672
2624
578
2629
581
582
4681
2638
2641
593
4690
2643
4691
4693
603
4701
2654
4707
612
2661
4714
2667
2669
623
2671
4722
4723
2675
2676
2677
4731
4732
2689
643
2692
4741
4743
2696
4746
650
4747
2700
4751
655
2703
2704
4754
4758
664
4760
4762
2714
667
2717
2721
2722
674
675
2723
2724
2726
679
2734
4782
4783
2735
2737
689
2742
695
4792
4795
2748
4797
2750
702
2753
4801
2754
707
4803
708
710
4809
2762
2763
4811
2767
2768
4818
4821
4828
733
4830
4835
740
4838
2791
744
4843
753
2801
4851
758
2807
763
4860
764
4862
4863
771
772
4870
4872
4875
780
2828
4882
786
787
788
4886
4887
2841
2844
2846
4896
801
803
4899
2851
4900
2852
804
805
807
808
4907
813
2861
4910
2863
815
4913
821
4918
825
2873
4921
827
4926
4928
2883
2885
838
2887
4937
4938
845
4946
4949
856
2904
4952
4954
4956
2908
4958
2912
865
2916
4967
872
4969
4970
2928
885
4982
4983
2936
889
2937
4986
4987
893
4990
894
2948
4997
5000
5001
2953
906
5003
5004
2956
910
912
914
2968
5016
921
5022
5025
2978
5026
931
2980
933
934
935
5031
5035
942
5039
2993
946
947
948
5044
5049
953
5055
960
5058
5062
5063
5064
3017
972
3021
3024
977
5074
5077
3029
5078
3030
3034
5083
3035
3036
5085
5086
3038
5087
3039
3040
3043
3044
996
997
3048
5100
5102
5103
3057
1010
3060
1014
5111
5112
3067
5115
1019
5120
1024
1025
5121
1029
3080
5129
5132
3090
3091
3093
5143
1050
5147
3100
1055
1056
5153
1057
3107
1063
1065
1069
5165
5166
5168
1073
1074
1079
3129
5178
1085
1086
3134
5182
1088
1089
3139
1094
1096
3145
5193
1097
1098
5194
3148
1100
5198
3151
1111
5207
3160
1114
5210
1115
5211
1117
5214
1125
3174
3176
1128
5224
3181
3182
1134
1135
1136
3186
5235
1139
3189
5238
5239
5248
5250
3204
5254
3206
1160
3212
5261
3213
3217
5265
3218
1171
1172
5270
1174
3225
1177
5275
5277
1182
3232
5280
1186
5283
1189
3241
1194
3244
1196
1200
1201
3252
5301
5303
3255
3256
3257
3258
5307
5309
1215
3263
1217
5314
3267
1221
3270
1223
1224
1226
3276
3279
5330
5334
3287
1241
5337
3291
3292
5340
5341
3295
1247
5346
1251
5352
1256
1260
1261
1263
1264
1267
1268
3322
3326
5374
3327
1281
5377
3330
1282
3331
1286
5382
5384
5385
1290
5389
5391
5392
3346
3348
1302
5399
5400
5401
1309
3358
1310
3360
1314
5411
1315
5412
1317
3365
1318
3366
3367
5416
5417
3370
3371
5419
3372
1326
5422
1332
5429
3388
5436
5440
3393
5441
5442
3394
1347
3395
3397
1355
5452
3405
3410
1362
1364
3413
3414
1369
3420
5469
1377
3427
1380
5477
3429
1382
1383
5480
5483
5484
1389
1390
3438
5488
1394
5493
1398
5496
5500
1409
3458
1412
3461
1415
5511
3464
3465
1420
1424
5520
3477
5526
3478
3479
5528
1433
1434
1435
1436
5533
5534
1439
1441
3490
1446
3497
1449
5546
1452
5550
5552
5555
1459
5558
5560
5561
3513
5566
1470
5567
3520
5569
5574
1478
5576
1481
5578
3530
3539
1494
1496
3545
3546
1500
1501
1502
3551
3554
3562
1516
3566
1519
3567
3569
3571
3572
1528
1530
3580
1532
1533
3581
3583
3589
1544
3593
3594
3595
1550
1551
3599
3604
3607
1560
1563
1569
3626
1578
1579
3627
3629
1582
3633
1594
3643
1596
1599
1600
3650
3653
1609
1611
3660
3666
1619
3668
1620
3672
3673
3677
3680
3685
1642
3691
3692
1644
3693
1648
3700
1653
3703
1657
3707
1660
1662
1664
3715
3716
3719
1680
3730
1683
3732
1684
1699
3750
1703
1708
3757
3758
3765
1720
3770
1723
3778
1733
3787
1739
3789
3791
3793
3794
3795
3796
1751
3804
1757
1764
1766
1767
3818
3819
1774
1775
3825
3826
3827
1779
3828
1783
1784
1786
3840
3841
1797
1803
3853
1807
3855
1810
3858
1815
1816
3865
3866
1818
1819
1823
3873
3877
3878
1834
1840
3889
3890
3891
1849
3902
3907
3908
3911
1864
3913
1867
3917
1870
1872
3920
1873
3925
1880
3928
3934
3937
1895
3944
3945
1898
3952
1905
1906
3957
1910
3958
1914
1915
3965
3967
1920
3970
3971
3976
3979
3981
1935
3984
3985
3995
1947
1948
3997
4001
4002
1956
4004
1958
4009
1961
4010
1962
4016
4017
1981
4029
1983
1984
4034
1987
1989
1990
1993
1995
1999
4048
2004
4052
4053
4054
4055
4062
4066
2019
2020
2022
4071
4072
4074
2028
2033
4082
2036
4084
2037
4085
2044
4093
2047
26
64
131
323
396
333
206
208
404
87
151
152
92
161
38
103
231
108
175
303
305
311
121
251
316
254
190
