1381
1
2
3
2051
6
4103
2057
4106
4107
2059
4108
14
2063
4112
2065
18
2067
23
24
4121
2075
27
2076
4125
4126
31
33
2081
35
4131
4132
2085
39
40
2090
45
4142
2094
2095
4145
2100
4149
2102
4151
56
2105
4153
4154
4158
4159
2112
67
70
2121
74
2122
4172
4174
2129
4177
2131
4183
4184
4186
90
91
4187
4188
2140
2141
94
2143
96
4193
4194
2147
102
4199
107
4203
2157
2158
112
2160
4210
115
116
2164
2165
118
2167
120
4216
4217
122
124
4220
2172
4225
2178
131
2179
2183
135
2185
2188
4236
143
2192
2193
147
4245
4248
153
154
2207
2211
4259
164
2214
167
4264
168
2217
2219
4267
2221
4270
2223
4271
4272
178
4274
4275
2228
181
184
4280
186
2234
4284
2239
2240
193
2242
4291
196
4293
197
4296
201
2249
4298
2251
4301
2254
2255
210
212
213
2264
220
2268
4319
223
4320
4321
226
2274
4324
229
231
235
2284
2286
239
4336
241
2290
4338
242
243
4339
2291
244
245
248
2296
249
4348
252
2302
4350
2306
4354
4355
259
2308
4358
2311
2312
2313
267
4366
270
272
273
4370
2324
276
277
4378
4380
2334
288
2337
289
4387
4388
296
4393
297
2346
4396
303
2352
305
2354
2355
307
309
310
316
4413
2366
2367
4415
4417
323
2372
4420
2374
2375
327
328
2379
4428
4429
2382
4430
4432
2385
4434
2386
342
2392
2394
2395
2397
352
353
2401
4451
2403
4453
357
4455
2408
2409
2410
363
2411
2414
2415
4465
4466
4469
2422
374
375
2426
382
2431
4480
385
386
2434
4483
387
2435
4484
2436
389
4485
2441
2443
2445
4494
398
400
2449
2452
406
4504
4507
411
4508
413
4510
2464
4512
2465
420
2469
4519
2474
426
4526
2478
432
4531
4532
2484
437
440
2488
4536
2491
2493
446
4544
2496
451
2499
452
453
4550
2503
4551
456
457
2506
4554
4556
2509
465
4562
4563
4564
2517
2518
4567
2520
474
2523
476
4573
4574
4575
2527
2529
482
4579
484
494
2543
495
496
2545
498
2547
4595
4596
2549
504
506
4602
2556
2557
4606
511
512
4609
515
4612
516
4614
2568
4616
4620
4622
4623
527
529
530
2579
532
4632
4634
538
4637
2591
2592
4640
4641
2593
2595
549
552
4649
4650
4651
4652
556
2604
561
2610
4660
4661
4662
4665
570
571
4669
2621
2624
578
4676
4679
4680
2633
587
4685
2638
593
4689
594
2642
4691
4692
2645
4693
4695
603
4700
605
606
608
2657
609
2658
611
4707
612
2660
615
617
4714
4719
623
2673
2674
627
2676
2677
629
2679
4728
4729
4731
2685
4735
2690
2691
4739
2692
645
2694
4743
648
650
4747
651
4753
4754
659
4756
663
666
2714
667
668
670
4767
674
2723
2724
2726
679
680
4777
2734
4782
687
4783
689
2737
4786
692
2741
4789
695
4791
699
701
2750
702
2751
4801
2754
4803
2755
707
2758
2760
4809
714
2762
2763
4814
2766
2767
719
720
2772
4821
4826
4828
733
4830
2783
2791
4839
2792
746
2796
751
753
2801
4849
2802
4851
758
4855
2809
762
4859
4860
2812
4861
2813
765
4862
4863
771
2820
772
4868
4869
773
4870
4872
777
4875
780
786
787
789
2843
2845
798
4896
2848
800
801
803
2851
804
805
2854
4904
2856
4910
814
2863
4913
819
821
824
825
2874
4926
4928
833
2881
2883
2885
4934
838
4936
840
2889
843
2892
845
4942
4943
4947
851
4949
2903
856
2904
861
2909
2910
4959
2914
866
867
4967
872
2921
4969
4970
874
875
2927
2928
880
881
882
883
4980
885
2934
4982
889
2937
4987
4988
2941
4990
2945
4994
903
904
2953
5003
907
2955
2956
5005
914
5011
5013
5014
919
5015
5017
921
2971
926
5022
2975
928
2977
2978
931
5029
934
935
5031
2984
5034
938
5035
2988
2989
5038
943
5039
2993
948
5044
2998
2999
5049
955
5052
957
958
959
5056
3008
960
5058
963
5061
5063
968
971
3019
5067
3021
3023
3024
3026
980
982
3031
5080
3033
3035
5084
988
3037
3038
5087
992
3042
3043
5092
3044
996
5093
3045
998
3047
5095
999
3048
1000
5096
1004
3052
3057
1010
5106
1011
1012
3061
1013
1014
3062
5111
5112
5115
1019
5118
1025
3074
5123
5125
1029
5127
1031
3079
1033
3082
3083
1035
3085
5136
3091
5139
3092
1044
3093
1045
1047
5144
5145
1050
5147
5148
3100
3101
1056
5153
3107
3108
1061
3110
5158
3111
1063
1065
5164
1069
1070
1071
3120
1073
5170
1074
3124
1076
5173
5174
1078
1079
5177
3129
3130
3133
3134
1086
5182
5183
1088
1089
3139
3140
3143
1096
1097
5195
3148
5197
5199
1103
1104
1105
5204
5206
1111
5207
5210
3163
1115
5211
3166
5215
1119
3167
5216
3169
1121
5219
5220
3176
1131
5227
3179
3181
3183
5232
1137
3185
1139
3189
5238
5239
1145
5242
1146
5243
3195
1147
5248
3204
3205
5259
3216
5265
3217
5266
1170
3218
3222
1174
5272
1176
3224
3225
1177
5275
1180
5277
1182
5278
1183
1185
3234
5283
1188
3238
1190
5286
5287
1192
5289
5291
1196
3244
3245
5294
1200
3249
5297
1201
5298
3252
5301
3254
1206
1207
5303
3257
1211
3259
5307
1212
5309
3261
3263
1215
3264
1217
3267
5316
1221
3270
3272
5320
3273
1226
5323
3276
3277
5325
3279
5329
3281
5330
5331
1235
3284
5334
1238
1241
5338
3291
3292
5342
3295
1247
1248
5346
1251
5347
1255
3304
1256
5355
5356
1260
1261
1263
1266
1268
3317
3319
3322
3326
3327
3329
1281
5377
1284
5382
1286
1290
3338
5387
3340
1292
5391
5392
3345
3346
3348
5397
5398
1303
5401
1306
3355
1307
1308
1310
3358
1314
5410
1315
5413
1317
1318
1319
5415
1320
3370
1326
5422
3374
3375
1327
5425
1333
5436
3388
5439
1343
5441
5442
3394
3396
5445
3397
5447
3402
1355
3405
5454
5456
1362
3411
5459
3418
5469
1375
3424
1377
1379
1381
5478
1382
1383
5484
5488
1392
3443
1396
3444
5493
1398
5496
1413
5511
1415
5515
5516
5519
3471
1424
3472
1427
3477
1431
3481
1434
3482
1436
5532
1437
5536
1446
3496
5552
5555
3507
1460
1461
3510
1463
5560
3513
1467
5563
3515
1468
1469
5566
5571
5572
1477
5574
3526
5578
1483
3532
3539
1492
1498
1500
3548
1501
1503
3551
1504
3553
3558
1510
3561
3564
1516
3567
1519
3572
1525
3574
1527
3577
1530
3579
1533
1535
1536
3585
1540
3589
1544
3593
1547
3595
1550
1551
3599
1556
3607
1559
3609
3611
3612
3613
1569
1576
3624
3627
3633
3638
1594
3643
1596
1598
3651
3652
3653
1614
3664
3666
1619
1620
1621
3669
1626
3677
1631
3679
1634
1640
3692
1648
1649
1657
3709
3711
3714
3715
3719
1673
3722
1676
1678
1680
3730
3732
3737
3738
1691
3746
1699
1700
1701
3749
3750
1703
1704
3752
3753
3758
1712
3765
3767
1719
1720
3770
1723
1725
3778
1732
3785
3787
3789
1742
3791
3792
3795
1755
1757
3806
3811
1763
1764
3813
3814
1766
3818
1770
1771
1774
1775
3824
1777
3826
1778
1781
1784
3832
3837
1789
3838
3842
1795
1802
1803
3853
1807
1809
3858
1810
1811
1812
3861
1815
1816
3865
1819
3868
3870
3873
1827
3875
1828
3877
3878
3879
3882
1834
3886
1840
3890
3891
1844
1847
3901
3902
3907
1861
1862
1864
3913
3914
3915
1869
3917
1870
1872
1874
1879
3927
1880
1881
3929
1882
3933
1886
3937
1892
1893
1895
3946
3948
1902
3950
1904
3953
1906
1907
1909
1910
1913
3965
3970
3971
1925
3984
3987
1941
1943
3991
1947
1948
3997
1953
4001
1956
4004
4005
4006
1958
1963
1967
4016
1975
4029
1982
1983
4034
4035
1988
1989
4037
1990
4039
1992
4041
1995
4045
4050
2004
4056
4058
2011
2014
4063
2017
4068
2022
4071
4073
4075
2028
2029
4078
2033
4081
4083
2036
4084
2037
4086
2039
4088
2043
4091
4092
2045
2046
2047
33
257
323
132
199
200
333
77
14
16
209
275
276
150
23
344
153
28
29
286
287
34
293
300
175
178
246
121
58
122
190
382
254
63
