1031
0
3
4101
4103
4105
2058
4107
15
2065
4116
2070
23
25
4121
26
2076
4126
31
4131
4132
4133
2085
39
40
2090
45
4145
4146
55
56
4154
4161
67
4164
71
2121
2122
4171
78
4177
2130
82
2131
89
90
2140
4189
4193
2147
2149
102
106
2156
4208
4211
2165
2166
2168
122
2173
2176
4225
130
4228
134
2183
2187
4236
2188
4239
2192
4241
145
2197
4247
4248
154
157
2205
2206
159
4257
164
4261
2214
167
168
2217
2220
4272
177
4275
4278
2231
4280
2234
190
4286
2239
2244
4293
2247
201
2250
204
4301
2259
216
2268
2270
223
2271
2272
4320
226
4324
2277
2282
2283
4332
2284
4337
242
2290
243
4342
2296
249
2300
4349
2303
4353
2305
2306
4355
4356
4357
4358
4359
4360
2313
266
4363
4364
273
2326
279
4378
2333
2337
4388
2341
2342
4394
4396
4397
303
2352
2355
2361
4411
316
4412
4417
2372
4423
2375
327
4424
4425
2379
4430
4431
4432
2386
342
4440
2394
2396
2398
4446
2399
352
4451
2403
361
2410
2411
4459
2413
4462
4466
4468
4469
2421
4473
2427
2428
381
4480
2432
385
2433
386
4483
389
4489
4490
2443
2445
398
2449
4497
4499
404
2452
4501
409
4507
2462
416
418
420
4519
426
2480
4528
433
2484
436
4533
2486
4536
2488
2491
446
2495
4544
448
451
452
2501
4549
4550
456
457
4554
465
4561
4562
4563
4567
4568
2522
476
4573
4574
480
482
2531
4580
484
4582
4585
490
4588
2542
2543
4593
2545
4595
501
2549
504
506
2557
4608
512
514
4613
4615
2568
520
2572
4621
525
4622
2579
532
2584
2588
4637
2590
2592
2593
4645
4649
4650
2603
4653
2606
559
561
4660
4664
2616
572
2621
2622
2623
578
2628
2629
2631
4680
4689
593
4690
595
4691
4693
2651
4699
603
605
4706
4707
4712
2666
4715
2669
4717
623
2672
627
2676
2678
632
634
4732
4733
2687
2690
4739
2692
651
4747
653
2702
4752
2706
659
4760
666
2714
667
4765
2718
673
674
2723
676
2724
2726
679
683
2734
4783
2737
2741
695
2745
699
700
701
2750
702
4801
2754
4803
710
4810
4811
2763
716
4814
2767
4815
721
2772
4821
2773
725
4825
2781
734
736
4838
2790
744
4842
748
2796
4847
4850
754
4851
4853
759
4856
762
4859
2812
4861
766
767
4865
2818
772
2820
2821
774
2823
4872
777
4873
4874
2827
4875
780
783
4880
786
4884
4885
4887
4893
803
2851
804
4905
812
4909
813
4910
2863
4913
4914
4921
825
4925
830
2879
4928
4931
837
4935
2888
4936
4937
841
2894
849
4946
4947
852
4949
856
859
861
2910
2914
870
4966
4967
4969
874
4970
875
4974
2927
2929
2930
4982
889
2937
891
4987
2943
2944
4996
4998
2953
2954
5003
907
5005
910
911
914
5016
2969
5017
921
5019
2972
926
5022
2975
2979
931
932
2980
933
934
2983
5031
5032
5035
2988
942
943
5039
5040
2992
2995
947
5044
948
950
2998
952
953
5053
3005
3006
960
5057
962
5063
967
5069
3023
975
5078
982
5079
984
3035
3039
994
3044
996
3045
5093
3048
3051
3054
3057
1009
1010
5106
5111
5114
5115
1019
3070
1023
1024
5121
5123
1031
3084
3091
3093
5141
1049
1050
3099
5147
3100
5153
5155
3107
1059
3110
1065
5165
1069
1071
1074
5173
3127
1086
3134
1088
3136
1089
3139
1096
5192
1097
1098
3148
5204
5207
1111
5210
1114
3163
3165
5214
1119
5215
3169
1121
1122
1125
3174
3179
5227
1132
3181
1134
3182
3186
1139
3189
5237
5239
3198
3199
5248
3204
3205
1160
1162
3210
3211
5259
1166
3217
5266
5268
1174
3223
3224
1177
1178
1181
1182
3231
3234
5283
5285
3240
3244
3245
3246
1201
5297
3252
5301
3254
5303
1211
5307
3260
3262
3263
1218
5314
1221
3270
1224
1226
1230
1235
5332
1236
5334
1241
3292
5343
3295
5346
1251
5347
3300
1256
3306
1260
3309
1263
3313
1266
1268
3322
5372
3324
5373
1279
1281
3329
5377
3332
5382
5387
1292
5388
5389
3342
1296
5395
1301
1302
5398
3351
5400
3353
5401
1306
3358
1310
1311
3360
5410
1315
1317
1318
3366
3367
1320
5417
3369
3370
3372
5421
1326
5422
1327
5425
1330
3380
5435
3388
5436
3389
5438
5439
5441
5442
3394
1347
3397
1350
5447
1352
5448
5449
3404
3405
5453
5458
1362
1363
1364
3413
5461
3414
5463
3420
5469
1374
1377
1384
3433
5484
5488
5493
5494
1398
5495
3451
3452
1407
3456
5505
5506
5509
3465
3466
3468
5519
1424
5521
1426
3477
3480
1434
1436
5538
3490
5540
3493
3494
3495
1447
5551
5555
1462
1463
3512
5560
3513
1466
1467
1469
5566
1470
5569
1475
5571
3523
5572
3525
1478
5577
3530
3532
1488
3539
1491
3541
3544
1497
3548
3549
3551
3553
1507
1513
1517
1519
1524
3577
1532
1533
1535
1540
3590
1544
3595
1548
1550
3599
1552
1553
3602
3606
1559
1560
1565
1566
3614
1569
1570
1571
3622
1577
3627
3633
1586
1587
3641
1594
3646
1599
3653
1614
3666
1619
1620
3670
3676
1629
3677
3678
1636
3691
1644
3693
1648
3705
1657
1659
1661
1663
1665
3719
1672
3722
1680
3730
1683
3732
3735
1688
1689
3738
1692
3740
3741
3746
1699
1700
1703
1706
3754
1715
1716
1717
1718
1723
1725
3776
3778
1732
1734
3787
3792
3795
1750
1756
1758
1761
3810
1766
3815
3816
3818
1775
1779
3832
1785
1786
1788
3838
3839
3841
1796
3854
3859
3860
1815
1819
3870
1823
3877
1834
3886
1838
1840
3889
3890
3891
1843
3896
3899
3902
1857
3907
3908
3909
1864
3917
1870
1871
3919
1872
3921
1873
1874
1881
3930
3934
3941
3951
1909
3959
3965
3970
1931
3980
3982
3984
1940
1948
3998
1953
1956
4004
1963
4013
4016
4019
1973
1980
4029
1987
1989
1990
1994
1995
1998
4047
4050
2005
2010
2011
4063
4064
2017
4066
2023
2028
2033
2036
2037
4086
4095
22
323
230
70
198
134
327
297
203
395
205
111
175
242
243
19
83
247
409
121
156
189
286
