932
2048
2049
3
2053
2058
2063
18
4118
2070
25
2075
28
29
4129
4130
4131
2085
4133
38
4137
44
45
4142
4145
4146
55
2103
4153
4154
2112
2114
67
2115
2119
2121
75
4172
2124
78
2128
2129
4178
88
2138
91
2139
4188
4189
96
102
113
115
2166
119
4215
122
2171
124
4225
129
2177
4228
134
4231
2183
4239
4241
148
151
153
4251
157
2206
4254
159
168
4264
2217
2220
4272
178
2229
184
4281
2234
187
2239
2241
2242
195
4293
4296
2249
2250
204
205
2255
210
211
4309
2265
218
222
224
4320
2273
4321
226
228
2277
2280
2282
4332
237
4335
4337
2290
242
4339
2296
249
4348
2300
253
2302
4350
2306
4354
4356
4358
2312
2313
4363
4364
2318
273
2326
2333
288
4385
4388
2341
2342
295
4394
2347
4397
303
2352
304
2355
4403
2358
2359
4407
2361
4409
316
4417
322
324
2374
327
2375
330
2379
2382
4430
4431
4432
2384
2386
2387
4435
342
344
4443
348
2397
2399
352
355
2403
4454
361
2411
4459
4460
2413
2414
2418
372
2423
4472
377
379
4477
4478
383
2432
2433
391
4489
2443
2444
4494
4499
2452
4502
2466
420
422
4519
426
430
433
2484
4533
2491
2496
4544
448
4545
4547
2501
4549
4553
457
4554
461
2513
4562
471
474
476
478
4574
4579
4582
4588
2541
493
2542
2543
499
500
501
504
4600
506
2556
511
4610
2563
4613
4615
2568
523
2572
4622
2579
4627
531
2580
4628
536
2584
537
538
4637
4638
543
2591
545
4643
4644
4645
4649
4650
554
2605
2606
559
2608
2613
2614
2616
570
572
2622
4673
578
580
2629
2631
4681
4683
4685
589
2640
593
4690
4694
4699
2651
604
2652
605
609
4706
611
4711
2665
2667
4715
4717
2671
627
2676
2677
629
4728
632
4732
4736
2690
4738
2692
645
4742
4745
649
4747
653
4751
4752
4753
661
662
2712
666
2714
2715
2716
4765
673
675
2724
4773
2732
2734
4783
691
694
695
4791
4792
700
2750
4803
4804
2758
2762
4810
4811
716
717
4814
2767
4815
721
4818
4819
725
2774
2776
2781
2784
2789
2790
744
4844
748
749
4856
2808
762
772
2820
2821
4870
2823
777
4874
778
4875
2828
2834
790
4887
797
2846
2847
801
803
2851
2855
808
2858
2859
2861
813
4910
2863
2864
4913
2866
4914
825
4921
2874
827
2878
4927
2881
834
2884
837
4937
2892
2896
4946
4949
2901
856
861
864
865
2914
2917
4966
4970
4973
2927
4977
2930
883
4981
4982
4984
4987
891
4996
2950
903
904
906
5003
5004
5007
2960
917
5016
5019
5022
927
929
5027
2979
932
933
5031
5032
5033
5035
2988
942
5039
943
2992
947
950
2999
5047
952
3002
957
3005
959
5056
963
3011
3013
965
971
975
5074
5077
3029
5078
982
984
5081
3035
5087
993
3042
3043
5093
3045
997
5094
3048
3054
5102
5103
1007
5104
1010
1013
1014
1015
3070
1023
1024
3074
5125
1031
3080
5131
5133
5139
3093
5141
5145
3100
5150
1055
5153
1059
3108
1060
1065
5162
1069
5165
3119
1071
5168
1074
5182
3134
3139
3140
5192
1097
1101
5197
1102
3151
3155
1111
5207
1114
5215
3167
5216
1125
3174
1127
5225
5227
1131
1134
1136
3185
1137
3187
1139
3189
1143
1144
1146
5248
5249
3204
5252
3205
1160
1162
5259
1166
1168
5266
3219
3222
1180
3228
3229
1182
5279
3233
3234
5286
3241
3244
1200
5298
3252
5301
3259
1211
5308
5311
5313
3270
1224
5327
1235
5332
5334
3286
3292
3295
5343
1248
1251
3300
3301
3305
5356
1260
5357
3313
1266
1268
5365
3323
3327
1281
5377
5382
1292
3341
3342
5391
5392
3346
3350
5398
1302
1307
1310
3358
3359
1311
5408
3360
1315
3363
1317
1319
5416
1320
3369
3370
3372
5421
3376
5429
5436
5438
5441
5442
3394
3397
5447
3399
3400
5450
3403
5453
5454
1361
5458
1364
1367
5464
5467
1374
5471
1377
3430
1384
1385
5483
5485
3439
3443
3445
3446
5494
1399
5497
3452
1409
5505
1413
3464
3465
3466
3468
1424
3477
3478
3480
5528
1434
1436
1440
1441
5538
5539
5540
1445
1453
1458
5555
1462
3510
1463
5560
5561
3513
3514
1467
5564
1469
5566
1472
5569
3523
5574
5575
5578
3530
3532
3539
1491
3541
3545
1497
1500
3549
3551
3559
1513
1514
1515
1518
1524
3572
3573
1527
1533
3581
3582
1540
3590
1544
1548
1550
1552
1558
1560
1562
1563
3613
1566
3614
1569
1582
3633
1587
3638
1594
3644
1598
1599
1604
1610
3660
1614
3666
1620
3670
3672
3677
3680
1644
1648
3698
1653
1656
3705
1657
3711
3714
3719
1672
1673
3722
3730
1687
3738
3740
3746
1703
3751
1707
3757
1713
3763
1717
1721
3773
3776
1728
3777
3780
1735
3787
3788
1744
3792
3804
1764
1766
3816
1775
1778
1779
3828
1785
3834
3841
3845
1797
3847
3854
3857
3859
3860
1823
3877
1830
1835
1838
1840
1843
1851
3901
1857
1860
3908
1861
3912
1870
3919
3920
1882
1886
3934
1889
1892
3941
1896
3944
3948
3951
1904
1905
1909
1912
1913
3965
1917
1920
3977
3980
1933
3984
1939
1948
1951
1953
1955
1957
1963
4016
1972
1973
1984
4034
4037
1990
1995
2001
2002
4053
4055
4058
2011
4060
2012
2014
4063
2017
2018
4066
2019
4067
2023
4073
2031
4081
4082
2036
2037
4086
2039
2043
19
96
290
227
229
327
297
170
203
395
334
80
401
178
212
55
216
248
57
316
