954
2052
4101
2057
10
11
4107
12
4108
4113
2066
4117
4118
2071
25
2075
27
2076
4126
4130
4133
2085
40
45
4145
55
2103
4152
4158
63
66
4166
2122
75
77
83
89
4188
4189
95
97
2149
4197
102
4205
2159
2160
115
2163
2165
2166
4217
122
128
4225
4227
4228
136
2185
4233
2188
4238
142
4239
4241
2194
147
4244
4245
4254
2206
4259
166
4262
168
2217
2220
173
174
4272
179
4276
4278
2232
2234
187
2238
4290
195
196
4293
201
2250
2256
209
211
212
2261
4312
217
222
223
4321
226
229
2278
2279
4331
2284
2286
4335
2288
2290
2291
246
2296
248
249
4346
252
2300
2302
4350
2306
258
261
4358
2312
4364
273
275
276
280
2333
2334
2335
293
2342
4392
4394
4397
2352
307
2355
4407
316
317
4415
2368
4417
2370
4425
333
4432
4433
4434
342
4439
4440
4441
2395
352
357
2409
2410
4459
2411
364
4461
2414
368
2418
2422
2428
4480
2435
389
4486
398
400
4496
4499
2452
2453
408
4507
4515
420
2470
4519
426
431
433
2484
2485
4533
2491
2492
2493
4547
456
2505
2506
4556
2508
2509
4561
4562
4563
2523
476
4573
478
4574
479
2529
482
4579
484
4582
2540
2542
494
2543
497
500
4596
501
504
2552
4603
4610
515
2563
517
4615
522
2572
530
536
4634
2588
4637
541
543
4643
552
4648
4649
4650
554
2604
558
562
4660
4668
572
4669
2622
4671
4672
578
4675
2628
582
2631
4680
2635
589
2641
594
2643
4691
4699
2651
2652
605
4704
4707
612
615
4714
2673
4723
2676
629
2677
630
2681
635
4732
2686
638
2689
2690
4739
2692
646
4745
2697
4747
4750
4751
2704
4753
4755
4756
2709
662
666
667
2720
4777
2734
4785
2742
695
2743
2745
699
700
2750
707
708
2758
710
2760
2762
4810
4811
2767
2768
721
4825
730
732
4838
2790
743
2792
745
746
4843
748
4845
751
753
757
2805
758
760
2809
761
765
766
4863
4866
772
2820
2821
4870
2823
4874
2829
784
789
2838
4887
4890
2847
2848
800
801
803
810
2863
2867
825
4921
827
834
2882
835
4936
4937
845
2895
4947
4949
856
4954
859
861
2910
2914
2916
4965
4970
877
2927
2930
4983
890
4987
891
2941
4991
899
4996
2949
903
5000
907
908
2960
5011
5013
5017
2970
2972
5022
927
928
5025
930
2979
2980
932
5029
934
2984
938
2988
941
942
5038
5039
943
947
2997
950
2998
2999
5047
959
3012
5061
969
971
3020
3021
3023
980
5078
982
5080
3033
3034
3035
988
5085
5087
3039
5090
5091
3043
3045
998
5094
3048
5097
1001
3055
3060
1012
3064
5115
3070
1023
1024
5125
1031
3083
3084
5136
3091
3093
1046
3096
5146
5148
1055
1056
1057
5153
5157
1066
1067
5165
1071
5167
1073
1074
1077
1079
3129
5177
3130
1085
3133
5182
3134
1086
1088
1089
3139
5188
1094
5192
1096
1097
5194
1098
3150
3151
1105
1106
5205
5206
3158
1111
5207
3160
1114
5214
1118
3167
5216
1121
1124
5222
5227
3181
3183
1137
5235
5237
3189
1143
5241
5242
1147
3198
5248
1153
5250
5252
3204
5253
1160
5257
5259
1167
5264
3217
3219
5267
3229
1182
5278
1183
3234
3239
3243
5294
3246
5295
1199
1200
3251
5303
3256
1208
5309
1216
3267
5316
3270
1224
5320
3274
1229
1231
5328
5329
1235
5332
5335
1241
3292
3295
1251
5355
1260
3313
5361
1268
5365
5367
3320
3322
5370
5372
5373
3326
3327
3328
1281
3330
3331
5382
3338
3340
1292
1293
5391
1295
1302
5398
3350
5400
5401
3355
1315
3366
1319
1322
3370
3372
1326
1327
1332
3380
1333
1334
3388
3389
1341
5438
3391
5439
5440
1346
5442
3396
3397
5445
5447
3400
1355
3403
1357
5453
3410
5458
3412
3414
3415
3418
3419
5469
3422
1374
3424
1377
3428
1382
1383
3431
3432
1384
5483
1396
1398
5494
5496
1401
5503
5505
3461
5513
3465
1418
5515
1420
1421
5519
1424
3472
5523
3477
1429
1433
1434
1436
1437
1441
1442
5538
1444
3492
3493
1446
5542
5543
1452
5549
5550
1454
3503
3504
5555
5556
3510
1463
5561
1468
5566
5569
3523
5572
5574
5576
5578
3530
3532
1486
3539
1493
1497
1500
3548
3549
3553
3557
1511
1514
3562
1515
1519
3569
3571
1524
1527
1528
3577
1532
3580
1533
1535
1536
1540
1543
1548
3596
1550
1552
1554
3609
1563
3611
3612
3624
3625
3626
3629
1582
1587
3638
3639
1594
3643
1599
1602
3650
1603
3655
1612
1614
3666
1619
3668
3670
1624
3672
1627
3676
3680
1636
3684
3692
1648
1653
1656
1657
3707
1660
1662
3711
1664
3712
1665
3719
1672
1674
3728
1680
1683
1688
3738
3747
1700
3750
1704
3752
1707
3758
3761
3763
3765
1723
1725
1729
3777
1730
1731
3786
3787
3788
1741
3791
3792
3793
3798
1753
3811
1770
1775
1777
3826
3832
3836
3841
1795
1797
3847
1799
1802
3851
3854
1810
3859
1812
3860
1816
3865
1817
3868
1821
1823
1826
1828
3877
3882
3890
1843
1844
3894
1851
3900
3901
3908
3910
1865
1867
3919
3920
1873
1874
1875
3924
1883
1886
3934
3939
1900
3951
1909
3958
3962
1914
1915
1925
1926
1927
3979
3980
3983
3984
1941
1943
3999
4000
4003
4004
4005
1960
1961
4009
4017
4018
1981
1984
4034
4035
4036
1991
4045
1999
2000
2004
4052
4053
4058
2011
4060
4062
2017
4066
2019
4067
2020
2022
2023
4071
4073
2033
2036
2037
4086
4088
2041
2043
4091
2044
21
192
257
225
100
324
167
330
203
204
301
77
366
17
51
248
184
153
251
380
92
350
