986
4098
3
4103
2055
2057
4106
4107
2060
12
18
25
2073
2075
4123
28
2077
4127
4131
4133
44
45
4142
46
4144
4145
4147
55
2110
2112
4163
67
2116
2117
71
73
2122
2123
79
2127
4175
4183
89
2138
4192
2144
4199
4200
4202
4208
4213
2166
4214
120
4217
122
2173
125
2176
4227
4228
132
2181
4234
4236
141
143
4239
4241
147
2196
4245
2200
2208
4261
4264
2217
173
4272
178
182
2232
2234
4283
2239
2240
4288
2241
4290
4293
197
2250
4299
207
210
212
4308
215
4315
222
4321
226
2274
4324
4330
2284
4333
2286
2287
4336
2290
2296
249
251
4348
252
256
2306
260
4357
4358
4359
2313
2315
4364
2316
4367
2320
273
276
4378
285
2333
2335
288
2342
4394
4395
2347
4396
303
4399
2352
2355
2360
2361
4411
316
4413
318
4415
320
4417
322
2371
2372
327
328
330
4426
333
2383
4434
4435
342
345
2396
352
2403
2406
360
361
2410
2411
4459
4464
2419
4468
4472
2424
377
4473
2425
2428
4476
4477
4484
4487
4488
2443
2445
4494
4499
2452
4501
406
2457
410
414
2462
2467
420
2471
4519
426
431
433
2482
2483
2484
2486
2488
4536
2490
2491
443
446
449
2501
4551
2507
460
4561
2513
4562
2515
467
4563
2517
471
476
4573
4574
4579
484
4580
4582
488
2536
4585
492
494
2543
2544
499
501
4598
4599
504
4603
4604
2556
512
4609
515
2564
4613
4614
2568
2572
2580
534
2582
2584
4634
540
4637
547
2596
549
4645
551
4649
4650
2604
558
559
2607
4660
567
4666
4669
2622
578
2629
582
583
4679
4681
591
593
4693
599
601
2651
604
605
4701
2654
2655
609
4705
4707
4712
4713
2665
4714
2667
634
4732
2686
4738
2690
2692
4741
4743
649
2698
4747
4748
2700
654
4750
4751
4752
656
2704
2707
661
2712
4764
2716
669
2720
2722
2724
2734
686
687
2737
4785
2740
4789
693
695
2744
2745
4795
700
2750
703
2753
708
710
4806
2758
712
4810
4811
2764
4813
4814
2767
4815
2768
721
4818
2773
725
4827
2780
734
4830
735
2784
2790
745
4841
748
4846
751
753
2801
4849
756
758
2810
4859
4863
2815
768
4865
2818
771
772
2823
4872
4873
777
4874
779
2832
2833
2835
4884
2836
788
790
4886
4887
4888
2841
803
2851
4899
806
807
2857
4913
821
2869
4918
822
825
4921
2873
2874
4926
831
834
2885
4935
840
4937
4949
2901
854
856
4952
2908
861
864
2913
2916
868
4964
4965
4969
874
4970
875
877
2927
2930
4983
2935
4987
891
4988
896
2947
5003
5008
2960
5009
5011
2963
5013
919
2969
5022
928
2978
5026
2979
2980
932
934
938
942
5039
943
5046
953
5053
5056
962
3012
5061
5064
5065
3017
5066
971
3029
5078
3030
3035
5083
5085
5086
5087
994
5093
3046
5094
1003
1005
5103
5104
1009
1010
3060
1013
3070
1024
5121
5123
3075
3080
3084
5133
3090
5139
3091
3093
1047
1050
5148
5150
1055
1057
5153
5155
1065
5162
1067
1068
5165
5166
1073
5169
1074
1075
1079
3128
3134
1086
3139
3144
5192
1097
5193
5194
1101
3153
1111
1112
5211
3165
5214
1118
3167
1121
1125
5227
1131
3179
1132
3181
3182
3187
1139
1140
1141
3189
5238
3190
3192
1144
3193
5242
1148
3199
5251
3204
1160
5256
3208
3210
3212
1167
5264
5270
5274
1179
5277
1182
5278
5281
3234
5283
3240
5289
5291
1195
3244
1200
1201
3252
5303
1209
3258
3260
5309
5311
1217
1218
5314
3267
1224
5323
3275
3279
5332
1239
5337
1241
3292
5340
5341
5342
5343
3295
5344
1248
1251
5354
1260
1265
1268
3322
5372
3325
1278
3326
1279
1281
5377
3330
3331
5385
1292
5389
5391
5392
5393
5394
5400
3356
1310
3360
1314
1315
1317
3365
1318
1320
5417
1321
3370
1324
5421
3374
1326
1327
1329
3377
5426
3380
1332
5429
3384
3388
5436
3389
1342
5438
5442
3394
1347
1348
3397
3398
5447
1352
5449
1353
5450
3405
5453
5454
1360
3408
3410
5458
1364
1365
3414
5465
1370
5466
5467
5468
5469
1374
3422
5471
1377
5477
1383
1384
5483
1393
5493
1397
5494
3446
5496
3451
5500
5505
1411
3461
1415
3466
1424
1426
3480
1434
5531
1436
1437
5534
1440
5536
1441
3490
5538
1446
5542
1449
5546
1451
5552
5555
5557
3510
1463
5560
3516
5566
1471
5569
1475
5574
1478
5576
3530
1482
3532
3533
3537
3539
1496
3548
1500
3549
3553
3556
3562
3566
1519
3569
1522
1523
1524
3573
1528
3577
3580
1533
3581
1535
1537
1540
3590
1543
1544
3593
1556
1560
3610
1562
3611
3613
1565
1571
1580
3629
1582
3633
1587
3637
3639
1594
3645
1597
1600
3650
1609
3658
3659
3660
1614
3663
3666
3670
3676
3677
3681
3682
3685
3692
3693
1648
1650
3702
1656
1657
1662
3716
3717
1670
3719
1671
1672
3721
3726
1678
3727
1680
1682
1684
3738
1692
1697
1699
1701
3750
3752
3753
1707
3757
1715
1718
3769
1731
3784
1738
3787
3792
3793
1748
3800
1753
1760
3810
1766
1775
3826
3827
1781
3832
1786
3841
1795
1797
3847
3849
1803
3854
1810
1812
1816
3865
1817
1818
1820
1823
1828
3877
1830
3878
3879
3882
1834
1837
3886
3889
3891
1844
3895
1851
1853
3902
3911
3914
3917
1870
1873
3935
3938
3951
3958
1915
3965
1920
1921
1925
1928
3978
1931
3980
1933
3981
3984
1936
3985
1941
1950
1953
4003
4004
4009
1961
1966
4016
4020
4025
1978
1981
4032
4033
4034
1990
4042
1994
1998
4046
4047
1999
4048
4052
2004
4056
4058
4060
4062
2018
4067
2022
4071
4072
2025
4074
2031
2033
2035
2037
4086
2039
4088
4090
2043
2044
2046
23
224
161
130
99
291
131
230
359
392
203
331
107
139
44
80
86
88
153
26
92
94
126
159
