940
2
2051
2052
4106
4107
15
2063
2065
23
24
4126
2078
2079
31
2081
4129
4131
35
4132
2085
4133
38
2090
47
2095
4145
55
56
4154
60
61
4157
2112
2115
67
4173
78
4177
4178
2131
90
91
2139
2140
2143
2147
2148
107
109
2158
2160
113
4209
2164
2171
4220
124
2172
129
4225
2178
131
2181
134
4236
2191
2192
4240
147
4246
4248
153
154
4251
2206
4255
2211
165
2214
166
168
173
4272
178
4274
183
184
2239
4290
195
197
4296
2251
4301
213
4309
2265
2268
223
4320
4321
227
4324
228
2279
2282
234
4332
2286
2288
4337
242
4338
2290
243
244
2296
248
249
2300
2303
259
4356
4358
2310
262
2313
265
4363
2318
2321
275
4378
283
4380
4388
296
2348
4396
303
2352
2355
309
2358
2359
4408
2361
316
2366
4415
2367
4417
2370
327
4428
333
2382
4432
336
2384
2385
2386
4434
4438
4439
344
2393
2394
346
4443
2397
2401
353
4453
2410
2411
4460
364
2415
372
4469
2422
374
4472
377
379
2428
382
4478
383
2432
385
4483
2436
389
392
4489
2443
2444
2445
4494
4495
2448
4499
411
4508
420
2468
422
424
2474
426
430
2484
4533
2488
446
4544
448
2496
452
2501
456
457
4553
4554
458
463
4560
465
4563
4564
468
4567
2524
476
4573
4574
479
484
486
493
494
2543
496
2549
504
4600
506
4603
2560
4614
4615
519
2568
522
2572
526
4623
2579
532
4628
537
4638
4639
2592
2593
4641
2595
4643
549
4649
4650
554
4651
2605
557
2606
2608
2610
4660
570
572
2621
4673
578
2627
580
4676
2629
2633
587
4683
593
594
4692
4694
2646
4695
600
2649
4699
2654
608
2657
2665
4717
4719
2672
624
627
2676
4728
632
4732
2685
638
643
2692
4747
4752
2704
4753
2712
665
2714
2715
667
2716
4765
4766
4767
676
4773
2726
679
2734
4783
692
694
695
2751
2754
4803
707
708
2757
710
4807
2762
2763
4814
719
4815
720
4816
2768
4821
2776
2778
4830
2784
2786
741
746
4844
749
4846
2798
753
4849
4851
758
4854
4855
762
4859
2812
4862
4863
4866
2821
4872
777
778
4875
780
782
2834
786
4883
791
4890
2842
797
2845
798
801
803
2855
2856
2859
4910
2863
2864
4913
819
821
4918
826
2881
837
4934
840
4943
851
2901
4949
2902
856
859
861
864
2916
4969
874
4970
2927
882
4982
4983
889
4987
2942
895
2944
2950
2952
5000
2953
906
5003
2955
908
917
5014
5016
921
5022
927
931
2980
932
5030
934
5031
5032
2984
5035
2987
942
2992
5044
953
3003
959
5056
960
3011
963
3013
965
5063
3018
3024
3026
982
5078
5084
3037
5085
5087
992
3042
996
3044
5093
5094
3047
3048
5096
1004
3054
3057
1010
3060
5111
1015
3064
3065
5115
1019
3072
5124
5125
1030
1031
1033
5130
3093
5141
1045
5144
5147
3100
5153
1057
1060
3111
1065
1069
5165
1070
1071
3120
1073
5174
1078
1079
1085
1086
1089
3139
3140
5188
1096
3148
5197
1104
1106
3155
5207
1111
5210
5214
1118
5215
5220
1124
1127
5225
1131
5227
1132
3181
5239
1144
5240
5242
1146
5243
3198
5248
3204
1160
5259
1170
5266
3219
3222
1174
3225
1177
3228
3229
1182
5279
3233
5282
3235
3239
5291
5294
5295
1201
3252
5301
3259
1212
5309
3264
1217
3267
3269
3270
5319
3272
3274
5323
1231
5328
3280
3281
1235
3284
5334
1238
1241
5338
3291
3292
5343
3295
5346
1251
3300
3301
1256
3305
1260
5357
3310
1263
1266
1268
5367
1273
5370
5372
3326
1279
1281
3330
3331
3339
1292
5391
3343
1298
3346
5397
3350
5398
1303
5400
5401
1308
3358
1310
1311
1314
1317
1318
1320
3370
5421
1325
1326
5422
3375
3376
3377
1332
5436
3388
5441
3394
3397
3399
5447
3400
3403
5454
1361
3410
1362
3414
5464
5469
1377
1378
1379
5478
1382
1383
3432
1385
5484
5487
5488
3443
3444
5493
1398
5496
5499
5502
5505
1413
3461
3466
1418
3469
3471
3473
5525
1431
3480
3481
1434
3482
1436
5532
5536
1441
5540
1445
1452
1453
1458
5555
1461
3510
1462
5563
1467
1469
5566
1473
3523
5574
3528
5576
5578
3530
3532
3539
1491
3541
1497
1498
3548
1500
1501
1503
3553
1507
1510
3559
3561
1513
3562
3563
1515
1519
3569
1524
1528
3577
1530
3580
1533
3582
1540
1550
1552
1558
1560
1562
3613
1566
1569
3621
1574
3627
1582
3633
1594
3644
3646
1602
3651
1604
3653
1607
1612
1614
3666
1619
1620
3672
3679
3682
1634
1637
3692
3696
1649
3697
3698
1657
3710
1662
3711
3719
3722
1676
1677
1678
1680
3730
3732
1684
3733
1687
3738
1691
1699
1700
3750
3751
1703
3762
3763
1720
1723
1728
3777
3783
1735
3785
1742
3792
1744
3793
3795
1757
1762
3814
1766
3816
3818
1770
1771
1775
1779
1781
3831
3834
3836
3837
3848
1803
1805
3855
1810
1815
1816
3865
1819
1823
3875
3877
1834
1838
1840
3890
3891
1844
1847
3897
1849
3901
3902
3903
3907
1861
3913
3917
1872
1873
3923
3927
1886
3950
1904
1907
3957
1909
3958
1915
3970
3981
3984
1938
1939
1943
3992
1948
1951
1954
1955
1956
4004
4009
1961
1963
1973
4024
4029
1982
4031
1984
1988
1989
1992
4041
1999
2002
4051
2003
2004
4052
2014
4062
4063
4066
4067
2023
2031
4080
2033
4081
4084
2036
2037
4086
2039
4087
2043
21
323
229
395
75
300
204
175
274
307
308
118
343
23
120
216
57
122
218
379
92
29
