933
4096
4098
4103
2057
2058
4107
4110
4113
2065
2069
2071
23
25
2075
28
4126
4130
4131
4133
2087
2090
2091
4142
48
4145
55
2103
56
63
2112
2113
2117
2118
71
72
2122
4177
2131
4181
89
90
2140
2142
95
4192
97
98
2147
4197
2149
102
110
4208
115
122
2171
2172
2173
4223
128
4225
2183
136
137
2187
4236
142
2192
147
2197
2204
2206
2214
166
168
4264
2217
4265
2220
173
4272
178
4275
2230
2232
2234
2239
2241
4290
197
4296
204
4308
217
4316
2268
222
223
2272
4320
4324
228
2277
2284
2286
2290
242
4338
246
4342
2296
249
2297
2302
2306
260
4357
4358
4359
2313
270
2318
273
4370
2322
4376
4378
289
290
4392
4394
2347
4396
4397
4398
303
2351
2352
2360
2361
313
316
4412
317
4415
4416
322
2372
4422
327
4424
4425
2379
333
4431
4432
4433
337
2386
4434
4435
341
2394
2397
352
354
360
2410
2411
4460
364
2414
367
4468
2422
2428
2429
385
4486
2440
2443
2445
4494
398
4496
2452
4501
405
408
409
410
4510
414
420
422
433
2483
2485
2487
2488
2492
446
4544
4545
452
2501
2504
2505
2508
465
4562
469
4567
471
476
4573
2526
479
2528
2530
484
4580
2536
4585
4586
4590
494
4595
499
4596
4598
504
506
4603
4609
2564
4613
2567
4617
536
543
549
4645
4648
4649
4650
2606
2607
4659
4660
567
2616
570
2619
4669
574
4672
578
4681
589
592
593
4689
2641
2643
2652
604
609
2657
2659
4707
4708
2661
4713
619
2667
4720
4723
2676
2677
2678
4727
634
2683
4732
636
2686
2689
4739
643
2692
645
647
649
4747
652
653
2704
4753
2707
662
667
4765
2717
2726
679
4778
2731
2732
2734
4783
4785
2737
2741
4789
2742
695
2743
2744
2745
699
2750
2754
2755
4804
708
2757
710
4806
2759
2764
2767
2768
725
4821
2773
732
735
2788
2790
4838
745
4843
753
4851
758
4856
762
2810
4859
2812
2817
772
2822
4872
4875
780
4878
784
2833
786
4884
794
2842
2845
2847
803
2851
2852
4902
2857
810
4906
2863
4911
4913
2867
819
821
825
828
2877
4930
4931
837
4936
4937
2890
844
845
2896
4946
2901
2903
856
4954
2910
4961
2916
4965
870
4970
879
2932
2933
4982
4983
889
2937
4987
4993
4995
5000
5003
907
2962
919
921
2969
5022
2978
2980
933
934
936
941
942
5039
2994
5044
2999
953
3010
962
963
3012
3015
5063
5065
971
3021
5072
981
3029
3030
5078
3034
5085
990
5087
994
995
3043
996
3044
5093
997
3046
3048
1001
1004
3054
5103
1010
3060
1013
5111
5115
1019
5118
1023
5125
1029
1031
1032
3084
5139
1043
3091
3103
1055
1056
5153
1057
5154
3107
5155
3110
3115
1069
5165
1073
1074
3122
5171
5172
3125
5175
3130
5180
1085
1086
3134
1088
1089
3137
3139
1093
1094
1096
3144
1098
5204
3158
1111
5207
3159
3160
5210
1118
5214
1120
5217
5219
1125
5222
5223
1129
3177
5226
1131
5227
3179
3180
3181
3187
5238
3193
3199
3200
5248
5250
3204
5259
1167
3217
3219
5267
1174
5271
1177
1180
3229
1182
5279
3234
3239
3240
1195
5291
3244
3245
1197
1200
1201
3251
3252
3254
5303
1208
3259
3260
5309
5311
5313
1217
3267
1221
5318
1224
5323
1235
5334
1239
3287
1241
3289
3292
3293
1251
3300
3302
1256
1260
1263
3316
1268
5365
1275
5372
3325
3326
3327
1279
1281
5377
3330
3331
1284
5381
5382
3338
3339
1292
5389
1293
3342
5391
1295
5392
3346
1299
5395
3350
5400
5401
1308
3359
1315
3364
1317
1318
5417
3370
3372
5421
1326
3374
3376
3377
3380
5428
1332
1333
5429
3384
3386
5436
3388
3389
1341
5438
5440
3394
3397
1351
3400
1352
3401
5449
1355
3405
5457
3410
5461
1365
3414
1370
3419
5468
5469
1377
1382
1383
1384
3434
5483
5484
3436
1389
5485
5490
1395
1398
3448
5496
3451
3461
1415
5513
3469
1424
3477
3480
1433
1434
3482
1436
1441
3490
5543
1452
5550
5553
5555
5556
3510
5560
5561
3514
5569
1475
5574
3526
1478
5576
3530
3531
3532
3533
1486
3537
3539
1491
3545
1500
3548
3553
3558
1513
3561
3562
1519
3569
3571
3572
1524
1527
1528
1530
3580
1532
3581
1533
3583
3587
3590
1544
3593
3595
1550
3599
1552
1560
1564
3613
1569
1571
1575
3626
3627
1581
3629
1582
3631
3633
1587
1588
1594
3644
3648
1602
1611
3659
1614
3663
3666
1619
3668
3672
3674
3676
1631
3680
1635
3684
1636
1637
1641
3692
3693
1648
3698
3707
1660
3709
1662
1663
1664
3717
3719
1671
3726
3727
1683
3738
1691
1692
1693
3745
1699
1700
1701
3750
3751
3752
3757
3759
1712
3763
1718
1724
1726
3777
1731
1738
1741
3791
3792
3793
3798
1753
3810
1766
1769
3819
1775
3826
1787
3838
1792
3841
3845
3847
1803
3861
3862
1816
3865
1823
3871
3873
3877
1829
1830
3890
3891
1844
3893
3908
1864
1867
3917
3920
1873
1884
3939
1892
3944
1903
3954
1909
3958
1912
3962
1914
3963
1915
1917
3965
3969
3973
1927
3978
1934
3984
3992
3993
4004
1959
4007
1960
4009
1966
4016
4020
1973
4029
1981
1983
1986
4034
4036
1990
1994
4045
4046
1998
1999
4051
2004
4052
4053
4055
4056
4062
4063
4066
2018
4067
2020
2022
4073
2025
2028
4076
2029
2030
2036
2037
4087
2044
2046
18
323
291
261
102
230
170
76
79
114
306
371
180
85
26
251
92
350
255
