1311
2
4099
3
2052
2053
4101
8
2057
2058
4106
4108
12
14
15
4112
2066
2067
2070
4118
2071
24
25
4122
2075
27
4126
31
32
2081
4130
2083
4131
4133
2086
39
40
44
45
4141
4142
2095
4145
2100
55
2103
4151
4154
4158
2110
62
66
67
4166
4167
72
2122
74
4175
83
4183
4185
89
4186
4189
93
94
95
2143
96
4193
4195
2149
4197
102
4201
2153
4202
107
4203
4204
2156
2158
4211
2166
2167
123
124
2172
4220
126
128
4225
4227
135
2185
4234
2187
4236
4238
142
2192
145
2194
147
2200
4248
4249
2203
157
2206
159
4258
2211
166
2214
168
2217
2218
172
2220
2221
4270
2223
175
178
179
4275
4276
182
2231
4280
2234
4282
4284
2239
193
4291
195
2244
197
4296
201
4298
204
2252
2254
209
213
2261
216
220
2268
2269
2271
223
4319
4320
4321
226
229
2278
232
2282
2284
2286
4336
241
2290
4340
2292
245
4342
246
2296
249
4346
2302
4353
2305
4354
2306
259
4358
2313
2314
267
270
4366
271
273
2322
4370
274
277
2326
282
2334
2335
288
289
2342
4392
4394
4396
2348
4397
2350
303
4400
2352
2354
2355
4404
309
4408
2361
4409
4410
316
4413
2366
4415
319
320
321
4417
4420
4422
326
327
4425
4432
4433
2386
4434
341
342
4440
2395
2397
2398
352
2401
2402
2403
356
357
4453
2410
2411
2413
4462
2414
367
368
4465
4466
2419
374
375
2424
377
378
2427
2428
380
2429
381
382
2432
4480
2433
387
2435
4484
388
2436
4486
2439
2443
397
4494
398
4496
2449
4498
2452
2453
407
408
4507
413
4509
2461
4512
2464
2465
420
2468
2469
4519
426
2474
2478
434
2484
4533
437
2485
2488
2493
446
2494
2496
4544
2499
4549
2502
4550
456
2505
457
2506
4554
4556
2509
2511
2512
465
4561
466
4562
2515
2517
4567
2520
4568
476
4574
479
2528
4576
2529
482
484
2532
489
2537
4588
2543
496
4596
4597
4598
504
2552
2556
4604
509
4605
511
512
2561
4609
4610
4615
4616
2568
521
2569
4622
4623
530
2579
4629
2583
2584
2587
2588
4636
541
4637
543
2592
4641
2594
4643
2596
549
2597
4646
4648
4649
4650
4651
2606
559
562
4660
4662
4663
569
570
4668
572
4669
2621
4672
2626
4675
580
2628
4678
582
4679
4680
2633
587
590
2641
593
4691
2643
4693
4695
2647
4699
603
2652
605
607
608
4704
609
2657
2659
2661
4714
4715
4716
2669
4719
623
2673
2674
627
4723
2676
4724
2677
2679
632
2681
634
635
4732
2685
2686
2690
2692
645
646
2698
653
654
4750
4751
4753
659
4756
660
2708
663
4760
666
2714
667
668
4767
673
674
2723
2724
4777
2734
4784
4786
4788
2741
2742
695
2745
4793
699
702
4801
2755
707
4803
710
714
2762
4811
719
2767
4815
2768
2769
2772
725
4822
730
4828
4830
735
736
741
2790
4838
4839
744
2792
745
4843
2799
753
2801
4849
2802
2805
4856
760
2808
761
762
4859
765
766
4862
4863
771
772
2820
4869
2821
774
4872
777
4874
4875
2829
4880
784
785
786
4883
4885
2838
2843
2845
4893
798
2848
800
801
2850
803
804
2853
2856
2858
4909
2863
4911
4913
4914
819
821
4918
824
825
827
2875
2877
2880
4928
2881
833
2883
4931
4935
840
843
2892
845
2894
2895
4949
854
2903
856
4954
4956
861
2910
864
2914
2915
4965
4967
4969
874
4970
875
2927
2928
4982
2937
890
2938
4987
4992
2947
4996
901
5000
2953
2954
2956
913
914
918
5014
5017
2970
5019
924
5020
5022
2974
2975
2980
933
934
5031
2984
5032
938
5035
2988
2989
942
5038
5039
5042
947
5044
948
2999
952
953
955
957
3005
959
3008
5056
5057
963
5059
5061
5067
3020
3023
975
980
981
3030
5078
984
5080
3034
3037
5087
3039
992
5089
3043
3044
5093
3045
5094
998
999
1000
1004
3054
3055
1008
1009
1010
3060
1017
5115
5118
1023
1024
1031
3080
1033
3082
1036
3085
5136
3091
5139
3092
3093
5141
1047
5145
3100
1054
1055
1056
3104
5153
5154
1059
3107
1060
5157
5158
3111
1065
5164
5165
1069
1070
1071
5167
1074
1079
3130
1083
1085
3133
5182
1086
3135
1088
1089
1090
3139
1094
3143
1097
1098
5197
3150
1103
1104
5205
5206
1111
5207
3160
5214
1119
5216
5219
1124
5221
1125
3177
5227
1131
1132
3181
3182
5231
5234
5235
1139
3188
1140
5237
1141
3190
1143
3192
5242
1147
3196
1148
3198
3199
1153
5250
5251
5252
3204
3205
5253
1160
5257
3210
1162
5259
1166
5264
1168
3217
5266
3219
3220
1174
5270
5271
1177
3226
1180
3229
1181
1182
1183
5280
3234
1186
5283
3238
5286
5287
1192
3241
5291
3244
1197
5294
1199
1200
5297
3251
5299
5303
3256
3259
5307
1212
3261
5309
5310
5312
1217
1221
5318
3271
1224
5320
3272
3274
1226
5323
3277
1232
1235
1236
5334
5335
1241
5337
3292
5342
3295
1251
5347
3300
1258
3307
1260
5358
5360
1268
5364
5365
3320
5370
5372
3327
1281
5377
3331
1284
1285
1292
3340
3342
5391
1298
5395
3348
5397
5398
3351
5401
5403
3355
1308
1310
3358
5406
1314
5410
1315
5411
3364
5412
5413
1317
1318
3366
1319
5415
3368
1320
3369
3372
5421
3374
1327
3375
5425
3377
1331
1332
1333
1334
3383
3388
5436
3391
5439
5440
5441
3394
3396
5444
3397
3398
1350
5446
5447
3400
5448
3402
1355
3403
5452
3406
5454
5456
3410
1362
1364
3414
3415
5466
3418
1371
3419
5469
3422
1375
3424
1377
5474
3428
1382
1383
1387
1389
1391
1392
3443
5491
1396
5493
5494
5495
5496
5498
5499
3452
3458
5508
5509
5513
5515
5516
3468
1421
5519
3471
1424
3472
5521
5523
1429
3477
1431
1433
3481
1434
3483
1437
5535
3490
3491
5540
3493
1446
5542
5543
5544
3498
1452
5551
3506
5555
3509
1461
1462
1463
5560
5561
3513
5562
5563
1468
1469
5566
3521
3523
5572
1477
3526
1480
1481
5578
1483
3532
3535
1488
1492
1493
3547
3548
1503
1505
3553
3554
1509
3558
1510
1511
3563
1516
1519
3571
1524
3572
1527
3577
1530
3579
1532
1533
1535
1536
3585
1537
1540
3589
1543
3593
3594
1547
3595
1548
3597
1550
1551
3599
1554
3606
3609
3612
3613
1565
3614
1569
1570
1573
3622
3624
3626
3627
3628
3629
3631
3633
3637
3638
3639
1594
3643
3645
1601
1609
1611
1613
1614
3664
3666
1619
1620
3668
3672
3677
3680
3683
1636
3690
1647
1648
1649
1656
1657
3705
3707
1660
3709
1661
1663
1664
3714
3716
3719
1671
3722
1674
1676
1680
3728
3730
1683
3737
1689
3738
1691
3742
3743
1698
1699
1700
3749
1701
1703
3752
3755
1707
3758
3760
1712
3763
3765
1717
1718
1719
1720
1722
1723
1725
3777
3778
1732
1734
3786
3791
3792
1749
3798
1763
3814
1770
1771
3820
1775
3826
1781
3832
1789
3837
3838
3843
3845
1809
3858
1810
3862
3865
1818
3868
1823
3873
3877
1832
1834
1840
3890
1844
3894
1847
1851
3901
3902
1857
1858
3908
3913
1865
3914
1867
1869
1870
3919
1871
1873
3927
1879
3930
3931
1884
1886
1892
3941
1895
1896
1902
3951
1904
3953
1907
3959
3960
1913
3965
3973
1927
3982
3983
3984
3987
3997
3999
1953
4004
1960
1961
1963
4016
1969
4017
4020
1975
1979
1980
1981
1982
4034
4035
4036
1988
1990
4047
4052
4053
2007
4058
2013
2014
4063
2017
2020
2021
2022
4073
4076
2028
2029
2033
4083
2036
4084
2037
4086
2039
2043
4091
4092
2045
30
132
324
68
390
327
136
13
77
16
273
19
276
277
24
88
282
412
28
29
100
106
300
174
180
183
247
121
123
251
380
