1074
3
4
4100
4101
2057
4107
2059
4108
2060
12
2061
4111
2064
4113
2066
18
4116
2075
2077
2078
4126
31
2083
4131
4132
2085
4133
39
40
4142
2097
4145
4146
55
4153
63
2112
66
67
2121
2123
4172
4174
2129
82
4181
89
4186
4188
95
97
99
2149
4197
4202
4203
2157
2158
4207
112
115
2164
2165
118
4214
122
124
4220
4223
128
4225
131
2183
2184
136
4234
2188
4236
4237
142
2192
2193
2194
147
148
4245
4248
154
2204
157
4255
159
4257
163
166
2214
168
173
4270
175
4272
178
181
182
2232
188
4284
2239
2242
4290
4291
2244
197
201
4298
2252
4301
210
2258
217
220
4320
4321
226
2274
229
2282
4330
2284
2286
2289
2290
242
243
246
2296
4344
248
4348
4350
2302
255
2306
4358
2312
2313
4364
270
273
2322
277
2334
2335
290
2339
4388
293
2342
4394
2347
4396
303
4399
2351
2352
305
2355
307
2357
313
2361
4411
316
4413
317
2366
4414
4415
2367
4417
4418
2372
327
328
4425
4426
4428
333
4430
4432
4433
2385
2386
4434
2397
352
353
2403
2409
361
2410
2411
4461
4462
4466
2419
371
4469
2422
2424
2428
4483
2436
4486
4489
2443
2445
398
4496
2449
2452
4501
407
2457
4506
410
4508
414
2465
420
423
426
4526
433
2485
437
438
2488
2491
2492
4544
4548
4551
456
457
2505
4554
2508
4561
465
2514
4562
4563
467
2518
2520
4568
2523
476
479
4576
2528
4579
2532
484
4586
4587
494
2542
2543
496
499
4596
2549
504
506
4603
2557
511
512
513
4615
4616
2568
2569
522
4620
4622
532
536
4632
538
4636
540
4637
543
2592
4641
549
4645
4648
552
553
4649
4650
556
4652
4660
4663
571
2621
4669
4672
2624
2628
4677
585
2633
4681
4685
589
591
2641
593
2642
4690
4691
2643
4692
4693
2646
603
606
608
4705
4706
611
615
617
2667
623
4723
2676
2677
630
4728
4732
2689
4738
4739
2692
2693
646
647
649
4747
653
4750
2704
4753
659
2714
666
668
674
2723
2724
683
2732
2734
4783
2738
692
2741
4789
2742
695
2743
2745
699
702
4801
2755
4803
708
2757
710
2758
2760
2761
2762
2763
716
4815
720
2768
4818
724
725
2776
729
730
4826
2780
732
4830
2789
742
4838
745
4843
749
2799
4848
753
756
758
2809
762
766
767
768
2820
772
4872
4873
777
4879
784
786
4884
789
2842
2845
4893
799
801
2851
803
2852
804
4904
4906
810
4910
2863
2867
4917
4918
824
825
2874
4923
4928
2883
837
840
4936
4937
2891
843
845
2894
4947
852
4949
2901
2903
856
2905
4953
4954
2906
4956
861
4957
2910
864
2914
2916
4965
4966
4967
4969
874
4970
875
2927
879
881
883
4980
4982
4983
2935
4987
2939
2941
5000
904
2953
907
914
5016
5017
2971
5019
5022
2977
931
2980
933
5029
934
5031
5035
2988
5037
2989
941
942
5039
943
948
2998
5046
2999
953
5050
958
5054
960
3012
971
3021
3023
976
3029
5078
3033
3034
5085
5087
3043
995
5093
3045
5094
3048
1001
3053
5103
3056
5105
3057
1009
1010
3060
1012
3061
1013
1014
1020
5120
3074
5127
3080
3083
1036
1041
5137
5138
3091
3092
3093
1045
5147
3100
3101
1055
1056
1057
5153
3107
3108
1060
5158
1065
1068
3116
1069
5165
1071
1073
1074
3125
3129
5177
5180
1085
1086
1088
1089
5187
3139
1096
1098
5195
3147
1099
3148
3158
5207
1111
3160
1112
3161
1115
1116
5214
1118
5215
1119
5216
5219
3174
5222
3175
5227
3181
3182
3183
5232
1137
3185
1139
5235
5239
5241
5243
3199
1152
5250
3204
1161
3210
5262
3216
1168
3217
3219
5267
3224
3229
5277
1182
1185
3234
1190
3238
5286
5287
1192
3241
3244
1200
1201
5298
3252
1206
5303
1208
5307
1211
3260
5311
3267
3270
1222
1224
1225
5323
3278
5329
1235
3284
5334
1241
3292
3295
5343
3297
5346
1251
1255
1260
3311
3312
1265
1266
5364
1268
3322
5372
3325
3326
3327
1281
5377
3330
3331
5380
1284
5382
3338
3339
1292
5389
1293
5391
1295
1297
1299
5398
3350
1303
5400
1308
3358
1310
3360
1315
1317
1318
1320
3370
3372
5422
1326
3374
1327
5425
1329
5427
1332
3380
5429
5436
3389
1341
5438
5439
3392
5440
5441
5442
5443
3397
5447
3400
5449
3402
1355
1359
5456
1362
3411
3414
1370
3420
5469
1375
1377
3425
1379
1381
1382
1383
1389
5488
3443
5493
1398
5496
1403
5499
3460
5509
3461
5510
3471
5519
1424
1426
3475
3476
3477
5529
1433
1434
1438
1441
5540
1446
1448
3497
1452
5553
1459
3507
5555
1460
5556
3509
1461
3510
5560
5561
3513
1469
1471
5569
3523
3526
5574
5576
3530
1486
3537
3539
1492
1493
1500
3549
3551
1505
3562
3563
1516
1519
3569
1521
3571
1523
3572
1525
1528
3577
1531
1532
3580
1533
3583
1535
3584
3585
1540
3590
1543
3593
3595
3597
1550
3599
1552
3612
1566
1569
3624
3626
1580
1582
3632
3633
3635
3636
3638
3642
1594
3643
1596
1597
1598
3653
1614
3664
3665
3666
3668
1620
3672
3677
3680
3684
3686
3687
3690
3692
1647
1649
3701
1656
1657
3707
1660
1662
3711
1664
3719
1673
3727
1680
3730
1682
1683
3732
1685
1689
3738
1690
1691
3740
3742
1699
1700
1701
3749
3750
1704
3752
1705
3753
1707
3757
3763
3765
3766
1720
3769
1722
1723
1725
3776
3777
1732
3781
1741
1742
3791
3792
3793
3795
1753
3802
3806
3811
3813
1766
3818
3820
1775
1777
1778
3826
3829
1785
3837
3839
3841
1797
3847
1802
1813
3862
1815
1816
3865
1819
1823
3877
3878
3879
3881
1837
1840
3891
1848
3897
3902
1858
3908
3911
3914
3915
1867
3917
1870
1872
3920
1873
1874
1882
3934
3939
3947
3948
1902
1904
1909
3958
3962
1915
3964
3965
1920
3970
1927
3980
3984
3987
3992
3997
1950
1952
1953
1956
4004
4005
4008
4009
1963
1965
4016
4020
4025
1977
1981
1982
4031
4034
4035
4037
1989
1990
1992
1995
1999
2001
4051
2004
4052
2005
4055
4056
4058
4062
4063
2017
4066
4067
2020
2021
2022
4071
4073
2028
4079
2036
2037
4086
2043
2044
2045
4094
26
128
257
66
258
132
76
338
148
86
344
25
412
92
221
350
33
165
297
299
47
175
178
310
121
251
126
