936
2052
4101
4103
4107
12
4108
2066
2069
2072
25
4121
26
2075
28
2080
2081
4131
4133
2085
40
4142
2095
4145
2100
53
55
2103
4154
2107
4158
4159
4160
66
67
71
2122
82
4185
4187
94
95
4193
4194
2147
2149
4197
102
2150
4198
4208
115
4211
4212
2166
4216
124
2172
2173
128
4225
4228
2182
2189
142
4239
2192
4241
146
147
2206
2214
166
4264
2217
170
4267
4268
173
2222
4271
4272
4274
4275
2228
4276
180
182
2234
4282
2239
2240
2241
4290
195
2243
4293
2250
204
2263
2270
2271
2272
4320
4321
226
4331
2284
2286
2287
239
4338
246
2296
248
249
2302
4350
4351
2306
259
2309
4358
2314
267
4364
4368
273
276
2327
4378
2333
2335
4387
4388
2342
4392
297
4394
2347
4396
303
2355
2356
4408
316
2366
4415
4417
322
324
2375
327
4425
333
337
2386
4434
4441
2395
352
2403
4452
4455
2410
363
2411
4459
4460
364
4463
2415
4465
4466
4468
2421
374
2428
2429
4481
4486
390
4487
2441
4493
4494
398
4496
4499
406
407
408
4504
4509
2463
416
418
420
422
4518
426
4527
432
2484
2485
2488
441
2491
446
4542
4550
456
457
4554
465
4562
2515
4567
471
474
2523
476
4574
479
2527
484
4580
4582
2536
494
2543
496
498
4595
499
4596
501
4598
4601
4603
2556
2564
4613
4615
4616
2572
4622
529
4625
2579
532
2588
4637
2591
2592
2596
4647
552
4648
4649
4650
4660
567
569
4668
2621
2622
2624
4672
2626
4676
4679
2633
4681
2636
2638
593
2641
2643
4691
2645
4693
4699
2651
603
604
2652
605
4702
608
2657
609
4707
2661
4714
2667
4716
2669
621
4723
2677
2681
2682
4732
637
2686
2690
4739
2698
4747
4748
2701
4749
2704
4753
660
4757
4758
666
2714
667
4763
4765
674
2723
2724
2729
4778
2734
4782
2737
2741
4789
2742
695
2745
700
2749
702
4800
4801
707
4803
708
2756
710
4810
4811
2767
2768
721
4818
2773
4828
733
4830
735
4835
4838
4842
4843
748
2801
4850
760
763
4859
2812
4862
2820
772
2821
2823
4874
4875
2829
783
786
4883
4884
789
4887
793
2845
4893
801
4899
803
2852
804
2853
2854
2858
4910
819
821
4918
825
4921
827
2875
2876
2878
4928
2883
838
840
4937
2890
4938
845
2899
4949
856
2904
4954
861
2910
866
2915
4963
2916
4964
4965
870
4967
4969
874
4970
2926
2927
880
2930
4982
4983
4987
891
4990
4992
4994
4996
901
5000
2953
907
5003
2962
914
5016
2969
922
2973
5022
5025
2979
2980
932
933
934
5031
2984
936
5034
5035
942
5039
2991
943
2993
2994
2999
5048
953
961
5058
962
5067
5072
5074
5078
982
3030
3034
3035
5085
3038
3039
5087
3040
994
3043
5093
5094
998
5095
3048
1004
5103
5105
3060
1013
1015
3070
1023
1024
5123
3077
3084
3089
1042
3091
3093
1050
3100
5149
3101
3102
1055
1056
1057
3107
5157
3109
1063
1065
3115
5165
1069
1071
1073
5176
1085
1086
5182
3134
1088
5184
3137
1089
5185
3139
5188
1094
5190
5192
1097
1098
3149
1111
3159
3160
1112
1115
5211
5214
5217
5224
1128
1129
5227
1131
1132
3181
1133
3187
5235
1139
5237
3189
5238
1143
1145
5250
3204
5252
1160
5264
3217
3218
5266
5270
5272
3225
1180
1182
5279
3234
1186
3240
5291
1200
5301
1207
5307
3260
5309
3267
3270
1224
3273
3277
5332
1241
3291
3292
3293
3295
3298
1251
3307
1260
1261
5359
1268
5372
3326
1278
1279
1281
3329
5377
3330
1282
3331
1286
3338
1290
1292
5392
1298
5395
3348
5397
5398
5400
1307
1309
3358
1310
1314
1315
5411
1317
3366
1320
5417
3370
3371
3372
5421
5422
1326
1327
3376
1332
3380
5429
5431
3388
5436
1340
5438
5440
3393
5441
3394
3397
5447
1352
3401
1355
5452
5453
3405
5458
1362
3413
3414
3417
3420
5469
1374
1377
5474
5475
1382
1383
1384
1388
1394
1395
5494
5496
3451
3456
5505
3461
1415
3469
3471
1424
5523
5524
1430
1431
5527
1433
1434
1436
1441
5537
5538
3493
1446
5543
3499
1452
5555
1463
5560
5561
3513
5566
5569
5570
3523
1475
5574
1478
5576
3530
3532
3533
1488
3536
3539
1494
3545
1500
3549
1507
1508
3562
1516
1519
3569
3571
3572
1528
3577
1530
3580
1532
1533
3581
3587
1540
1541
3589
1543
1544
3593
3594
3595
1548
1550
3599
3601
1554
1560
3613
1571
1573
1576
3626
1582
3633
1587
1588
3638
3639
1594
1596
3646
3648
1609
1611
1614
3662
3666
1619
3668
1620
3670
3672
1626
3675
3676
3677
3680
3691
3692
3693
1648
1657
3707
1660
1662
1664
3715
3719
1672
1676
1679
1680
3729
3730
1683
3734
3738
1692
1693
1700
1703
3751
1707
3757
3765
1718
3770
1722
1724
3786
3787
3789
3792
3793
3795
3796
3810
3819
1774
1775
3826
3830
1783
3836
3842
3853
3854
1807
3862
1816
1823
3877
1830
3878
1834
1840
1844
3893
3894
1851
3901
3902
3907
3908
3913
1865
1867
1870
1873
1875
3927
1886
3937
1895
1898
3951
1904
3953
1907
3958
1910
1914
1915
3965
1920
3973
1932
3980
1935
3984
3986
3991
3994
1948
3997
4004
4009
1961
1963
1967
4016
4017
4018
4021
4023
4029
4034
4035
1990
4039
1993
1994
1995
1998
1999
2004
4052
4053
2007
4055
4058
2011
4062
2018
2020
2022
2024
4073
2028
2033
4082
2037
2043
2046
18
68
133
102
38
230
199
203
300
396
333
240
113
312
121
251
380
92
348
