948
0
2057
4108
4116
25
2075
27
28
4126
32
33
4130
4131
4132
38
2086
4135
39
41
45
4142
4145
55
2103
67
2115
2117
2121
2122
76
4185
2138
4186
96
4192
102
4200
4203
2155
4204
4206
113
117
2166
2167
4217
122
124
2173
2174
126
129
4228
2180
4231
135
2188
4236
4239
4241
147
4245
4247
2201
4251
2205
157
4261
2214
4262
2217
2218
2220
178
4275
4276
184
2234
4284
2239
2241
193
195
4291
4293
197
2247
201
2250
4298
204
212
4309
4310
2265
222
2272
4320
4321
226
2274
4322
4323
4331
2283
4336
241
2290
4342
2296
252
2301
253
4353
2306
4354
260
4357
4358
2313
2314
4363
4364
2318
270
273
4369
276
4373
4379
2333
2334
288
2342
4394
2347
4397
303
2355
2356
4404
2360
2363
316
2365
2366
319
4417
322
2372
327
4425
330
2379
4431
4432
2384
342
343
4440
344
4443
2396
352
2403
357
2407
360
4457
2410
4458
4459
4460
2414
4462
367
372
2422
4472
376
4474
379
2428
4477
4478
383
4480
2435
2436
4484
388
390
4487
2439
394
2443
398
4494
2449
4499
409
4507
414
2466
420
2470
422
4519
426
2478
430
4528
4529
433
2483
2484
437
4535
4537
2491
2493
446
2495
448
449
457
4554
4556
2509
462
2511
2512
2513
465
4562
471
2520
474
2523
4573
2528
2529
4579
484
4582
2536
4585
490
4588
493
2543
499
501
504
4600
2552
4609
515
4615
520
2568
4616
521
523
2572
530
4628
4629
536
537
4634
4637
4638
4641
4643
4644
4645
2599
4649
4650
554
2604
2605
2608
2609
564
567
2616
568
572
2622
2623
4673
578
580
4678
4680
4681
4683
593
4689
4691
4692
4693
2646
4694
2651
4699
604
605
2654
4704
609
4707
614
2665
4714
2667
2671
2672
627
628
4732
2686
2687
4738
2692
2698
4747
2702
2706
659
2707
4756
661
2710
2712
2714
2715
668
2717
2718
4768
2724
4777
2730
2734
4783
688
2737
4788
694
695
2744
2745
699
700
2752
2755
4803
4810
4811
2764
4815
721
4818
727
4828
2781
734
4830
735
736
2784
741
2790
4840
2792
748
751
4849
764
2813
765
767
4863
771
772
4869
2821
2823
4874
778
2833
785
2834
790
4887
797
798
2848
4896
2851
803
2855
2856
2857
2859
812
2863
2864
821
824
825
4921
2882
2883
4934
841
4937
2891
2892
845
4946
2903
856
859
861
862
4958
864
2914
4965
870
874
4970
875
4974
879
2927
880
2929
4977
2930
4982
4984
4987
891
894
2950
906
5003
5008
5010
5011
5013
917
2965
5017
924
928
2979
932
5031
5032
938
5035
2989
943
2998
2999
3001
3003
957
959
5056
3011
5061
3013
3017
5065
980
981
3029
5078
3035
5087
5089
3042
995
5093
5094
3048
3051
5099
3054
5103
5104
5106
3058
1015
1021
3070
1023
1024
5121
5123
3080
3082
5133
5136
3091
3092
3093
1047
3099
5148
3100
5150
3102
5151
5153
1058
1060
1061
1062
5159
1065
5162
1067
5164
5168
1074
1079
5177
3130
3131
5179
5180
3133
3134
5182
1088
3136
5192
3144
1097
5197
3155
1108
5206
1111
5207
1114
3165
3167
5216
1121
5219
1125
5225
1131
3179
1132
3181
3182
1139
3187
1140
5237
3189
5238
1144
3193
5242
1147
5245
3199
3204
1160
5259
3213
1167
1168
3217
5266
3219
3222
1178
3228
1181
3229
1182
5278
3231
1183
5279
5281
3234
5283
5287
1192
5289
5291
1200
5297
1201
3252
5301
5303
1210
3259
1213
3261
5311
5312
1217
5315
1221
3270
3271
1223
1224
5320
1226
5323
5327
1235
5332
5334
3287
1242
3292
5343
1248
1251
3301
1260
5357
1268
5365
5371
3326
3327
1281
1284
1288
5388
3340
1292
5389
5391
3344
5395
3350
1302
5399
1303
3355
5404
1308
1310
3358
1315
1317
1318
3367
1320
1326
3374
1327
3376
3377
5425
1332
3380
1333
5429
3382
3384
5436
5438
5441
3396
5444
5446
3399
3400
5450
3402
3403
3404
5453
5454
5456
5458
1363
1364
3414
5463
1369
3418
5467
5468
1374
1375
5471
3424
1380
1383
1384
3433
1385
5483
3443
1396
5494
3446
5495
1399
5496
3456
5505
3457
3458
5509
1413
1416
5513
5515
5519
1423
1424
3472
1434
1435
1436
1437
1440
5538
3490
3491
1453
1458
5555
1461
1462
1463
5560
1468
5566
5569
3523
5572
1477
3532
1485
3533
3535
3539
1492
3541
3545
3546
3548
1500
3549
3553
1507
1509
3559
1517
1524
3573
1533
3582
3583
1535
1536
3585
3593
3597
1550
1558
1560
3609
1562
3611
3613
1573
3624
3625
1580
1583
3633
1594
3643
3644
3645
1604
1611
3659
1614
3666
1620
3670
3677
1642
3691
1647
1648
3698
1657
3706
1658
3711
1667
3719
1671
1672
3722
3726
3730
3738
1691
3741
3743
1697
1701
3749
3750
1703
3751
3752
3754
1707
3757
3758
1711
1712
3763
1716
3765
1718
1720
1728
3777
3787
3792
3804
1766
1770
1772
1775
3826
1781
3832
3834
3837
3841
1795
3852
3854
1810
1812
3861
1816
3865
3868
1823
3873
1828
3877
1830
3882
1840
3889
1843
3891
1847
3896
3901
3904
3907
3908
3914
1872
3921
1873
1874
1882
3949
1902
3951
1904
1909
3959
1913
3965
1920
3969
1925
3980
1933
3984
3987
1939
3988
1941
3997
1951
1955
4004
1960
1966
4016
1970
1981
1982
1983
1984
1990
4040
4045
4046
2002
4053
2005
4058
4061
2014
4065
4066
2018
4067
4071
2023
2025
2028
2031
2033
4082
2037
2039
4091
2043
2045
2046
18
96
132
229
134
203
77
303
80
149
54
408
153
409
57
217
26
282
315
