911
4098
2
2051
4106
2058
4107
2065
2070
23
24
25
2075
28
4126
31
2080
2081
4130
4131
36
4132
4133
2085
2090
45
4142
2095
4145
4147
55
56
4154
61
4160
67
72
2121
2123
4174
4175
4177
2131
4181
2138
90
2140
95
2143
2147
2149
4197
4203
107
2156
2157
2158
112
2160
2166
118
2167
4220
2172
124
128
129
2178
131
4228
4236
141
142
4239
2192
4241
2193
4248
154
2203
159
2211
4261
2214
166
168
2217
2222
4272
178
180
181
2239
2241
4296
2250
2251
4301
213
220
2268
221
2270
223
4320
226
4324
2284
242
2290
4338
243
244
2296
249
2302
4350
4351
2306
259
2309
4358
2313
4364
273
274
2322
2326
4378
2333
4383
290
4388
2342
296
4394
2347
4396
301
4397
303
2352
305
2355
307
2361
313
316
2366
4415
4417
322
327
4425
330
4428
4431
4433
2385
4434
2386
341
342
344
2394
2397
2399
353
2401
4453
361
2410
4459
2413
2415
4463
4469
374
2424
4477
382
2432
2433
385
4483
2436
2437
390
4486
2443
2445
4494
398
4496
4499
2452
406
408
410
414
2465
418
420
4519
4520
2474
426
4523
4526
431
2484
2485
4535
2488
2490
2491
443
446
4544
2497
452
4549
456
2505
462
2513
465
4562
2518
471
4567
2520
476
4573
4574
479
484
485
4582
2536
4586
492
496
499
4596
501
2549
4601
506
2556
508
512
515
2564
4614
2572
4620
4623
2579
532
2584
4632
536
4637
2592
2593
4641
2595
549
4647
4648
4649
4650
4651
556
4652
558
559
567
571
572
2621
573
2622
4672
578
579
2633
4681
587
593
2641
594
2643
4692
4695
2651
603
604
605
606
4702
608
2657
4706
4712
2665
4713
4715
2667
621
4719
4723
627
2676
2677
4728
634
4732
637
2692
647
2704
4753
661
2712
667
2716
2717
4767
673
2724
2726
679
4780
2734
4783
687
692
4789
2742
695
700
704
4800
2754
2755
4803
2756
2757
4810
4811
2763
4814
2767
4815
719
720
721
2770
4818
2772
725
4821
728
4826
2781
2784
2790
4838
744
745
746
4843
748
4851
758
2809
2811
4862
772
2820
2823
4872
777
4874
4875
780
786
790
4887
2842
2845
798
800
801
2851
4901
4904
2856
4906
2863
4913
4914
819
821
4918
4921
2874
831
837
4934
840
4937
843
4947
851
2901
4949
2903
856
4954
861
4963
868
4969
874
4970
4971
4974
2927
881
2930
882
889
2937
4987
891
896
5000
2953
5003
2960
2963
5014
921
2971
5022
927
2977
2979
931
2980
932
933
5029
2984
5035
942
943
2992
5044
2999
952
5048
3005
958
5056
960
963
967
5063
975
5074
3029
5078
984
3033
3034
5084
3037
5087
992
3043
3044
996
5093
997
3047
3048
1004
3054
3057
1010
3061
5111
5115
1019
3070
1023
3071
1024
5123
1031
5127
3080
1033
5132
5133
5134
3089
3091
3093
5147
5150
3102
1056
5153
1059
5158
3111
1065
5162
1069
5165
1070
3120
1074
1076
1078
5180
5181
1085
3134
1086
1088
1089
3139
3140
1096
5192
1097
1098
5195
1100
3148
5197
1104
1111
5207
5210
3165
5214
1124
1131
1133
3181
3182
5232
1139
3187
5235
3189
5239
1144
5240
5243
1148
5248
5250
3204
3205
1160
3208
1162
3216
1168
3217
5266
3219
5268
1174
1177
3225
1178
3229
1182
3234
3241
5291
1201
3252
1206
5303
1210
5307
5311
1217
1224
3272
3273
5323
1234
1235
5332
5334
3289
1241
5338
3291
3292
1247
3295
1248
5346
1251
3300
1255
1256
1260
1263
5359
1268
3325
5374
3327
1281
5382
3339
1292
1293
3342
1296
1299
5397
3350
1303
5401
1308
1310
1314
1315
1317
1318
3369
3370
1324
3372
5421
3374
1326
5422
5423
3375
5429
5431
1335
5434
5436
3388
5438
5440
3394
1348
3397
1349
5447
3400
1353
5450
1355
5453
5458
3411
1364
3417
1370
5467
5469
1374
1381
1382
5478
1384
5484
1389
1392
5488
3442
5491
5493
5494
3446
1398
5496
3452
3453
3456
5505
1410
3460
3466
3468
3471
1424
5524
3477
1430
1431
1433
3481
1434
3482
1436
5536
5538
1446
3499
1452
5553
5555
3507
1460
1461
1463
5560
5561
5563
5569
3526
3532
3533
3536
1489
3537
3539
1493
3545
1497
3548
3549
1503
3553
1510
3561
3565
1519
1521
3571
1525
3573
3577
1530
1532
3580
1533
1543
3593
1548
1550
1562
3613
1566
3614
1569
3626
3627
3633
1594
3651
3653
3660
1614
3666
1619
3668
1620
3670
3672
3674
3677
3679
3680
1648
1649
1650
1655
1656
3705
3707
1660
1664
3716
1670
3719
1671
1672
1676
3727
3728
1683
3732
3738
1691
1699
1701
3750
1703
1707
3757
3763
1717
1723
3777
3785
1742
3792
3795
1753
1757
3806
3813
1766
3814
3818
1771
1775
3826
1781
3830
3844
3848
3854
3859
3861
3862
1815
1817
1819
1820
1823
1830
3879
1834
3886
3890
3891
1844
3897
1857
3907
3908
3913
3915
1867
3917
1870
3919
1872
1874
1875
3927
1886
3941
3950
3951
1904
1907
3965
1920
3970
3971
3980
1933
3984
1943
3992
3995
4004
1956
4005
1963
4016
4020
4023
4029
1982
4032
4033
4034
1988
1989
1990
4047
4051
4056
2014
4063
2017
4066
2018
2020
2022
2028
4082
2036
2037
4086
2039
2040
4090
2043
16
323
327
203
107
76
300
142
175
80
240
280
344
122
251
220
29
