946
2051
2052
4
4101
4103
4104
2057
12
2060
4108
25
4123
2075
2077
29
4126
4131
4133
39
40
4137
2092
45
4142
4145
2100
55
58
4154
2115
70
71
2121
74
2122
2124
4177
2130
4184
4185
92
2141
94
4193
4196
102
4199
4202
4203
2158
2160
4208
2165
2166
4214
120
2168
4217
122
4220
2173
4225
2178
4228
4234
4236
2188
141
2189
4239
4241
145
4245
4248
153
4251
2206
164
4262
167
4264
2217
4270
4272
4276
182
184
2234
4282
197
4293
4294
2249
2250
2251
4299
205
2255
212
2268
222
4320
4321
226
2274
2277
4330
235
2285
2290
243
244
2293
2296
249
250
252
4350
2306
4355
4357
4358
2311
2313
4363
4364
270
273
2324
276
277
4378
284
2333
2335
289
2337
4388
2342
295
296
4394
2347
4395
4396
4398
4399
303
2352
2355
2361
4411
4412
316
4413
4415
4417
4420
326
2375
327
328
4425
4426
4430
4431
2384
2385
4434
4435
342
344
2396
2397
352
2403
4451
2410
2411
4459
4460
2415
4465
2419
4468
372
375
2424
2428
4478
383
4484
4485
389
2443
398
4499
404
4501
2457
4509
413
416
4512
2464
420
4519
426
430
433
2482
2484
4536
2488
2491
446
4544
448
451
4547
456
457
4554
465
4561
4562
4563
2515
467
469
4567
4573
4574
482
4579
484
4580
4582
490
493
2543
2545
499
501
4600
4602
512
4609
515
4612
516
4613
4614
4615
2568
520
2572
2577
2582
2584
4634
540
4637
2591
2593
4641
545
2595
2597
4645
4649
4650
2604
2607
561
4660
2612
4662
2614
569
2622
2626
578
2629
2630
4679
4681
4683
591
4688
593
4689
594
4692
4694
4695
4699
2651
605
609
4707
4712
2665
4714
2667
4716
623
2673
627
628
4728
4732
2687
2690
2692
4743
649
651
4747
2702
4751
660
2712
666
2714
2715
675
2734
4783
2737
694
695
4792
2745
700
701
2750
4803
710
2758
4806
4809
2762
4810
4811
4814
2767
4815
721
4818
723
2773
725
2780
734
735
736
2789
4837
4838
746
2796
748
751
2801
753
2802
754
756
758
762
4859
4861
767
768
771
772
2821
2823
4872
777
4873
778
4874
2828
4876
4881
2834
4883
4884
4887
2843
798
2846
4896
802
803
4899
2851
805
2853
2855
2856
808
2858
2859
2861
2863
4913
4918
4921
2875
4926
2883
2885
4934
4935
840
4937
841
843
845
4944
2896
4946
4947
851
4949
2901
856
861
865
2915
4965
872
4969
4970
874
875
2927
2928
2929
882
2930
4982
2935
4987
891
4992
901
2950
5003
5004
5005
911
5011
917
5013
2969
926
928
2979
932
935
5031
5032
938
5035
5039
943
5041
950
5046
2998
2999
5054
959
5056
962
3011
5061
3013
967
5067
971
5074
3027
3029
5077
981
5078
5083
3035
5084
3039
3042
994
3043
5093
5094
999
3047
3051
5103
1009
1010
3060
1013
5112
3066
5114
5115
5118
3070
1024
1025
5121
3073
1029
3080
3084
1042
3091
5139
3093
1050
3100
5148
1055
1056
5153
3110
1065
1067
5165
1071
3120
5168
1074
5173
1078
3132
3134
1086
3139
3140
5192
1097
5197
1103
5202
3155
5204
1111
1112
1114
3163
3165
5215
1119
3167
3169
1121
5217
5219
3174
1128
5227
1132
3181
1134
3182
3189
5239
1144
3199
3204
1160
3210
3212
5261
5262
5263
5264
5265
5270
3223
1177
3225
1178
5277
1182
5278
5279
3231
3234
1186
3240
5289
1196
3244
3245
1200
5297
5301
3254
5303
3257
3259
3260
1215
1217
5314
1221
3270
1224
1226
5323
3276
3277
1235
5332
1241
5338
3291
3292
5340
1247
3295
5343
1251
5347
3301
3307
1260
5357
1265
1266
1268
3322
5372
3324
1279
1281
3329
1284
5382
5388
5389
1298
3348
5396
1302
5398
1303
5400
1306
1308
1310
3358
5410
5411
1315
1317
3366
1319
5415
5417
5421
1326
1327
3376
1329
3377
3378
3380
5429
5435
3388
5438
5441
3394
1348
3397
3399
5447
1352
5449
1355
5452
3404
5453
3405
3410
5458
5459
1363
1364
5461
3414
5463
5469
1374
1376
1377
5474
5478
1384
5483
1392
5494
1398
5495
5496
3448
3450
3451
5501
5505
3461
1413
3465
1424
1426
3478
3480
5528
1434
3482
3483
1436
1437
5536
5538
1446
1449
1453
1458
5555
1461
1462
3510
1463
5566
1471
5569
5571
3523
1475
1478
5578
3530
3532
3539
3545
3548
1500
3549
3551
3553
1507
1519
1523
3572
3577
1533
3582
1535
1540
3590
1543
1544
3594
1550
1553
3602
1558
1559
1562
1563
3611
1571
1580
1587
1594
1596
1597
3651
1604
3661
1614
3666
3668
1620
3670
3676
3679
3685
3691
1643
1644
3693
1648
1649
1653
1656
1657
3715
3719
1672
1680
3730
1682
1684
3738
1691
3739
1692
1693
3746
1699
1700
3750
1703
3751
3752
1707
3757
1712
1716
3765
1718
3769
1728
1732
3785
3787
3791
3792
1753
1756
1757
3810
1764
1766
3815
1775
3826
3827
3828
1781
1784
3832
1789
3837
3841
1795
1797
3847
1803
3854
3859
1812
1816
3865
1818
3870
1823
1828
3877
3878
3879
3882
3886
1839
1840
3889
3890
1843
1844
3896
1851
3899
3901
1856
3907
1859
3911
1864
3914
3917
1870
1873
3921
1874
1881
3933
3934
3950
3951
1905
3959
3961
1920
1925
3980
3981
3984
1939
1941
1943
1947
4001
4004
1960
1961
1963
4016
4017
1982
4035
1994
1998
4048
4050
2004
2007
4058
2011
2014
4063
4066
4067
2022
4071
4074
2029
4082
4083
2037
4086
2039
2043
4092
2047
4095
18
131
68
357
198
230
134
203
143
406
86
57
153
122
28
316
254
286
126
