886
4098
2052
4101
2057
2058
4107
12
4113
2066
4118
2070
2075
27
2077
4126
2078
31
2081
4130
4131
4132
2085
4133
40
45
2095
4145
2100
54
55
2103
4154
4158
63
67
2122
75
4181
89
4185
4188
4189
94
95
97
4193
2149
101
4197
102
115
4217
122
124
2172
128
4225
2183
136
137
2188
142
2192
2194
147
4245
154
4254
2206
159
166
2214
4262
168
2217
4272
178
4276
182
2232
2234
4282
187
2239
195
4293
198
4301
211
212
4308
217
222
4320
4321
226
228
2284
4335
2290
243
246
2296
2297
252
2302
2306
259
4357
4358
4359
4363
2318
273
2322
276
2326
4382
2334
290
293
2342
4392
4394
4396
303
2351
2352
2355
4407
2360
4408
313
2361
316
4412
317
2366
4415
4416
327
4424
4425
4431
4433
2386
2395
2396
352
357
2410
2411
2413
2414
367
2418
4466
4469
2422
374
2428
4480
2432
2433
4483
2435
4486
398
4496
2452
4501
410
4509
414
420
2470
4519
426
433
2484
2485
4533
2488
2491
2492
2493
446
4544
448
4549
4550
456
457
2505
4554
4556
2508
2509
465
4562
2515
4567
473
476
4573
4574
479
2529
4579
484
2536
490
4586
2542
2543
496
499
500
4596
2549
2556
4609
515
2564
4615
520
4622
530
2579
532
536
2584
4634
2588
2592
549
4648
4649
4650
554
2604
559
4659
567
569
4668
572
2621
4669
4672
578
2626
2628
2631
4679
4680
2633
4681
589
2641
593
4689
2643
4693
4699
603
608
609
4707
4708
4714
4715
2667
4716
4720
4723
2676
629
2677
2681
4732
636
2685
2686
2687
2689
2690
4739
647
4745
4747
2702
2707
4756
660
662
2714
666
2717
673
674
2723
2724
4777
2732
2734
4783
4785
2737
4789
2742
695
2743
2744
699
2750
702
4801
2755
4803
2757
2758
2763
2765
4814
2767
4815
2768
4818
725
732
734
735
736
4838
2790
2792
744
745
4843
751
753
2801
758
760
2810
765
4862
4863
767
2820
772
2821
4870
2829
2833
786
4883
2842
794
2845
2848
801
803
804
2853
4906
810
2858
2863
4913
4914
2867
821
825
827
2875
4928
840
4936
4937
841
845
4946
4949
856
2904
4954
4955
861
2910
2915
4965
4967
4969
4970
2927
2929
4980
4982
4987
4992
4996
901
903
5000
2953
907
2960
914
5011
5013
5019
5022
927
2975
928
2978
931
2980
933
5031
2984
938
5035
941
942
5039
2998
950
2999
952
953
3005
959
960
3012
5061
5065
971
3021
975
980
3029
5078
984
3034
3035
5087
3043
998
5094
3048
1001
3051
3054
5103
3057
1010
3060
1023
5121
1031
3080
1032
5136
3091
5139
3093
5147
3100
5148
1056
5153
3107
5155
1059
5157
3112
1065
5165
1069
1071
1074
3122
5171
5172
1079
3130
5180
1085
3133
5182
1088
1089
3139
5188
1094
3142
1096
1098
3148
3151
5206
3158
1111
3160
1114
3165
1118
3167
5216
1120
1121
5219
5222
1128
5227
3179
3181
3182
1136
5233
5235
1139
5237
1143
5239
1147
3199
5248
5250
5252
3204
3205
1160
1162
5264
1168
3217
5266
3219
5267
5270
1178
3229
1182
5278
3231
1183
3234
1186
1195
5291
3244
1201
5297
3252
5303
1208
5307
1212
1224
5320
1235
1239
1241
3292
5342
3295
5346
1251
3300
3307
1260
3312
3313
1268
1270
5372
3325
3327
1281
5377
3329
1284
5382
3338
3339
5388
3340
1292
1293
3342
5391
1295
1298
1299
3348
5397
3350
5398
3355
5405
3358
1310
1314
1315
5411
1318
1319
1320
3369
3370
3372
3374
1326
5422
1327
1332
3380
5428
1333
5436
3388
3389
1341
5438
5440
5441
3394
3396
3397
5447
3400
1355
3404
5452
1362
3410
1363
1364
1365
5463
1370
3418
5469
3424
1377
5474
1382
1383
5483
1389
5488
1396
5493
5494
1398
5495
5496
3452
5515
3468
3471
1424
3472
1426
5523
3477
1431
1433
1434
1436
1437
3493
5542
1452
5550
5553
5555
5556
3510
1463
5560
5561
1468
5566
5569
3523
5572
3526
3532
3533
1486
3537
3539
3545
1500
3561
1514
1517
1519
3571
1524
3577
1530
1532
1533
3581
1536
1540
1543
3594
3595
1548
1550
3599
1554
3609
3611
3614
3624
3626
3633
1587
3638
3639
1594
3643
3644
1599
3653
3659
1614
3663
3664
3666
1619
3668
1620
3669
3672
3677
1631
3680
3684
1636
1637
3691
1653
3705
3707
1660
1664
3719
1676
3727
3730
1683
3732
3738
3745
1699
1700
1701
1703
1707
3757
3758
3763
1716
1717
1723
1726
3777
1731
1738
3787
3788
1741
3792
3795
1753
3818
1770
3819
1775
3826
3832
1787
3841
1795
1803
1810
3859
1812
3860
3861
1815
1816
1819
3868
1823
1828
3877
3882
1834
1840
3889
1843
3891
1844
3894
1851
1857
3907
3908
1865
3913
1867
1870
3919
3920
1872
1873
3921
1874
3927
1886
3939
3941
1904
1907
1909
3959
3962
1914
3965
1920
3970
1925
1927
3984
1941
3992
1956
1961
1963
4016
4017
4020
4029
1983
1984
4034
1986
4035
1989
1990
4045
4051
4053
4055
2007
4056
4058
2011
4060
4063
2017
4066
2019
4067
2020
2022
4071
2028
2033
2036
2037
4086
4088
2043
4091
2044
16
291
68
134
327
76
300
173
77
175
79
248
121
153
251
380
350
