901
2051
4101
2058
18
2070
2075
27
4126
2081
4130
4131
4133
40
4137
44
45
2095
4145
2103
2110
4159
2112
67
4166
2122
2124
4174
83
4181
4183
4187
4188
95
4194
2149
102
4203
2158
2160
4213
2165
4216
122
124
2172
4220
128
2177
2178
4227
2185
4234
2188
4236
142
2194
147
2200
4248
159
4261
166
168
2220
4272
178
4276
2234
2239
196
4293
201
2249
2251
205
207
2261
4310
222
4320
4321
226
4322
4323
4324
229
2282
2284
4333
4336
2290
4339
244
2296
248
249
2298
253
2302
4350
2306
4354
259
4358
2312
2313
2316
270
273
2322
2326
4379
2334
2335
288
290
4387
4388
2341
295
296
297
4394
2347
303
4399
2351
304
2352
4403
2355
307
2361
313
316
318
2366
4415
320
4417
324
327
4425
4429
4430
4431
2383
4432
2385
2386
4434
343
4440
2397
2399
352
2403
357
2409
2413
4461
2414
2415
4466
374
377
2432
4480
2433
2435
2436
389
4486
4487
2441
398
4496
402
2452
2453
4502
406
2455
408
4504
410
414
2467
420
426
432
433
2484
2485
2488
4537
2493
449
4547
4549
2501
457
2505
4554
2507
4556
2509
4561
465
4562
4563
4567
474
2523
4574
479
2527
2529
484
4586
2543
496
498
499
4596
4598
2552
2556
4604
2557
4609
4610
4612
4614
4622
530
2579
532
536
2584
4633
4637
543
2592
545
2593
4641
4643
2595
2596
549
4648
4649
4650
559
562
2613
2614
568
4666
572
2621
4669
4672
4675
582
4680
2633
4681
589
2638
593
2641
594
2643
4692
4693
4695
603
2652
2655
4704
608
611
4707
614
615
4714
4715
2667
2671
2673
4723
627
2676
2677
4728
4732
4736
2692
646
2694
647
2696
2698
4747
2701
4750
4751
4753
2708
4756
666
2714
667
673
674
2723
675
2724
4777
2734
686
4782
2737
2742
695
4792
4793
4795
699
702
2750
2752
4801
4803
2755
2757
4806
2760
2762
716
2767
4815
4818
725
727
2776
4828
733
2790
4838
744
2792
745
746
2794
4843
4849
2805
758
761
2809
765
4863
772
2820
4875
2828
784
786
789
2838
2842
2845
2846
798
800
4896
2848
801
803
804
808
2856
2858
4906
2861
813
4913
4914
821
4917
825
2878
4928
834
837
4934
838
4935
4936
840
4937
843
4947
851
2901
854
856
2904
4954
861
864
865
2914
4964
4967
4969
4970
874
879
2927
882
4982
4987
2941
4990
2947
4996
5000
2953
5003
5004
5009
914
919
2970
5019
2980
933
5029
5031
2984
5035
5038
942
5039
943
947
2998
952
3005
5053
959
5058
3023
975
5074
980
3029
5077
5078
3030
984
5081
3033
3034
3035
5084
3038
3039
5087
993
3043
3045
3047
1003
5099
3054
5103
1010
1012
1014
1021
1023
1031
3083
5136
5139
3091
1047
1050
3100
1056
3107
1059
1065
1068
5164
5165
1069
1071
5167
5168
3120
1073
5169
1078
1079
3129
5177
3130
1085
3133
5182
1088
1089
3139
3140
5192
1097
1098
5206
1111
5207
1112
5211
5216
1124
3174
1134
3183
1136
1137
1139
5235
1140
1141
3190
5238
5241
5242
1147
5250
5251
3204
5252
5253
3205
1160
1162
1166
1168
3217
5266
3218
3219
3225
1179
3229
1182
1183
3234
5291
1200
3251
5301
5303
3256
1209
5307
5309
3261
1217
3270
5320
3274
5323
5329
1235
5334
5335
5337
5338
3291
3292
5341
5342
3300
1258
1260
1268
5365
3320
5370
3322
3325
3327
1281
5377
3331
5382
1286
1288
3338
1290
3339
3340
1292
5389
1293
3342
5391
1299
5397
5398
1302
1303
1304
5401
3355
1308
1309
1310
3358
3359
5408
1314
1319
3369
3372
3374
5426
1332
1333
5429
1334
5436
3388
3389
5439
5440
5441
3394
1347
3396
3397
5446
5447
3400
1355
5454
1362
3410
1364
1365
3415
5466
3418
1370
5469
3422
3424
1377
3428
1382
5478
1383
5483
5485
1389
3439
1393
1396
5493
1398
5496
3452
1409
1415
3465
5515
3468
1421
1423
3471
1424
3472
3477
3478
1431
5528
1433
3482
1437
5536
1446
5542
5543
1451
1452
5553
5555
1461
5560
5561
1468
5566
5569
5572
1477
3526
3532
3537
3545
1497
3548
3553
1516
3571
1527
1530
1532
3581
1533
1536
1540
3593
3595
1548
1550
3599
3609
1563
3612
1565
3614
3624
3626
3629
3633
3637
1593
1594
3643
3645
3651
3658
3660
1614
3663
3666
1620
3668
3672
1625
3677
3679
3680
1636
1644
1648
1649
1656
3705
1657
1658
3706
3707
1660
3711
1664
3715
3716
3719
1676
3727
3728
1680
3730
1683
3738
1691
1700
1701
3750
1703
1704
3757
3758
3763
1717
1721
1722
1723
3777
3785
3786
3787
3789
3792
1744
3799
3800
1757
1760
3811
1764
1766
1770
1774
1775
1777
3826
3828
1781
3841
1802
3853
1807
1810
3860
3861
3865
3868
1823
3877
3878
1834
1840
1844
3895
3901
3902
3905
1857
3908
3911
3913
1867
3919
1874
3927
1886
3934
3937
3941
1895
3950
1904
1905
1907
1909
1910
1913
3965
3967
1920
3975
3983
3984
1936
3988
1943
3992
1948
1950
3999
4004
4005
1960
1963
4016
1972
4020
4025
1982
4034
4035
1990
4047
4051
2004
4060
4063
2015
2017
4067
2020
2022
4071
2028
2033
4082
2035
2036
2037
4086
2043
4091
16
257
100
327
139
300
76
77
333
401
88
121
122
251
315
316
223
