924
4098
2051
4101
4107
4113
2065
23
25
2075
27
4123
2077
4126
2078
31
4130
4131
4132
2085
38
4137
2090
4145
55
56
4157
63
2115
4166
2122
2124
4177
83
2131
4181
89
90
2140
95
97
2147
2149
102
4199
4202
4203
2158
2160
113
115
2166
122
4220
128
129
2178
4228
135
136
2185
4234
4236
141
142
4239
2192
4241
2194
147
4248
154
4251
166
2214
168
2217
2220
4272
178
4276
2231
2232
184
2234
195
197
2249
2250
2251
4299
4301
205
2261
4309
217
2265
2268
2269
222
223
4320
226
227
4324
229
232
2284
2290
242
243
244
246
2296
249
2302
4350
2303
2306
4358
2310
2313
4364
2318
274
2322
4378
2333
2334
2335
290
4388
2342
295
296
4395
2347
2348
2350
303
2351
2352
2355
313
316
317
4415
4417
327
4425
4430
4432
2384
2385
4433
4434
342
344
4440
2394
4443
2396
2397
352
357
2410
2411
4459
4460
2414
2415
372
4469
2422
379
2428
4478
383
4480
385
4483
2435
4484
4486
392
2444
2445
398
2448
4496
2452
2453
408
410
414
420
426
430
433
2484
2485
2491
2492
2493
446
4544
4547
452
456
457
2505
4554
2506
4556
2508
2509
4560
4561
4562
466
476
4573
4574
479
2529
484
486
4582
4586
493
499
4596
501
2549
504
4600
2552
506
4605
4610
4614
4615
2568
2572
530
532
4628
2582
536
2584
537
2587
4637
4638
543
2593
4641
545
4643
2595
2597
549
4648
4650
554
2605
2607
2608
562
4660
2614
572
4669
2622
4672
4673
578
4675
580
2629
582
4680
4681
4683
589
593
2641
594
2643
4692
4694
2646
4695
2651
4699
2652
605
4704
2665
4714
2667
2673
627
4723
4724
2676
2677
4728
632
4732
2689
4739
2692
646
647
4747
4750
4751
4756
2712
665
2714
2715
667
4766
675
676
2726
679
4777
2734
4783
694
2742
695
2743
4792
699
700
2750
2754
4803
2755
2757
710
4810
4811
2763
4815
721
4818
4821
732
2784
2786
4838
2792
745
746
4843
4844
748
753
4849
4851
2805
758
2808
761
4859
765
4863
772
2821
2823
4872
778
4874
4875
780
2828
784
2834
2838
4887
2842
797
798
2846
800
2848
801
802
4899
2855
2856
808
810
4906
2859
2861
2863
2864
4913
2867
825
4921
4934
840
4937
843
845
2894
851
4949
856
4952
4954
861
2910
864
865
2914
4969
874
4970
875
879
882
2930
4982
889
4987
891
2942
2950
2952
5000
906
5003
907
908
5004
917
918
921
2970
5022
2974
2979
931
932
2980
5031
5032
5035
941
5038
943
5039
947
5044
2999
5056
960
3011
3013
5063
971
3021
5074
980
3029
5077
3030
5078
3034
5083
5084
3039
5087
3042
3043
996
3044
3045
5094
3047
3048
1001
3054
5103
3057
1010
1015
5111
5115
1019
3070
3071
1024
5121
5125
1031
5130
5136
3091
3093
1050
5147
3100
1056
5153
1060
1065
5165
1069
5167
3120
5168
1078
1079
3130
5180
3133
1085
1086
3134
5182
1088
1089
3140
5192
1096
1097
1098
3148
5197
3150
3155
5206
3158
1111
5207
3160
5210
5216
1124
5222
3174
5225
5227
1132
1134
5235
3189
5239
3192
1144
5240
5242
1147
5248
5250
3204
5253
1160
5259
3212
1168
3217
5267
3219
3222
5270
1174
3224
3225
1177
3228
3229
1182
5279
1183
5282
3241
1201
3251
3252
5301
5303
3256
1208
3259
5309
1217
5314
3270
5320
1224
3274
5323
1232
1235
5332
5334
5335
1241
5338
3291
5340
3292
3295
5346
1251
3301
1256
1260
5357
1263
1268
5365
3320
5370
3322
5372
3325
3327
1279
1281
3331
5382
3338
3339
3340
1292
1293
5391
1295
3346
1299
3350
1302
1303
5401
3355
1308
1310
3358
1315
1317
1318
1319
5417
3370
3372
1326
5422
3374
3376
3377
1332
3380
1333
5429
1334
3389
1341
5438
5440
5441
3396
3397
3399
5447
3400
1355
5453
3410
5458
1364
3414
3415
3418
1370
5469
1374
3424
3428
5478
1382
1383
1384
1385
5483
5484
1389
5488
1396
5493
1398
5494
5496
5498
5505
1413
3465
5515
1421
1424
3472
3473
3477
3478
5528
1433
1434
3482
1436
1437
5536
5538
5542
1449
1452
1453
5553
1458
5555
5556
1461
3510
1463
5561
1468
5566
5569
3523
5572
3526
1481
5578
1486
3537
3539
3541
3545
3548
1501
3549
3553
3554
3559
3561
3563
1519
3571
3572
1527
1532
1533
3582
1536
1537
1540
3593
1550
1558
3609
1562
1563
1569
3624
3626
3627
3628
3629
1594
3643
3644
3651
1604
3653
1609
1614
3666
1619
1620
3668
3670
3672
3679
3680
3683
1636
3684
3685
1644
1648
1649
3698
1656
3707
1660
3711
1664
1671
3719
1672
3722
1677
3727
3728
3730
1683
1684
3732
3738
1691
1699
1700
1701
3750
3751
3757
3758
1712
3763
1723
1728
3777
3785
3786
1741
3795
1753
1757
1762
1764
1766
1770
3818
1775
3826
3827
3828
1781
3834
3837
3841
1797
3854
3855
1810
1815
1818
1819
3868
1823
3877
1840
3889
3890
3891
1844
3901
3907
3908
1867
3917
1872
3920
3934
3939
3950
3951
1905
1909
3962
1920
3970
1927
3980
3981
3983
3984
1938
1939
1943
3992
3999
1951
1955
1956
1960
4020
4029
1982
4031
1984
4034
4035
1989
4048
4051
4055
2014
4063
2015
4066
4067
2020
2022
2023
4074
2031
2033
4082
2036
2037
4086
2039
4091
2043
2044
15
131
323
100
229
203
76
77
175
308
277
57
122
251
316
350
