974
2
4103
2058
4106
4107
12
4113
2066
2070
2071
24
2075
4126
2078
4127
31
4130
4132
4133
2085
39
4135
40
4140
45
4142
46
2094
48
4145
55
2103
4157
4158
63
4159
67
2118
71
2121
2122
2127
4177
2130
89
4187
2143
95
96
2144
97
98
4194
2149
4197
102
4200
107
4206
4208
115
2165
2168
4216
122
4218
2173
125
4223
2176
128
4225
132
4231
136
4236
142
2192
4245
153
2201
154
2204
2206
159
2208
2211
166
168
4264
2217
4265
2220
178
4275
2230
2232
2234
4288
2240
193
195
197
4293
4296
204
4301
208
210
213
217
4316
223
4320
2272
4321
227
2277
2284
2287
241
242
2290
4338
243
246
2296
249
252
2302
2303
256
4354
4358
2310
2313
2315
273
4369
2326
4376
4378
289
2338
4387
293
2342
4392
297
4394
4396
4397
4398
2352
2355
2361
4412
316
317
4415
4417
2371
2375
4425
2379
4431
4433
2386
4437
347
2395
2397
352
2401
354
2403
4453
2406
2410
4458
2411
2413
367
4468
4469
2422
4472
2425
2428
4476
382
2432
2433
4483
4486
2440
392
2441
394
2443
2444
2445
4494
398
2448
4496
404
4501
406
4504
409
414
2462
416
420
422
4519
2474
432
2485
4533
2487
2488
2490
2491
2492
4544
4545
4549
4551
456
2508
4560
4561
4562
4563
470
474
2523
476
4574
479
2527
2528
2530
4580
484
486
4590
2543
2546
498
4595
4596
2549
501
4598
4599
504
508
2557
4613
2567
4615
2568
4617
4623
2579
532
536
2584
2588
4637
542
544
2592
2597
4648
4649
4650
4651
559
2607
2610
4660
4662
2616
570
572
4668
4669
2621
4672
2628
582
587
589
2638
2641
2643
2646
4697
2649
4699
2652
4701
4704
609
2657
4707
4712
4713
4715
619
4719
2672
4723
2676
2677
2678
2681
2683
4732
2686
2689
4738
2690
4739
645
4741
4743
649
4747
4752
656
4753
662
665
4766
4767
673
2721
676
679
2727
2734
4782
4783
688
2737
2739
2742
695
2743
2745
4795
703
704
4803
4804
710
2763
4813
2767
4815
719
725
2773
732
4828
733
734
2786
741
2790
4838
4840
744
4841
4843
4844
753
2801
4856
760
4859
2815
4863
4865
771
2820
4869
2821
2824
777
2829
783
786
4884
788
4886
4887
2841
4892
2845
2847
803
806
807
810
2862
2863
4913
4914
2867
819
821
4918
825
2873
827
4926
2878
4930
2885
838
4935
4937
2892
845
2896
4946
4947
4949
2901
856
2904
4954
2908
861
2910
4965
4969
2921
4970
875
2927
879
2932
2933
4984
889
4987
2942
4990
4993
4995
2952
5000
2953
5003
907
908
911
5008
5014
2969
5022
2974
2978
5026
931
2980
933
5032
5035
940
941
942
5039
950
2999
952
957
3005
5056
960
962
5058
963
3015
967
5064
5066
971
5068
3021
975
5072
5078
984
3034
3035
5085
3037
5086
3038
3039
5087
992
5089
994
3043
995
5093
5094
998
3048
1001
1004
3054
5104
3057
5106
1010
1013
5114
3067
1023
3075
5125
1031
1033
3082
5130
3084
3090
3091
5139
3093
1050
5147
1056
5153
1058
1059
5157
1062
3111
1069
5165
5166
1070
5175
5179
3131
5180
1085
3134
1086
5182
1088
1089
3139
1096
5193
1097
5194
1098
1100
3148
5197
1104
1108
3158
1111
5207
3160
5211
5215
5217
5219
3172
1125
5222
5223
1127
5226
5227
1131
1132
3181
5235
5237
5238
1143
5239
3200
5250
3204
5252
3205
1160
1162
3217
5266
3218
5267
3223
1177
1180
1182
3234
5282
5283
1192
3240
5289
3244
1201
3251
3252
3254
5303
1207
1208
3259
3260
5309
5311
3263
5313
1218
1221
3270
1224
3272
1226
5327
3279
1235
3289
1241
3292
5343
3295
5346
1251
3300
3302
1260
3316
1268
5365
3322
5372
3324
1279
3327
3329
1281
3330
1284
5381
3333
1286
5385
3338
1290
1292
5389
3342
5391
1295
5392
3346
5395
3350
5400
3356
1309
5410
1315
3365
1318
3369
5417
3370
3372
5421
1326
5422
3375
3377
3380
1332
3382
5435
3388
5436
3389
1341
5438
5440
3394
1347
3397
5447
1352
1355
3405
5454
5457
3410
1362
1364
5461
3413
3414
3419
5469
1377
5477
1382
5479
1384
5485
5488
3443
5493
1398
5496
3451
3452
5500
1415
3468
1424
3473
5523
3477
3480
1432
3481
1433
1434
3482
1436
5534
1440
3493
1446
5546
1452
5555
5556
3510
5561
3513
5563
5566
3523
1475
1478
3532
1486
3535
1491
1493
3544
1496
1497
1501
1503
1507
1510
3559
1513
3561
3563
1516
3566
1522
3571
3572
1527
3577
1532
1533
3581
1540
1543
1544
3593
1546
1548
1550
1552
3602
1554
1556
1560
1564
3613
3614
3618
1571
1575
3626
3629
1581
1582
1583
3633
1587
3638
3639
1594
3650
3653
3660
1614
3664
3666
1619
1620
3668
3672
3674
3676
3680
1633
1635
3684
1640
3693
1648
1653
1656
1657
3705
3707
1660
1664
3715
3719
1677
1678
1680
1683
1684
3732
3738
1692
1697
1699
1700
1701
1703
3752
1707
3759
1717
1718
1723
3787
1741
3789
3791
3792
3795
1748
1753
1756
1762
3810
3814
1769
3818
1771
1774
1775
3826
1786
3838
3847
3849
3853
3855
1807
3859
3861
1815
1816
3865
1819
1823
1828
3877
3878
3891
3894
1847
1851
3902
3904
1857
3907
3908
1864
1865
1867
1870
3919
3920
1872
1882
3937
1890
3939
1892
3941
1895
3944
3954
1909
1910
1912
1913
3962
3963
1917
3969
3970
1927
3981
3984
3985
1938
1948
1956
4004
1959
1961
1964
4016
4031
4034
1988
1989
4041
1994
4045
1998
4053
4061
2014
4063
2017
4066
4067
2020
2022
4072
2029
2030
2031
2036
2037
4086
4087
2039
2043
2044
18
224
161
386
198
230
327
170
333
175
114
308
85
181
408
251
380
29
350
