927
0
2
2051
4101
2057
4106
4108
12
4116
4118
24
4121
2075
27
2077
4126
32
2081
4130
2083
4133
2086
39
2095
4145
55
4154
2112
67
4166
2122
76
78
4174
4177
2130
83
4186
4188
95
2143
2149
4197
102
4203
107
4204
2158
2159
2160
2165
4214
2167
2168
122
2172
4220
124
2173
126
2176
128
4225
2178
2180
134
2185
4234
4236
142
145
2194
147
4244
4247
4248
4249
155
2205
2206
2211
2214
166
2218
2220
174
4276
182
2231
2234
4284
2239
4291
4293
2247
201
4298
2251
2252
204
2261
213
2272
4320
4321
226
2274
2277
229
2282
4330
4331
2283
4332
2284
2288
4337
2290
243
244
4342
249
2300
4349
2302
4353
2306
259
4356
4358
4360
2313
2314
2322
4373
279
280
2334
2335
4385
4388
296
4394
4397
2352
2355
2361
316
4412
2365
4413
2366
4415
319
2375
4425
4426
2385
2386
4434
4440
2397
2398
352
2401
357
4453
2410
2411
4462
2414
367
2415
374
2428
382
2432
4480
2435
388
4484
2436
4486
2439
4489
2443
4494
398
4496
400
4497
2449
404
2452
4501
2453
408
409
2457
4507
413
416
420
422
2470
4519
426
2474
2478
431
4528
2484
4533
437
2485
4535
2488
2491
2493
446
2495
448
449
456
2505
4556
2509
2512
465
4561
4562
4563
467
4567
4568
2520
476
4574
479
4576
2528
2529
2532
484
489
4588
2543
496
4596
504
2552
2556
4608
512
4610
4614
4615
4616
2568
521
2569
4623
530
2579
4629
536
4636
543
2592
2593
4641
4642
4643
2595
4645
2599
4648
4650
4651
2605
4653
558
562
2613
2616
572
2621
4671
2623
4672
4673
4675
580
2629
4678
582
4680
2633
2635
587
2641
594
4691
2643
4692
4695
4699
603
2652
2654
608
4704
2657
612
4712
618
4714
4717
2671
623
4719
2672
2673
627
4723
2676
2677
630
632
4728
2681
4732
2692
646
649
2698
4747
4750
4751
4752
2706
659
4756
667
668
2717
4765
4767
2722
4774
4777
2734
4788
2742
699
2754
707
4803
708
2758
713
2762
4814
719
730
4828
2781
4830
4838
2792
746
4843
2799
4849
2805
758
2808
761
4857
4859
764
765
4862
4863
768
2818
771
772
2821
2824
4872
777
784
785
786
2838
4887
2845
798
2847
2848
800
801
4897
2850
803
2851
2856
812
4910
2863
4913
819
821
4918
824
825
4929
2883
837
4934
4935
840
843
845
4947
851
4949
2901
2903
856
4954
859
4956
4957
861
4958
4962
2914
4965
870
4969
4970
874
875
2923
4974
2927
882
4978
2935
2937
4987
894
2943
4996
2949
5000
2953
5003
911
5014
5017
2970
924
2975
2980
2984
5032
5035
2989
942
5038
2992
947
950
5046
954
5056
967
3017
5069
974
980
981
982
5078
3034
5084
3037
5087
3039
992
3043
3045
5093
5094
3047
3048
5097
1004
1009
5106
1010
1013
5114
5115
3080
1033
1036
5136
3091
3092
5141
3093
3099
1055
1056
5153
1060
3111
1067
5165
1070
5167
3120
1078
3127
1079
3130
1085
3133
3134
5182
1088
3136
1089
3140
1094
3142
5192
1097
1098
5194
5197
3150
1104
5206
1111
1112
1114
5215
5216
5219
1124
1125
1131
1132
3181
3182
3183
5235
1140
5239
5241
5242
1147
5250
3204
5253
3207
3213
5264
3217
5266
3223
1177
3225
1181
1182
1183
3234
3238
5287
5291
3243
5294
1200
3251
5303
3256
3260
1212
5309
3262
5312
1217
5314
3270
3271
1224
5320
3272
3274
5323
1235
5334
3287
5335
5338
3291
3292
3295
5343
1250
1251
1260
1265
1268
5364
5365
3320
5370
3322
3324
1279
1281
3329
3331
1284
5383
1292
3340
5391
5392
5397
5399
3351
1303
5400
5401
3355
1308
1311
1314
1316
3367
1319
1320
3375
5425
1329
3377
3380
1332
1333
1334
5435
5436
3388
5440
3394
3396
3397
5447
3402
1355
5456
1364
3414
3415
1369
3418
1375
3424
1377
1380
3428
1382
5478
1383
3433
1389
1396
1398
5496
3448
1401
3458
5506
5509
5513
3466
5515
1421
5519
3471
1424
3472
1426
1431
3480
1433
3481
3482
1435
1437
5536
1442
5538
3491
5542
1447
1452
3505
5555
3509
1461
1462
3510
3512
5561
3513
1467
5563
1468
5566
1471
5569
3523
5572
5577
3532
1491
1492
3541
1493
3546
3548
1503
1505
3553
1507
1509
1510
1513
3561
1515
3571
3572
1524
1527
1530
1532
1533
3583
1535
1536
3585
1540
3590
1543
3597
1550
1551
1552
1553
3602
1560
3609
3613
1573
3624
3626
1580
3629
3633
1591
1594
3643
1597
3651
1611
1614
3666
3668
1620
3672
3676
1630
3679
3680
1636
1642
3692
1647
1648
1649
1651
1656
3707
1660
1664
3719
1676
3728
1682
1683
1689
3738
1691
3741
3742
3743
1698
1700
3749
1702
3750
3752
3754
3758
1715
3765
1718
1720
1723
3779
1732
3785
3786
3792
3804
1757
1758
1766
3814
3816
1770
1771
3820
1775
3826
1779
1781
3837
3838
3847
1799
3854
1810
3859
3860
3862
3865
1817
3868
1823
3873
3877
3878
3879
1834
1838
3890
1844
3894
3896
3908
3913
3914
1867
3917
1870
1872
1876
3924
3927
1883
1886
1902
3950
1904
1907
1909
1926
1927
1931
3983
3984
3987
1943
1948
3997
3998
3999
4004
1960
1963
4016
4017
1973
1982
1983
4034
4035
1988
2005
2007
4058
2011
2014
4063
4066
2020
2022
2023
2033
2036
2037
4086
2039
2041
4091
2043
2045
4095
18
132
100
198
395
300
301
77
303
112
83
86
185
409
282
122
251
412
29
