967
3
4101
4107
4108
4113
18
25
2075
32
4130
4131
4133
2086
38
39
40
46
4145
55
4153
4154
63
2112
67
4166
4172
2127
2129
83
4181
89
4185
4186
4188
95
2144
97
2149
4197
102
4203
4204
2157
2158
112
113
115
2165
2166
118
2167
122
124
126
2175
128
2176
4225
129
131
4228
132
2183
136
2185
137
2188
142
4239
4241
2193
2194
147
4245
2214
166
168
2217
2218
2220
173
4272
2225
178
4276
181
2232
184
4284
2240
4288
4290
2242
4291
195
4296
201
2250
4298
204
210
2261
4309
217
2265
220
221
2272
4320
4321
226
229
2284
2286
2287
2290
4338
243
246
2296
248
2297
4348
2302
4353
2306
4358
2312
2314
2315
4364
270
2318
273
2322
2333
2334
2335
290
293
2342
4396
4397
2351
303
2352
305
2355
307
313
316
4412
317
2366
4415
319
4416
4417
327
4424
4425
4428
333
4431
4433
4434
342
4440
4443
2397
352
353
2403
2409
2410
2411
4459
364
4461
4462
367
4466
2422
2425
379
2428
4484
388
2437
4486
2439
2443
398
4496
2449
4499
2452
2453
4501
410
4507
413
414
2465
420
4519
426
4526
431
2484
437
2485
2488
2490
2491
2492
446
4544
2505
457
4554
2508
2512
4561
4562
2518
2520
2523
476
479
2528
4579
484
485
4582
4586
494
2543
4596
501
2552
506
4603
508
2557
511
512
4609
2561
4610
4615
4616
2568
521
2572
4620
4622
4628
4629
536
4632
537
538
4637
4638
543
2592
4641
4643
549
4648
4649
4650
554
556
4652
2605
2608
562
4659
4660
571
572
4669
2621
2622
4672
4673
4675
580
582
4678
4685
589
2641
4689
593
4691
2643
4692
4693
2651
603
4699
2652
605
606
4704
4706
611
4708
615
4720
2673
4723
2676
2677
4728
4732
636
2689
4739
2692
646
647
2698
4747
4750
4751
2704
656
4752
4753
659
666
2714
667
668
2717
674
2723
2724
2732
2734
4783
692
4788
2742
695
2743
2745
699
700
702
703
4801
2755
4803
708
2757
2760
4810
2762
4811
4813
4815
2768
720
721
2772
4826
732
4828
4830
734
2784
4838
745
4841
4843
748
753
2805
758
761
2809
2815
4865
771
772
2820
2821
2823
4874
784
785
786
789
2838
4887
2842
794
797
798
800
801
2850
803
804
4901
806
2855
4904
2856
4906
810
2864
2867
821
4918
824
4921
2874
4926
4928
2883
2885
4934
4936
4937
843
845
4947
2903
856
4954
861
2910
864
2914
2916
4967
874
4970
4971
875
2927
881
2930
883
4982
4983
4987
891
2941
5000
2953
906
907
914
5017
2970
2971
924
5022
927
2977
2978
2979
2980
932
5029
934
5031
5032
5035
2988
2989
941
942
5038
943
5039
2992
947
2998
2999
953
958
963
5066
971
3021
3023
981
5078
3033
3034
5085
5087
3039
3043
3045
5094
3048
1001
3054
3060
1012
3061
1014
1015
3070
1023
1024
3074
3075
5127
1032
3080
3083
5134
3091
5139
3092
3093
3100
1056
1057
5153
3107
3108
1060
5158
1065
5165
5167
1071
1073
3122
5171
1076
5172
3129
5177
3130
5180
1085
1086
3134
1088
1089
3139
1094
5192
1096
1097
1098
5195
3158
5207
1111
3160
5214
1118
5215
1120
5219
1124
1125
5222
1132
3181
3182
3183
5232
1137
3185
5235
1139
1140
3189
5241
5242
5243
5250
3204
5253
1160
5259
3216
1168
3217
3219
5267
3222
3224
3228
3229
1181
1182
3234
5283
5287
3241
5291
3244
1200
5298
3251
3252
5301
1206
5303
3256
1208
5307
3259
5309
5311
5312
3267
3270
3271
1224
3274
5323
5329
1235
5332
5334
5335
1239
3292
1251
3300
1255
1260
1266
1268
5365
3320
5370
3322
3325
3326
5374
3327
1279
1281
5377
3330
3331
1284
5382
3338
3339
1292
3340
1293
1295
1296
1299
5395
5398
3350
1303
5400
5401
3356
1308
3358
1310
1315
1319
3370
3372
5421
1326
3374
5423
5425
1332
5428
3380
1333
1334
1335
5436
1341
3389
5438
5439
5440
5441
1347
1348
3397
1349
5447
3400
3402
1355
5453
5456
5458
3410
1362
3411
1364
3414
3415
1370
1374
1375
1377
3428
1381
1382
1383
1384
1385
1389
1392
5494
1398
5496
5505
3458
3460
3461
1415
5513
1421
5519
1424
3477
1433
1434
1436
1437
1441
5538
3491
5542
1452
5550
5553
5555
3507
1460
5556
1461
3510
1463
5560
5561
1469
5569
3523
3526
5574
5576
3530
1486
3537
1489
3539
1492
1493
3541
1500
3549
1509
3559
3561
3562
1519
3569
1522
3571
1524
1525
1527
1528
3577
1530
3580
1532
1533
3581
3583
1535
3585
1540
1543
3595
3597
1550
3599
1556
3612
1573
3626
3627
3629
1582
3633
3638
1594
3643
3644
1598
1614
3663
3666
3668
1620
3670
3672
3674
3677
1631
3680
1636
3684
1637
3692
1647
1648
3698
1656
1657
3707
1660
1662
3711
1664
3719
1672
1673
3722
1678
3727
3728
3730
1683
3738
1691
3743
3745
1698
1700
1701
3749
3750
3752
1704
1713
3763
3765
1718
1720
1722
1723
1726
3777
3786
1741
1742
3792
3793
3795
1748
1753
3806
3811
3813
3819
1775
1777
3826
1778
1781
3834
1787
3837
3838
3839
3849
1802
3854
3861
1816
1823
3877
1840
1851
3901
3908
3914
1867
3915
3920
1873
1874
1882
3939
3948
1902
3951
1904
1909
3958
1914
3962
1915
3965
1927
3980
3983
3984
3987
3992
1946
3997
3999
1951
1953
1955
4004
4005
1960
4009
4020
4025
1981
1983
1984
4034
1986
4035
4037
1990
1999
4051
2004
4052
4055
4056
4062
2017
4066
4067
2020
2022
4071
2023
4073
2028
2031
2036
2037
4086
2043
2044
2045
16
224
257
100
132
229
203
76
142
79
178
344
121
282
251
92
350
