357
2561
514
1026
1028
4
5
518
1031
9
10
1546
11
1549
1552
2065
529
533
1557
534
2072
25
537
1049
538
1053
2078
544
33
1571
1574
38
2598
552
41
2090
554
2603
1580
2606
48
49
1073
52
565
1589
2102
1591
567
2105
57
2619
572
61
2110
1599
1600
1601
2625
2114
2115
2631
2120
1098
74
2635
588
1102
591
593
1618
594
83
1107
1108
2132
596
2135
2647
87
1624
1114
2139
2651
91
604
2654
2143
2656
2144
2145
1634
1126
2663
2665
1131
109
1135
113
1651
1143
631
2168
2684
638
127
639
1666
2690
2693
2695
139
2190
2703
1167
656
1172
1685
1175
663
152
1688
1690
1692
156
670
2719
1696
2209
161
2211
2728
681
682
685
1710
174
2223
1712
688
2225
1202
690
2227
1715
1204
2229
184
1209
2746
2234
1725
2239
703
2242
706
1731
710
200
1736
1224
2761
2250
2764
1228
2768
1232
725
2261
2774
729
1753
2777
2778
218
2268
2274
2786
2276
741
1765
2283
1771
1261
2798
2800
1776
2290
1267
759
2296
2297
2810
1789
256
2306
1284
2312
1289
2827
267
1804
2828
2829
2318
1294
1295
1809
1810
1299
2324
2837
789
1814
795
2333
287
1824
1316
805
806
1319
2348
1324
301
2351
1328
1842
306
1336
312
2361
315
318
2366
1855
1344
2373
2374
838
1351
1865
1353
1866
842
2380
2383
848
852
2388
341
2389
2393
1882
1373
1374
864
865
1378
354
1891
357
1382
872
873
1387
2411
2412
365
1389
2414
1391
1903
1904
882
2418
371
1395
2420
1397
886
1914
2427
380
2428
1409
385
386
2436
2438
1416
393
2442
906
397
1422
910
399
1937
913
915
404
2455
2458
2461
1438
416
1952
930
1954
1958
424
1961
1453
941
1461
951
2487
1977
1468
446
1473
459
2507
971
972
1998
1487
1488
469
2005
2519
2521
992
993
482
995
2531
996
2532
486
2023
487
2025
1514
1515
2540
1516
493
497
498
2035
2036
1014
2553
2556
508
511
9
48
97
33
21
87
7
137
58
138
