2810
0
4098
8194
4099
8196
8197
4102
8
4105
10
14
4112
8210
20
4116
4121
4123
8220
4125
4127
32
8224
34
4132
4135
8231
39
8233
4139
8236
44
8237
8239
8240
48
51
4150
55
56
8250
8252
4158
66
8260
8261
72
4169
4170
4171
4172
4173
4174
8274
4180
85
88
4185
4186
8282
8283
4188
93
4189
8287
8291
8293
8294
102
4198
103
8296
8297
4202
8299
107
4205
8302
4207
112
113
4213
8312
4219
123
4220
126
8319
127
130
4226
8322
131
134
8326
8327
136
8328
137
138
8331
4239
8337
4244
148
4246
151
8344
4253
4254
159
4257
164
8356
166
4263
8361
8363
4270
4271
179
8373
184
4281
4282
8378
8379
4283
4287
8383
4288
194
4290
4292
197
198
8392
204
8396
205
206
8398
207
8401
210
211
213
4310
216
8411
219
8413
222
8415
8417
8418
4322
4323
228
4325
8421
4326
8423
234
8426
235
4334
4335
240
8435
8438
4343
4345
251
255
8449
258
264
266
8462
8463
4368
4369
273
8467
4371
277
8470
278
4374
4375
279
280
8473
284
8476
8477
8481
290
8482
8483
292
8484
294
8487
296
304
4400
308
8500
8501
4407
8504
4409
314
8506
8507
4412
4413
8511
4419
324
8518
328
329
8521
8524
8533
4438
342
344
8537
4442
8538
8539
348
349
350
4447
352
4448
353
4450
354
355
8548
8550
8553
363
4461
366
367
4464
4465
8562
8564
373
4471
4472
377
4474
8572
380
382
384
4481
388
4485
391
8584
4489
8586
4492
8591
400
401
4498
8594
405
8600
8601
410
4506
8602
8604
4508
4509
8605
4513
8612
4516
421
8614
426
4522
8618
427
428
4524
4525
8621
4528
432
4529
8626
4531
4532
438
8630
4534
439
4536
4537
4538
442
4539
4540
445
8637
4542
8639
4548
8646
4550
4551
8648
457
461
4558
464
8657
466
8658
4566
471
4569
8666
8667
8668
4573
478
8671
8674
8675
4579
4580
484
4582
4584
8684
4589
8689
498
8691
499
8693
8694
502
4599
4600
506
507
508
4604
8701
4608
8706
8708
4615
8714
8715
4621
526
527
8720
528
8723
4627
535
536
8730
8733
542
8735
4640
8736
545
4642
8739
548
8741
549
8742
4646
551
552
4649
8749
557
8750
4655
8752
561
8753
8756
4660
8757
567
4664
4666
571
4669
573
574
575
4672
4674
8770
579
8771
8772
581
582
8775
587
4684
8780
8781
590
8785
594
4691
4692
599
8792
602
8795
607
608
4705
8802
4706
612
613
8806
615
4712
8809
617
8811
4716
8814
4720
625
8818
4722
629
4725
8826
634
4731
4732
4734
639
4737
4738
8835
651
652
654
4751
8847
656
8850
8854
662
4759
664
8856
669
4767
4769
4773
678
4777
8874
4780
684
4783
687
4784
8881
4786
690
8883
4787
4789
8885
694
8886
4792
8888
698
700
4797
8894
8895
4799
8897
705
706
708
8901
4807
8904
712
4809
8908
4812
4814
8913
8916
724
8918
728
729
736
8928
4836
4838
8935
744
8937
4842
4844
4845
750
4846
8944
4849
4851
755
4852
8948
756
4853
8951
4855
760
8954
765
769
8963
4868
4869
8966
774
8968
8969
779
8973
4878
8976
787
8979
8980
790
4886
4887
792
8986
4892
4894
8992
802
4898
803
4902
808
809
4909
9006
4910
9007
9009
4915
9018
827
829
9022
831
9024
9025
4929
9026
9027
4931
9030
841
9033
9034
844
9038
847
848
9042
4948
854
4954
9051
9052
4958
862
9056
4961
865
9059
4963
9060
4964
870
9062
4968
872
9065
4969
9066
4971
4972
4973
9069
9070
9071
4975
880
9073
886
4983
4984
9082
891
4988
9084
4990
9087
898
4995
9093
4997
902
903
9096
9097
5001
9098
5002
907
5004
5006
5007
912
5008
9106
5022
930
9123
5028
933
5030
9127
936
937
5035
5036
940
5038
5039
9136
9139
948
5046
9142
951
5049
5050
9148
9150
9151
5056
5057
961
5059
9155
965
9157
5062
966
970
5068
5069
978
5076
9173
5078
5079
9176
984
5080
985
9177
5081
5082
9178
987
9181
9185
5090
5091
9188
1000
5097
9194
5099
1003
9195
9196
5101
1006
5102
9199
1009
5105
9202
5108
5111
1017
9213
1021
1023
5119
1024
9218
9219
1028
5127
1032
9225
1034
1035
9229
1038
9230
1040
9233
1042
1043
1044
1047
9241
5145
9245
5151
9248
5153
1058
1059
1060
9254
1063
9256
5165
1070
1071
5167
1073
5171
5173
1077
5174
1078
9273
9274
5179
5180
5183
1087
1089
5185
9282
1094
9287
5191
9288
9293
5205
1109
9302
5208
1114
9307
5212
1116
9310
5215
1119
5217
9313
1125
1126
1127
5223
1128
9320
1130
5229
1134
9327
9328
5233
5234
1140
5237
9333
9335
9338
1146
1147
1148
9340
9341
5246
1153
1154
5250
5251
5254
5256
9352
1160
5257
9353
9354
5258
1162
1163
9358
1167
1168
5265
9362
9363
9366
5274
9371
1180
9372
9373
5279
9375
5283
9379
1189
9381
1192
9384
5289
1194
5291
9388
5294
1199
5298
9396
5301
1205
9403
1211
1212
1213
1214
9408
5312
9410
1218
1221
9414
5319
5320
5321
5322
1226
5323
9419
5324
9422
5328
9424
1235
9427
5331
5333
5335
5336
1240
9432
1241
5338
1246
9441
1250
5346
1251
5349
1254
9447
9451
5355
5357
1262
5359
1264
9457
9458
1267
5364
1269
5365
9462
1270
9463
5367
5368
1273
9466
5370
5372
9472
5377
9474
1282
9475
1284
1285
9478
1286
9479
1287
1288
5385
1290
5387
5389
5390
5391
1295
9488
9492
1300
1301
9493
1303
5399
1304
5400
5401
9498
1306
1307
9500
9502
5407
5408
9505
5409
5410
1315
9508
5413
1319
1320
9512
5417
9514
9515
1324
1325
5421
9519
1327
1329
9521
9527
5433
1337
5434
5435
1339
5436
1342
5438
5439
9536
1344
5441
1347
5444
9541
5445
1352
9545
5451
5453
9551
5455
1361
1362
5458
1365
1366
9559
9560
5467
1371
1372
1376
5472
1379
1380
5476
5477
5478
9575
1387
1388
9580
1389
5486
9583
5489
5491
1395
1396
9591
5495
9592
5497
1406
1409
9602
1410
1411
5508
9605
9606
1415
9608
1417
9609
1418
5514
9611
9612
5521
1425
5523
9619
1428
5525
9622
9628
5535
9632
9634
9636
1445
1446
9639
9640
5549
9645
5550
1454
9646
5552
5554
1458
1459
1460
1466
5564
9660
1468
5567
5568
1473
1474
5575
5576
1481
5578
9679
5583
1487
5585
9684
1492
5589
5590
9688
1497
1500
9696
9697
9698
1508
5607
1513
9708
1516
1517
5613
5615
1520
5616
9714
5619
9715
9716
1524
9720
1528
1529
1530
9722
1532
1537
5634
9730
1539
5639
1544
5641
5644
9742
9743
9746
1555
5653
9750
9753
5657
1563
9756
1566
9758
5662
1567
1568
5665
5666
1572
9766
1575
9768
1580
5678
9775
1587
1588
1589
5686
5687
5690
5691
5694
1598
5696
1600
1602
1603
1604
1606
5703
1607
1611
9804
5710
1614
9806
5711
9808
1618
1619
5718
9814
1623
5719
5720
1624
1625
5721
9818
5722
1627
1628
1629
9821
1634
5730
5731
1635
9827
5732
9831
1642
1643
5740
5741
5743
5746
1650
1652
9852
5757
1662
5761
9858
1667
5763
5769
9865
9866
1676
1683
1684
5781
1687
9881
1690
5786
9883
9885
5789
1694
9888
1696
5793
1698
9890
5795
1700
5796
5799
9895
9896
5801
1709
9903
5807
5809
1714
9908
5813
1717
9911
1720
1722
1724
9918
5822
5824
1728
9921
9922
1731
5828
9925
1734
5830
5832
5835
9932
9934
1742
5839
5840
1745
1749
1751
1753
9949
5853
5855
1761
1762
1763
1764
9958
9959
5863
9960
9963
1772
1773
9966
1775
1776
1778
9971
1783
1785
9977
5884
1788
5886
1791
1793
9985
5890
9986
5891
1796
9989
1797
1798
5897
1804
5903
1807
10000
10001
1810
10004
5910
10007
5912
1817
5915
1822
10015
10016
5921
10018
1826
1828
1829
5925
5926
5927
5928
5931
10030
1838
10032
5936
1841
5937
10034
1848
1849
10042
5946
1852
10044
10046
5951
10047
10048
5953
1857
1859
1860
5959
1866
5962
1867
5963
1869
10062
5970
1875
5971
10068
5973
10069
10070
5975
5977
1882
10076
5982
5984
1889
1891
5988
1893
5990
1896
5995
10093
1903
6000
1905
6001
1906
10098
10100
1909
6008
6012
1917
10109
6014
10111
1920
1922
10114
6018
1923
1927
10119
1928
6026
10124
10125
10126
6032
1937
1938
10130
1940
6036
1941
10133
1943
1944
10136
6041
10137
10138
10140
6044
10142
10146
1955
6054
10150
6055
1963
10156
1964
10157
6063
6066
1970
6067
1971
10164
1972
6068
10165
6069
6075
10172
1981
6077
10175
10179
1988
10180
1989
10181
6086
6087
6088
10186
10187
6091
6092
1997
10190
6095
1999
6096
10193
2001
6098
10194
2004
10196
6101
10201
6107
10204
2014
10207
6111
10208
6115
10212
10214
2022
6120
10216
6121
6123
10219
10222
6129
2034
2035
2036
10230
10231
6135
2039
2040
2041
2042
2044
10238
2047
10240
2048
10241
10244
10245
10246
6152
10249
10250
10255
6160
2067
6163
10260
10261
2070
6170
2074
2081
6177
6181
10277
2085
2086
10278
6182
10279
2088
10280
10281
6187
6191
10290
2098
10292
6196
6198
6200
2106
2107
10300
10305
2115
10308
10309
2117
2121
2124
6220
2128
2129
6225
6228
10324
2133
10327
10333
6239
2144
6241
2145
2146
6244
10343
10344
10345
10347
2155
10348
2156
2157
2158
10350
6255
2160
10354
6259
10356
6260
2165
6261
6262
10360
10365
10367
2177
6274
2179
6283
10379
2189
10381
6285
6288
10385
6290
2196
10389
6293
6294
10390
6295
6297
6300
2204
10396
2205
10398
2206
10401
2209
6306
10403
6307
6309
10408
6316
10414
10417
6322
2231
2232
6330
10428
6333
2238
6334
10432
10434
2243
6341
6342
2250
10442
6350
6352
10448
10449
2259
2261
6357
10454
2262
6358
10455
10456
6361
2266
2270
10462
2271
10465
10467
2276
10470
2278
2280
6376
2281
10473
6378
6379
2284
2285
6381
2286
10480
6384
2288
6385
6389
2294
10487
6391
6392
6398
10494
6399
2305
6401
10498
6402
6404
6405
10501
10503
10505
10507
6412
10511
2319
10513
6417
10514
10515
2325
10520
10521
10522
6428
10525
2334
10526
2336
10529
2337
10530
2339
2341
6438
10536
6442
6443
10539
10540
2349
2351
6451
2355
6452
6453
6456
10553
6458
10555
6461
2365
6462
2366
6463
2367
6464
2370
6467
10564
6469
2374
2375
10568
6473
10569
2377
6477
2382
2384
2385
6483
10579
10582
2391
6487
6488
2393
6491
10590
2399
6496
10594
6499
6500
10596
10597
10598
6507
2411
10603
2412
2415
2416
10612
6518
2423
2424
6520
2425
6521
2426
6522
6525
10624
2433
6530
2435
6531
6532
2437
2439
10632
2443
10635
10636
6541
6542
6546
2451
2453
6552
10649
6554
6556
6558
2463
6561
10657
10659
2470
10664
10665
6571
6572
2478
6574
2480
6576
6578
6579
10676
2485
6581
2488
10684
6589
2493
6590
6591
6592
2496
6593
2498
6600
2504
6601
10698
6605
10704
2513
2515
6612
10708
2516
2517
10710
10715
10717
2526
2529
10723
2531
6627
2534
10726
6633
10729
2538
2539
10735
2547
2549
6648
10744
6649
2554
10747
10749
2558
2559
10752
2560
6656
6657
2562
6658
6660
10757
6662
2566
2567
2569
6666
6667
10765
6670
2576
6676
6677
2581
10774
10776
6681
10779
6684
6685
10781
2590
6687
10783
2593
10787
2595
10788
2597
2598
2599
10792
6702
10801
2611
10807
10808
10809
2618
10810
2620
10812
10815
6720
6721
2626
10819
10820
2631
10826
10827
2635
2639
6736
2642
6740
2644
2645
6744
10841
6745
10842
2650
10845
2653
2654
6751
2655
6752
2657
10849
2658
6757
10853
2661
2662
6758
2663
10855
2665
6762
2666
6765
2672
10864
2675
6771
10869
2678
6774
2679
2683
10875
6780
6781
2685
6783
2687
10880
2688
2689
6789
10885
2694
2695
2696
10888
10889
10890
2698
10891
10892
2700
2701
2702
6799
10895
2703
6800
2706
2707
6804
2711
10905
6810
6812
2716
10908
6813
2718
10910
10914
2722
6819
10917
2725
2729
2730
10923
10924
6828
10925
6835
6839
6840
2744
10937
6841
2746
2748
10942
6850
2754
10947
6852
6855
2762
10954
6859
10956
10957
10959
2769
6866
6867
2773
10965
6870
10966
6871
6872
2777
6874
6875
10971
2781
6878
10975
6879
2784
6883
10979
10982
10983
2792
10984
10985
10986
6892
2796
10989
6894
6895
2799
10992
6898
2802
6901
6902
2806
2807
6904
11002
11005
6911
11008
11010
11012
11013
2823
11015
6919
2824
6920
2825
6921
2828
11022
6926
11023
2832
11026
11027
11028
11029
2838
2839
11034
11035
11040
6947
2853
6949
6951
11047
11049
6953
2860
11052
11053
6959
11055
2863
6962
11058
2866
6963
11060
6967
2871
2873
2875
6973
6974
2878
6975
2880
6976
11072
11073
11074
11075
2884
6981
11079
6985
6987
2892
6988
11086
6991
2896
2900
11092
11093
6997
11094
11098
2908
2909
11102
11103
7009
2914
11106
11109
7014
11111
2925
7022
11118
7023
2929
7026
2930
2931
11126
2935
2936
7033
7035
11131
11133
2944
7042
2948
2952
11145
7050
7051
2955
11148
7052
7054
11152
2960
7056
11153
2962
7059
2965
7062
11159
2968
7065
11162
7067
11164
2972
7069
11165
11166
2977
7074
11172
2981
11173
7078
7082
2987
11180
11181
7085
2991
11183
7090
7091
2997
2998
7095
11191
3000
7097
11195
11196
11197
3008
7104
7105
7107
3012
7108
3014
11208
7113
3018
7114
3019
3021
7119
3023
11216
3025
7122
7123
3028
11221
11223
3031
11225
7131
3035
11228
3041
11234
7138
7141
11239
3048
11243
7148
11245
11246
7151
11248
11249
7154
11250
3062
3064
11256
7161
11259
7164
7166
7170
11267
3075
7171
11269
3077
11270
3078
3082
11275
11279
7183
11281
7187
7188
3093
7192
7197
11294
11295
7202
7203
3107
11302
7206
3111
3112
11304
11305
3115
11309
3120
7216
11315
3123
11320
7224
7225
3130
7226
3132
3134
7230
7231
7232
7235
3141
7239
7240
7242
3147
7243
7254
3158
3159
7257
3162
7259
7260
7262
3168
7264
7269
3173
3175
3183
7284
7285
3191
7288
3192
7289
3193
7290
3194
3196
7294
7300
3207
3209
3215
7313
3218
7318
3225
7326
7329
7334
7336
7338
3243
3245
7344
7345
3255
7352
7356
7357
3262
3272
7372
3279
7375
7378
3285
3287
7388
3300
7396
7397
3304
3311
3314
7410
3315
7412
7413
3318
7417
3322
7419
7421
3330
3331
3339
7435
7436
7440
7441
3347
7444
3350
3351
3353
7449
3354
7450
3355
3357
3359
7455
3366
7464
3369
7466
3372
3376
3378
7474
7476
7477
3381
7478
3385
3386
7484
7485
3389
7488
7490
3396
3399
7496
7497
3401
7505
3409
3411
7510
7514
3419
7518
7522
3428
7528
3435
3436
7535
3440
3444
7541
3450
3457
7553
3460
3462
7558
3463
3466
7564
3474
3476
3477
7574
7575
7579
7581
7582
7584
3494
7590
7593
3501
3502
7599
7600
3505
7603
3508
3509
3510
3511
3512
7608
3514
3518
3519
7615
3523
7621
3525
7622
7623
7628
7631
3538
3542
3543
3544
3545
3547
3549
3552
7648
7654
7656
3560
3561
3563
7661
3565
3568
7664
3569
3571
3572
3575
3576
3579
7678
3584
7680
3585
7686
7690
3595
7693
7697
7701
7704
3609
3611
3612
7708
7715
3624
7720
3627
3629
7727
3632
3633
3635
7732
3644
7742
3650
7751
7753
3660
3663
3665
3666
7762
3668
7764
3669
7768
3673
3677
3678
3679
3680
3681
7777
3683
7780
7781
3685
3688
3690
3691
7790
7791
3699
7795
3700
7806
7807
3712
3714
7811
3716
7813
7814
7815
3720
3727
3728
3729
3732
3733
7835
7836
3741
7838
3745
7852
3758
7855
7856
7857
3761
7858
3765
3766
7864
3771
3773
3774
7872
3776
3778
3782
7882
3787
3788
3790
7887
7889
3793
7891
3797
3801
7898
3804
7900
3805
7902
3807
7903
3808
7905
3809
7909
7910
7912
7913
7915
3820
7917
7918
3823
7920
3825
3826
3833
3834
7931
7933
3837
7941
3849
7945
3850
7953
3867
7964
7965
3871
3872
7971
3876
7972
7975
3881
7978
7979
3886
7982
7983
7984
3890
7986
3891
3893
7990
3896
7996
3900
3901
3903
3904
8001
3906
8004
8007
3912
3921
8019
8021
8026
8030
3935
3936
8032
3938
3941
8037
3944
3946
8042
8043
8047
3952
3953
8050
8051
3957
8056
8057
8059
3970
8067
8068
3973
3974
8072
3979
8077
3983
8081
8082
3988
3992
3993
3996
3999
8098
4004
8100
4010
8109
4013
4014
8112
4016
8114
4021
8118
4024
8121
4026
8123
4027
4028
8126
4030
4033
4035
8131
8132
4036
4037
8135
8138
8143
4050
8150
4055
8155
8156
8157
8158
8165
4070
4071
8167
8171
4076
4078
4079
8178
4082
4083
4085
8184
4089
4093
8189
8190
4095
13
65
35
43
173
47
143
79
16
179
83
85
149
25
