476
1026
2051
2055
1035
11
2060
13
1037
2061
14
1040
20
2070
2071
2079
35
36
2084
1062
2087
1065
2090
1066
2091
1068
1069
2099
1076
54
60
61
2110
2112
64
1090
2114
1091
68
1095
2121
1097
73
74
1098
2124
77
1101
2128
81
1106
85
2133
1110
87
1111
2136
88
2137
2140
2141
1118
1119
96
2146
1124
1125
2150
1126
1127
2153
1134
1136
1137
2161
2162
2164
2165
2167
2171
1148
2172
2175
2177
131
2181
2182
1159
1160
1162
138
1164
1167
2192
1172
2197
2199
152
1178
1179
156
1180
2205
157
158
2208
161
2209
2210
162
1188
1189
165
2214
1191
1193
2218
1195
172
1196
2220
2222
1199
2224
178
2226
179
180
181
185
1210
1212
1213
189
1215
1219
2244
1222
2246
1231
210
211
213
218
225
1251
227
230
231
233
236
1263
245
246
1275
251
254
1280
1286
264
1288
268
269
1296
272
274
279
1306
1309
1310
286
1314
290
1315
1316
1318
1319
1322
302
307
1331
309
312
1339
316
1340
1345
322
325
1351
330
332
1356
1357
1362
338
341
1367
343
1368
1376
1377
356
357
1381
359
360
361
1386
365
366
1393
1395
371
378
1402
1404
381
1405
384
389
393
398
1425
401
1431
412
1439
1444
1445
423
427
1453
429
1454
431
1456
1459
436
1468
447
449
1477
1479
459
1484
465
1491
1494
471
1496
1497
475
1499
1503
1505
481
483
486
1512
489
1515
496
1526
509
1534
510
1535
511
512
1539
516
1547
524
525
1549
528
1553
533
534
536
537
539
1564
1566
1567
1569
550
553
554
555
556
557
1584
1587
565
1592
570
1595
575
576
577
578
583
1609
586
1610
1611
1613
592
1621
1626
604
606
1631
1632
609
611
621
1645
1646
623
633
1657
634
638
1681
659
1688
1691
670
1696
673
1699
676
678
1703
679
681
682
1708
1716
1718
1720
1721
702
1727
1729
707
708
1733
710
713
1737
717
1743
722
1746
1747
1752
730
732
1761
740
741
1766
743
1769
1770
747
750
751
1775
1778
759
771
1796
774
1803
781
787
789
1814
1815
793
1820
1822
801
804
806
1831
807
816
818
1843
1844
825
833
836
1862
840
841
1865
1866
1868
851
853
1880
857
1882
867
876
878
1904
884
1909
892
1918
894
897
1924
901
903
1933
912
1938
915
920
923
926
1951
1953
1961
946
947
949
950
1974
1976
1977
1978
954
956
957
1981
1983
962
1991
970
975
976
2001
979
2004
2005
981
2006
984
985
988
990
991
2016
2019
2020
2022
2023
1000
2025
2029
2037
1013
2038
1016
1018
2042
1023
5
83
6
123
107
93
