151
512
1280
264
1288
1547
1035
13
1037
1296
274
2070
1815
537
1306
1820
2079
801
1315
550
1831
553
554
2091
557
816
1584
307
2099
1076
54
60
1340
576
833
2114
836
325
1862
1095
1097
1866
1613
338
341
85
1110
1367
87
343
1880
857
2137
2140
1119
1631
867
356
1381
2150
1126
359
1646
1134
878
623
1904
2164
2165
1909
633
1405
2175
384
2177
389
901
903
1159
393
1164
1933
1167
2192
401
1425
1938
659
1172
2199
1431
1688
920
1691
923
156
157
670
1951
2209
162
1444
2214
1191
1193
1195
172
1708
1196
1453
2222
178
180
949
1974
1977
954
1978
956
1981
189
1983
1219
2244
1477
2246
1479
713
1737
1743
211
1747
1491
2005
981
984
985
732
1505
2019
227
230
743
1512
1515
750
496
1778
245
2042
1275
1535
1
123
