153
1028
1797
517
774
1032
9
1545
265
1034
1547
268
525
782
527
1807
1296
1042
533
1302
1560
1562
1818
1052
1309
287
1824
1827
1060
1829
39
553
297
44
1325
558
1071
1074
1588
565
311
1593
57
1339
1084
63
833
577
1095
329
76
845
1361
340
84
596
1111
1114
607
356
1125
1637
869
1638
870
359
104
1387
875
107
620
366
1391
881
370
1653
630
377
637
127
128
1666
644
904
136
905
139
1419
396
910
143
656
913
657
658
1426
915
662
410
1691
157
926
415
672
673
1441
1189
421
1190
935
1193
170
1451
1452
1716
949
1721
1722
955
1211
1470
191
1215
194
1731
963
708
457
1225
969
202
458
1485
1491
469
985
475
1501
734
1504
481
993
738
739
1508
1766
1523
757
1269
1529
1018
763
1021
254
2
43
125
