156
1280
515
1795
774
1546
1802
267
779
1548
782
1808
1296
1553
274
1043
1556
21
1560
1818
1562
795
1563
285
1822
542
1312
1058
1572
1060
37
1829
1574
40
297
553
810
555
1323
1836
561
1585
1076
310
311
58
1338
577
836
329
843
76
1361
1106
338
851
1620
1114
1627
606
1120
1634
1123
1382
1385
362
618
620
621
879
1136
881
370
1139
1396
1141
1145
1402
891
379
898
1667
1414
135
136
650
906
140
398
910
912
1426
1174
1686
919
409
412
1436
670
926
414
671
160
672
421
1189
1702
935
168
683
1196
174
175
1199
1714
1207
1722
955
1213
701
703
1731
963
196
1478
455
967
1479
968
969
1226
458
1742
718
977
723
980
1237
1238
984
1240
475
1245
991
1766
231
1512
490
750
496
242
1782
1016
506
1788
1790
1023
2
84
110
