158
1
257
1284
1796
1797
9
1034
1546
1547
779
11
268
525
1037
527
1551
1295
1552
276
533
1302
278
1052
1309
285
1822
286
798
1824
1057
802
1827
1573
37
1574
39
1831
810
1836
1325
1074
820
1588
565
1334
823
1593
1339
827
63
1603
1350
74
1354
332
850
338
340
84
1110
1111
88
1115
865
1122
355
356
1637
1125
1638
870
104
875
1387
1644
366
1136
1649
1650
1141
631
377
1145
378
637
127
128
640
1666
1668
644
645
395
139
652
909
1678
1166
143
656
913
658
1171
915
1688
410
1434
419
1190
679
1193
170
1451
1452
1712
688
1714
1716
949
437
1463
1721
1469
1470
708
1732
1476
1221
1485
210
1491
980
725
469
1238
985
1245
734
481
738
739
996
1508
1252
1005
1007
1264
753
242
1523
499
757
1269
1014
1529
506
1021
254
2
24
125
