1160
2050
6146
4098
2051
6148
6149
8197
10246
10251
10256
2065
8210
10259
6164
2070
22
10265
4121
10266
28
6172
6174
33
37
6189
45
10287
48
8241
8244
4150
10304
10309
4167
72
2121
10314
4171
4173
78
4174
10319
4176
2130
2133
86
2136
8283
10331
4190
2144
98
2150
10347
2156
10348
4204
2157
6254
10350
10351
6256
4208
8308
6261
2165
6262
8314
10362
6269
10366
2178
8323
2184
137
4235
8333
2191
4244
148
4245
2198
6295
2202
4251
2204
2205
10398
4254
159
6304
10403
10406
166
2214
2217
4266
2225
8370
2230
2232
184
2241
4292
10436
2245
10439
4298
204
4302
10447
8400
211
2259
8403
212
6357
217
219
220
8413
6365
2270
10464
2273
228
6376
10473
2281
10476
10479
239
6384
6385
241
10482
8436
244
8438
10486
10488
6396
254
4350
10498
8452
6405
4359
266
8458
8459
2316
8461
10511
6416
272
273
274
2324
8469
6425
10522
283
6429
8478
2334
2336
8480
6433
2337
8481
10530
290
4390
10536
8488
10539
2347
8492
10541
10543
2352
2354
308
6458
316
6462
6463
8512
4417
10562
2373
8519
2375
8523
4428
335
2384
4432
10579
2389
10582
2391
2399
4447
10594
4450
360
8552
10602
2412
6509
4461
365
366
2416
6518
8567
6521
6527
2433
390
2439
8584
8585
4492
397
6541
400
8594
10643
2455
410
8604
4510
6561
417
6562
10660
6571
2479
8627
436
8630
2488
6586
4538
6589
445
2494
2495
4544
4547
10694
4551
6601
457
10698
8650
4554
8653
463
8655
464
2515
10708
10710
8662
471
472
482
8676
8677
10726
8678
8680
6633
490
491
4592
499
8693
4598
2550
6647
6649
508
8703
6655
4608
513
8710
8712
2569
6666
8716
524
4621
526
2576
2579
6677
2581
4632
6682
10778
538
4636
542
2590
10784
4640
545
4641
548
10789
2598
8742
8743
2600
10794
10795
556
4655
10801
2611
4659
563
2614
4664
8760
2618
10811
2619
6717
8770
10819
8771
8777
6730
4684
2639
6736
10832
8784
8785
593
2642
4694
6745
10841
4697
8795
4699
607
609
6754
612
615
6759
8811
4717
4720
8818
4723
6771
4724
10869
2678
10874
2684
636
4734
2687
8831
2688
641
642
644
6788
10885
8838
2695
10891
2700
4752
4761
6810
8862
4767
8864
2721
4770
8867
678
681
6826
2730
10923
10925
686
10926
4784
10928
8881
8883
8885
4789
8886
8888
6841
2747
10942
4800
8899
8900
6852
6853
2759
2761
8908
4814
6862
8910
6864
8912
2769
6870
10966
4825
8922
6874
733
8926
4831
737
739
6885
10986
747
4844
2796
10991
4849
6898
8947
4851
6900
756
2805
4854
6904
11006
4863
6913
11010
11015
8968
8969
778
11022
6927
8980
788
2837
2838
792
8985
11034
11035
6943
8992
2848
6947
4900
2853
11047
11048
6953
4910
2863
818
9012
11062
2871
4919
4920
2875
2876
9022
831
6977
4931
4932
11078
2888
4939
2892
9037
11085
2894
848
4945
11092
4948
9045
6997
853
7000
11098
4954
7003
2908
861
11101
4958
11102
862
4959
7008
864
11105
865
7011
11109
869
11111
2923
7019
4971
876
9073
7026
4978
9075
9079
11131
11133
9087
7041
4994
2948
11141
903
11144
9097
11145
5001
5004
5006
911
9103
2960
7061
2965
7062
11162
9115
2972
5021
11166
9118
2976
11168
7074
930
7081
7082
11179
5035
2991
9135
9136
9137
2994
2997
11191
5050
11196
956
5053
9150
5054
11199
7105
11203
966
11207
967
969
9162
971
11215
11216
978
5076
981
9181
9182
3038
993
9185
3041
9188
11237
11238
5096
1003
7147
1004
1009
7154
11250
5107
5108
5113
7164
11261
9214
1024
9219
3077
11269
1030
11271
5128
1032
5129
1035
9229
7182
3088
11280
1040
11281
5138
1043
7188
3093
5143
3097
7193
9246
11295
5153
9252
11301
1062
1066
5165
1069
7214
5166
1071
9263
5168
7216
3120
5169
7217
9268
3125
9273
3129
7225
7230
7232
5190
3143
9290
9292
9293
5199
1103
9295
3153
9303
7263
7264
5217
7268
1125
1127
3175
5223
7274
5229
1135
9330
7282
3192
9341
5246
3201
7302
5256
7308
7311
3216
1168
3218
7316
1174
1175
3224
3225
5274
3227
9375
7329
1187
3237
1195
3245
1197
5307
1213
3262
3266
1219
9412
1220
5319
3272
7373
3279
7377
9425
1235
5333
5336
5338
7388
5341
7393
3298
9443
9451
1260
9454
1267
9459
1268
9462
9463
1271
9468
3326
5374
5377
3332
5387
9483
3345
7442
3347
7444
1301
9493
1304
5401
3354
9501
1313
7459
3366
5414
1318
7464
3370
7466
9515
5421
3376
3377
7474
3379
7477
7480
3384
1338
1340
5440
1344
7488
5444
1349
9541
7496
7501
5455
1362
7506
5459
7508
7509
1366
7511
1370
5466
3419
9564
1374
5472
1376
5473
3426
7524
9575
5480
1388
1393
5489
1395
1396
1403
7552
3457
5506
9606
3463
1417
3466
1419
7564
5518
9616
7569
7572
5527
7578
3482
7586
9634
1443
3491
1445
7592
5545
5548
3501
5549
7601
7604
7605
3509
3511
7614
5566
7617
9666
3523
1475
3524
9669
3528
9677
7643
5596
1500
3551
5599
9697
5602
5608
3561
3565
7662
5616
9714
7670
1528
1530
9722
1535
3585
9729
7683
3587
7685
9734
1542
9736
3592
5641
9742
1552
1553
3606
3607
9752
3612
9756
7712
1569
1570
1571
5668
3621
1575
9768
5673
5674
3629
5678
9776
1585
3635
1588
1591
9785
5690
7739
5691
5696
1600
3655
1607
7754
3660
3661
1614
1616
9809
3666
5715
1619
1621
7766
9816
1629
3678
9824
1632
3681
5730
1634
3683
7781
9831
7783
9834
3692
1644
7790
1646
9839
5744
3697
9842
9843
5747
1652
5752
9852
9855
5762
1669
1670
7816
3720
9866
9867
7825
9875
1684
1690
5786
3740
5789
3742
9890
5795
1700
9897
7849
1709
5805
3761
7857
5811
9910
9912
5817
1722
7867
3771
3773
9918
1731
7877
9926
1735
3786
5835
9933
1742
5838
3791
9941
1750
7899
7901
5853
5860
7912
7915
9964
7916
5869
7918
1774
1782
1784
1787
1788
5885
1791
7935
1793
5897
3853
7954
10005
10007
5912
1817
3866
10010
1819
3867
7965
10015
10016
3873
1829
7973
5925
5926
5928
3881
7980
3886
1838
7982
10032
10033
5937
1843
10039
3900
1852
3903
3904
3906
8004
1860
10054
1873
5970
1877
8023
3936
3939
3941
8043
10092
1901
1906
10100
3956
1909
3957
3959
10104
3962
8059
10108
3964
3965
3970
8070
3976
6026
1933
3982
3984
1937
8081
1939
3987
8086
10134
1943
8087
1944
1945
8089
10140
3996
6045
3999
4001
4004
8103
4010
1963
10155
10158
4014
4015
10160
8114
6067
10163
1974
8118
1978
6074
6075
4031
8127
10181
1989
6087
8136
6090
10186
6091
1999
8143
6096
10193
10194
8150
6105
10203
10208
8160
2016
6115
8165
4071
2023
4074
8171
10219
6123
6125
4078
4081
2036
4085
6134
2039
2040
4089
2044
8189
10239
3
161
75
175
