329
0
512
2
1027
516
1541
2053
5
521
9
10
1546
2063
1040
1042
2067
20
22
1046
1559
1561
26
2075
28
2080
2083
1571
35
2084
2087
41
1579
44
558
46
47
2096
1075
2099
51
1076
1589
1592
1083
1595
1596
1084
1085
575
64
2112
1090
1602
1093
583
1608
584
1609
588
1101
2125
2126
78
1614
2128
82
594
83
1107
85
92
2141
2143
1119
608
96
609
1122
2148
102
2150
615
1640
106
1643
1645
1133
2160
2161
1652
1653
117
1142
125
637
639
1152
640
1156
1669
1670
1673
650
1162
1165
1167
145
1681
658
146
661
1688
1689
154
1178
671
1698
1699
164
676
165
1703
1707
1204
1719
185
187
1212
189
190
1727
192
193
705
707
1733
198
1735
1224
712
201
717
1741
1746
1235
1748
1237
1239
217
734
1763
227
1764
1767
1255
232
233
1770
746
1264
755
1781
1269
246
1784
760
249
1787
1789
1278
767
1280
256
769
1283
1286
1800
1288
1289
1804
269
1806
1807
785
273
1810
1302
1815
1303
282
1307
1821
285
1823
1311
1825
801
1314
1315
1828
1829
1830
296
809
1321
1834
1835
303
304
821
1335
1848
1343
1856
1344
1858
1347
324
326
839
327
1865
331
845
1869
1871
1360
336
1361
338
1874
1365
853
1878
1884
1373
1374
1887
864
352
1376
865
354
1891
868
356
1382
1385
874
1387
366
1392
369
1395
1909
1403
381
893
1405
1406
895
896
385
1922
1923
903
391
392
1936
1425
1426
1428
917
920
409
1945
414
1954
932
420
1958
936
1962
942
430
1967
1455
1458
946
1975
1466
1978
1980
1469
447
1984
1473
1474
1989
1478
968
1481
1482
459
464
2001
2003
1492
2006
471
1495
472
1498
986
478
2020
1512
489
1513
2026
1516
497
2034
1012
2038
503
1530
1020
2046
17
131
5
101
134
8
75
43
46
111
146
84
85
21
119
58
31
159
