246
0
2565
1543
2570
1547
527
16
531
1557
1558
2584
1051
1052
1055
1567
2592
1570
2089
2603
2093
1581
1070
2606
1071
1586
2611
1075
52
565
567
2107
571
2108
1087
1600
1090
66
1602
1605
2629
1094
583
2121
74
587
78
2128
2642
1111
1624
601
2650
2139
1627
2141
1118
1125
1639
2152
2153
2673
627
1653
1141
121
124
636
1155
1669
1157
134
1159
647
1160
1675
654
2702
655
2192
2705
2194
662
1688
2713
1691
667
1695
2720
163
2723
2727
2226
1717
1206
2231
696
2233
1209
1721
186
191
1728
2241
2243
2246
1743
720
1235
2262
1754
226
1253
1767
1768
1771
1260
1261
749
1775
752
2288
1783
2295
760
1786
1787
1277
766
2302
255
259
1795
1796
1797
1288
1801
2313
1289
1802
1293
2317
1294
1295
274
1813
278
2327
279
1306
798
1822
1314
1829
1319
1321
1835
811
812
2352
1844
2356
1846
2362
828
1344
2369
835
1865
1354
1359
2386
343
1369
1882
2395
352
353
354
1890
1379
1380
869
872
1899
1905
883
1401
1402
1406
1923
900
1925
392
1418
907
1419
2443
908
2450
2451
1429
1430
2459
1947
2461
926
415
416
1954
1445
2473
938
428
2477
941
1458
946
437
438
2487
1464
953
1978
1983
2496
2497
2500
2502
1992
1481
1997
974
1487
466
984
2524
990
994
995
1514
1003
491
1007
1015
1531
507
4
99
20
139
155
