348
1536
1028
1543
520
1544
2569
522
523
2575
16
2584
1560
25
2075
30
2079
2080
32
33
1571
1061
1063
39
1065
1578
2091
43
1067
2092
2604
1581
1070
2098
50
1074
563
565
570
60
573
2112
1601
577
2627
2628
68
69
582
1608
73
2124
2637
589
2125
2126
1104
2641
1617
2130
594
2131
1110
600
89
2652
1628
1117
2141
1118
1121
1122
1123
2148
1637
2662
1639
105
1641
1642
2154
2155
1132
2156
2669
1647
1137
1139
2677
1141
1654
1144
122
123
1147
1661
1150
639
1664
129
1155
1156
1668
1158
135
648
1161
2698
1677
654
1166
656
1168
145
1171
1172
2197
1687
1175
1689
1690
1691
1692
1693
1694
674
1700
2213
171
2220
686
2226
1206
698
2236
2237
703
194
1731
707
195
2243
199
1224
2249
2252
206
1743
1747
1748
2263
727
2264
729
1241
1242
1757
225
226
2274
1251
228
1252
2282
1771
1259
751
1777
244
1781
245
1782
1785
1788
253
771
1796
1797
263
2313
777
267
2316
1293
1296
272
2324
2325
791
2330
796
2333
285
1310
1822
1823
1311
288
290
2339
291
1828
294
1319
808
812
1324
302
1838
304
1846
2360
312
1849
314
1850
315
831
2368
2369
835
323
2371
836
1348
2372
1862
1353
841
330
1867
2380
332
335
848
1361
339
340
2390
1879
1367
1368
1369
1881
1882
2394
1370
347
1884
860
861
352
864
1377
865
1378
867
1891
1892
1381
870
2407
2411
2417
883
2420
373
886
1911
2426
2429
894
383
2431
1920
384
1409
1925
2437
395
1933
1421
1425
2450
1939
916
406
407
2456
409
1945
1948
927
1440
2464
417
930
1443
2469
425
2473
1963
2475
428
1460
1461
2485
1975
2489
1467
444
2497
1987
964
2501
456
1482
1995
2507
1487
1999
466
2003
2517
474
986
2017
482
2019
483
1508
2537
2026
1515
492
1005
493
2030
2542
2543
1519
497
498
1523
2037
1527
1016
2041
2553
8
99
21
5
86
151
72
137
45
