294
1537
1027
516
1541
1030
1034
1036
16
529
1554
1555
1556
1045
534
535
1047
536
1052
541
29
30
1566
1055
31
544
32
1057
1571
1573
552
1064
41
1578
559
1074
1075
1076
1589
53
55
57
570
1085
573
61
62
577
67
1093
1608
585
1609
1610
1098
586
1614
1104
593
81
1108
597
598
90
603
1629
93
1119
608
1124
103
108
1644
110
627
118
1143
636
1148
1149
129
130
643
1667
1669
646
647
1671
1164
1677
654
1167
1171
1683
149
1173
1687
152
1176
666
668
1693
1185
165
677
167
681
1705
174
687
1715
1204
693
181
183
1208
184
187
1214
1728
196
1221
200
201
1226
1231
208
1747
211
726
1750
1751
216
217
219
1757
1245
1248
737
738
1764
1254
1766
743
1767
231
744
1769
1260
1267
1270
1784
249
1274
1280
1282
771
262
1803
781
275
791
1306
1819
283
1311
1827
1316
806
295
297
1328
1843
307
309
1333
823
312
1337
313
314
1851
318
830
831
323
835
836
1348
1350
1863
839
332
1869
1360
337
849
1874
1878
342
855
859
1371
1884
1378
1379
869
361
1897
1386
874
875
364
367
879
1904
370
371
372
1397
1910
375
890
891
1916
897
386
901
390
1928
906
394
395
396
911
1938
914
1427
916
1944
409
923
411
924
1438
1439
416
929
418
931
1446
1447
425
427
940
429
1456
1458
1459
435
949
439
953
1465
954
1467
449
961
1476
1479
1480
968
969
1482
975
1488
979
1491
980
1492
1494
472
984
477
479
481
1001
491
1517
1010
1012
1015
1017
508
509
16
130
131
6
107
43
77
142
113
52
85
21
151
119
58
155
93
