2424
8192
1
4097
8194
4100
7
4103
8199
8200
4109
15
8207
4111
16
8209
21
4119
4122
28
8221
4125
29
8222
31
8224
8225
4131
35
8228
37
4133
8230
4136
4139
44
4142
46
4143
8240
48
8243
4148
4149
53
54
8248
8249
57
58
8251
59
61
4160
8256
8257
8258
71
4168
72
73
4172
8268
8271
4176
8273
4179
83
8278
86
8279
4184
8281
89
4186
4187
8284
93
4189
8285
8287
4191
8288
98
4195
100
103
8298
4203
8299
8300
8301
8303
112
4214
4215
4216
120
8314
4218
4221
125
4223
131
8324
133
8325
4230
135
136
137
8329
8330
140
4238
4240
8338
8339
8340
148
8341
8342
4247
151
8345
4249
8347
4253
157
8350
4254
159
8353
161
162
4258
4259
164
8358
4263
168
4265
169
4266
8363
8365
177
8370
8371
180
4278
4279
4280
4281
186
187
188
4285
190
191
8386
4290
4292
201
8395
4304
4305
210
8402
8403
212
215
4313
219
4315
8412
4316
4317
8415
4319
223
224
4321
4323
8419
230
8422
4327
8423
4328
233
4330
234
4331
8430
4334
4335
239
241
8434
242
4338
8435
4340
8436
245
246
8440
4344
8442
8444
4350
4354
258
8451
4355
259
262
4359
264
4363
267
268
8461
269
271
4370
8466
4372
276
8469
4373
8470
4374
8472
4376
4377
283
4380
285
286
8479
4384
290
8482
8483
291
8484
292
4388
8486
4390
4391
295
298
8490
8494
302
8495
4399
8497
306
307
4405
4409
8505
314
8509
318
8510
319
320
4416
8513
321
322
323
4421
4424
329
4425
8522
330
331
4431
8528
339
4435
8534
342
4440
4441
8542
350
352
4448
8545
4449
353
4450
8546
4451
4454
361
4458
4459
363
4461
367
4465
8562
373
4469
4470
4472
4473
379
8571
382
8574
4478
4479
385
8578
387
4483
390
8583
394
4490
8586
4492
8588
398
8590
4495
401
402
403
4501
407
4503
8599
4504
408
411
8604
412
413
414
4511
417
418
4514
419
8614
422
4519
423
8617
425
8618
429
4525
430
432
4528
8625
4531
8627
8629
438
4535
440
442
443
4540
445
4542
8639
449
454
8646
4550
4551
8650
4555
8653
462
4558
4559
4560
8657
4562
4565
8662
470
4566
472
8664
474
4571
4572
4573
8670
4577
4578
8675
4581
488
4584
8681
489
490
8683
491
8684
8685
8686
8687
4593
497
8690
500
501
4598
503
505
506
4604
509
510
4606
4608
8705
514
8706
515
4611
518
519
4615
4616
4617
8714
522
4620
8716
525
526
8720
4625
529
8723
532
4629
533
534
539
4636
540
4640
544
545
4642
548
551
552
553
554
4655
560
4657
561
564
565
4661
4662
567
572
574
4674
579
4676
4679
4680
590
4688
4689
594
4692
598
600
601
4699
603
606
4702
4705
610
4706
4707
612
4709
4710
615
620
4717
622
623
4720
4722
626
627
4725
4727
4728
633
4729
4730
634
635
637
638
4735
4738
644
4742
4743
650
4746
4747
652
4752
4753
4754
4760
4761
667
4763
4765
675
676
4773
4774
680
681
682
4778
4779
685
691
693
4791
698
703
4800
4803
4805
711
4812
4813
717
4814
4815
4818
4819
4820
724
4821
4822
727
4825
732
735
736
4833
4834
4836
741
742
4839
744
4840
4842
4844
4845
752
753
4850
755
4854
4856
763
4859
4862
4869
773
775
4873
4875
4876
780
783
4881
4883
787
788
789
790
4889
795
4897
802
806
4902
810
4906
814
815
4912
4915
820
4918
4921
4922
4926
835
4933
840
844
846
4945
4946
4948
858
4955
4956
862
865
866
4962
4965
869
870
4966
4968
4969
875
876
877
879
4976
4977
886
4984
4986
891
892
4992
4993
897
4994
898
899
901
902
908
5006
5008
5010
5015
919
5016
5018
5021
926
5022
5025
5026
5028
932
5029
935
5033
5038
942
943
5039
945
5042
953
5050
957
5054
960
961
5058
964
5062
967
5064
5067
972
976
5075
979
981
5078
5080
5082
988
5085
989
5086
992
5091
5099
1003
5100
1005
5103
1007
1008
5105
1010
5108
5109
5110
1014
1015
5113
5115
5117
5118
1023
1024
5121
5124
5126
1031
5128
1034
1035
5131
5133
1041
5137
5143
5147
5150
1054
5151
1056
5153
1059
1060
1062
5158
1063
5159
1065
1066
1067
5164
1071
1073
5171
1076
5173
1079
5175
5176
1081
1082
5178
1085
5181
5184
1088
1092
5191
1097
1098
5195
1099
5197
1102
5200
1107
5204
1111
5207
5210
1114
1115
1116
1117
1120
5217
1122
5218
1124
5221
1126
5222
5223
1127
5226
1131
5228
5229
1133
5230
1135
1137
1138
5235
5237
1142
5239
5241
5243
1149
5248
5249
1154
5250
5251
1157
1158
5255
5257
5259
1167
5263
5264
5265
5266
5268
1173
1175
5271
5272
1177
1180
5279
5283
1188
5285
5288
5289
5291
5293
1200
5298
5299
1205
1208
1209
5306
1211
5308
5309
1214
1218
1219
5315
1220
1222
5318
1225
1228
5326
5329
1235
5344
5345
1251
1253
1255
5353
5355
5356
5359
1266
1270
5369
5370
1276
5374
5375
5376
1283
5382
1287
5384
5386
1290
5387
1292
5388
5392
5396
1302
5398
1303
1309
5406
5407
5408
1315
5411
5412
1317
5418
1324
5422
5423
1330
5426
5427
5428
5429
1333
1334
1336
5436
1341
5438
1343
5441
5445
5447
5451
5454
1360
5456
1361
1364
5462
1366
5466
1371
5471
1376
5473
5476
5477
1381
1382
5480
5481
1386
5483
1389
5487
5488
5489
1395
1396
1399
1401
5497
5504
1410
1411
1415
1420
5516
5519
5520
1424
1425
5521
5522
5524
1429
1432
1434
5531
1437
5535
1439
1443
1446
5544
5546
5548
1453
5551
1458
5554
1463
5559
1464
5560
5562
5563
5564
1468
5565
1470
5566
1472
1473
1476
1477
1479
1480
1482
5580
1488
5590
5591
1499
5597
1502
5598
5601
1508
1509
5607
5608
1518
5616
1523
5621
1526
5624
1531
1532
5634
1540
5638
1542
5640
1545
5641
5643
1549
5646
1551
1552
1556
5658
1563
5662
5665
1574
1580
5677
1582
1583
1584
1585
5682
1587
5685
5686
5689
1594
1596
1598
1599
5696
1600
5701
1605
1607
5705
1609
5706
1611
1615
1617
5714
1618
1620
1621
5718
1623
1626
5724
1629
1630
1631
1632
5733
1637
1638
1640
1644
5743
5750
5751
1655
5752
1656
1665
1669
5766
5767
5768
1673
5771
5776
1680
5778
5781
1686
5783
5785
5790
5795
1701
1705
1712
5809
1713
1714
1717
5813
5815
1719
5818
5819
5820
1729
1731
1732
1733
5829
1736
5836
1742
5838
5841
5842
1747
1749
5846
5848
1754
5854
5856
1761
1762
1766
1768
5865
5868
5870
1777
1778
1780
1782
5878
1786
5882
5883
5884
1790
5887
5889
1794
5895
5901
1805
5902
1810
5909
1816
1817
1818
1827
1829
5927
1837
1839
1840
1842
1843
5945
5946
5949
5950
5951
5952
1859
1860
1862
1863
5960
5962
1868
5966
5969
1874
5970
1877
5975
5976
1880
1883
1886
5983
1888
5985
1889
1890
1891
5987
1893
1899
5996
1903
1906
6003
1910
6006
1911
1916
6017
6020
1925
1930
6026
6028
1933
6032
6035
6036
1941
1944
6040
1945
6044
1948
1956
1957
6054
1964
1968
6065
6066
1972
6072
6074
1979
1980
6078
1983
6079
1984
6081
6083
1988
1992
1993
6090
1997
2000
2001
6100
2005
2006
6108
2012
6109
2014
6111
6113
2017
6114
2020
2022
2023
6120
2024
6121
6123
2027
2028
6124
6126
6127
6128
2033
6129
6130
2036
6134
6135
6137
6139
2044
2045
6142
2048
2052
2053
6153
6154
6156
2062
6158
2064
2065
6164
6165
2069
2070
2071
6170
2074
6171
6173
2077
2079
2081
6178
6179
6183
2088
6185
6186
6187
2096
6196
6197
2101
2102
6199
6201
6203
2107
6204
2110
2111
2112
2116
6212
2120
2124
6220
2129
6226
2132
6230
6233
2137
6234
6237
2142
6238
2143
2144
6241
2147
2151
6247
2152
6249
6251
2155
2157
6256
2161
2162
2163
6262
2170
6267
2172
6269
2175
6271
6272
2177
6277
2183
2187
2190
2192
2194
2196
2200
6300
2204
6303
2208
6304
2209
6309
2213
6311
6312
6318
6319
2223
6324
2228
6325
2229
2230
6327
6328
2232
2235
6332
6334
2239
6338
6340
6342
2246
6343
6345
6352
2257
2258
6356
2260
2263
6364
6365
2269
2270
6368
2274
2276
2277
2282
6378
6380
2287
6384
2291
6388
6389
2295
2298
6397
6399
6401
2305
2306
2307
6404
6410
2317
6415
2320
6416
6417
6419
6420
2327
6424
6425
6426
2334
2336
2341
2342
6439
2343
2344
6441
2346
6445
6453
2358
2359
2360
2361
2362
6458
2363
2364
2366
6462
6466
6470
2375
2378
6474
2379
6478
2382
2383
2384
6481
6482
6490
2394
6493
6497
2407
2412
2413
2416
6512
2420
6517
2422
6519
2424
6526
2431
2436
6533
2438
6537
6538
6539
2443
2446
6544
2448
2449
2455
6552
2461
2466
2467
2470
6571
2477
6573
6577
6578
2484
6585
6587
6588
2495
6592
6594
2499
6596
6597
2502
2503
6599
2505
2507
6604
6608
2512
6610
2515
2517
6614
6615
2519
6618
6620
2525
6622
6623
6624
2530
6630
2536
2538
6634
6635
2546
2551
6647
6648
6650
2555
2557
6654
6655
2559
6656
2560
6658
2566
2569
2571
6670
2576
2577
6675
6676
6678
6680
6681
2586
2587
6684
2589
6687
2595
2602
6700
2605
6702
2609
2611
2619
6715
6720
2625
2626
2627
6723
2628
6727
6728
2632
6730
6731
2637
2640
6737
2641
6738
2642
2643
6739
2644
6740
2646
6742
2648
6745
6746
2654
2656
6755
2660
6757
2662
2664
2666
2670
6766
2671
2676
6772
2680
6776
2684
6781
6782
6783
2688
6785
2690
2692
2694
6791
6792
6794
2700
2701
6797
2707
6804
6805
6808
6809
6812
2719
6816
2720
2721
6818
2723
6821
2730
2732
6829
2734
6831
2736
6832
2737
2739
2740
2744
2745
2750
2751
6848
6849
2754
6853
2757
6854
2762
6859
6860
2765
2766
6864
2769
6867
2774
6871
2777
6873
6876
6878
2786
6882
6886
6887
6888
6890
6897
2801
2802
6899
6900
6903
6905
2811
6910
2814
2817
6913
6914
6916
2820
6918
2823
6920
6921
6922
2826
2831
2835
6932
6933
2839
2840
6940
6941
6943
2847
6946
2851
6948
2853
6951
2856
6952
2860
2863
6959
6960
2864
6961
6963
2868
2871
6968
6969
2874
6976
6978
6980
6982
2886
6984
6985
2889
2892
6990
2901
2903
2904
2905
2907
2909
2911
7008
2912
2913
2916
7016
2921
7018
2923
2926
2930
2931
2936
7036
2944
7041
7043
7046
7049
7051
2957
7058
2964
2965
7064
7069
7072
2978
7075
7077
2982
2983
2984
7085
2989
2992
7091
2996
2998
3000
3001
3002
3003
7101
7102
3007
3008
7105
7109
3014
7111
3021
7120
3024
7121
7122
3028
7124
3032
7128
3033
3034
3036
7135
3041
7138
3044
7141
3047
7143
3052
7149
3053
3054
7153
7156
7157
3062
3063
7160
7161
7162
3070
7167
7171
7172
3078
3083
3084
3086
7182
7183
7184
7187
7189
7191
3096
7194
3103
3105
3107
3114
7210
7212
3119
3123
3125
3126
3127
3129
3130
7226
7231
3136
7239
3144
3145
3146
7242
7245
7248
7249
3153
3155
7252
7253
3158
7255
3160
7258
3164
7260
7262
3166
7263
3167
7265
7267
3171
7268
3172
7269
7272
3176
7278
3183
7282
7283
7285
7286
3192
7288
7290
3201
3203
3204
3207
3209
3212
3215
3221
3222
7318
3223
7321
3227
3229
7326
7331
3238
3239
7336
7337
7338
7341
7342
3247
7343
3248
3249
3251
7348
7349
3258
7356
7358
3263
7360
7361
7362
3270
7367
7368
7370
3275
7372
3278
3283
3284
7381
7382
3286
3287
7386
3292
7388
7394
3300
3301
3303
7399
7401
3307
3308
3310
3311
7408
7409
7411
3316
7415
3322
3324
3325
3326
7423
3335
3336
3337
3338
7435
7436
3346
3347
7445
7446
3351
7449
7455
3360
3363
7459
7460
3365
7467
7471
7474
3379
3380
3382
7478
7479
3385
7484
3389
3390
7487
3393
7489
3397
7494
7497
7498
3405
7501
3406
3408
3409
3411
7507
7508
3413
3414
3421
7530
7531
7533
7534
7538
7539
7540
7542
7543
3449
3451
3452
7549
7550
7552
3456
7553
3457
3458
7555
3460
7560
3465
3467
3468
3469
3473
7569
3474
7571
3477
7573
7574
3478
3479
3482
3483
7579
3485
7581
3486
7583
7585
3489
3490
7587
3494
3498
7594
3499
7603
3507
7604
3508
7605
3509
3510
7609
3513
7610
7612
7613
3520
3521
3522
3523
7619
3527
3529
7627
3532
7628
7631
3535
3536
3541
3542
7640
3545
7642
3548
7645
3553
7649
3559
3560
7657
3563
7660
3569
3573
7671
3578
7680
3584
7682
7686
7689
7691
7693
7697
3601
3607
7704
3610
7706
3613
7711
3617
7716
7719
3627
3628
3631
7727
7731
3636
3637
7737
3642
7739
3647
7743
3648
7744
3649
7746
7747
3654
7752
7753
7754
3658
7759
3664
3665
7770
7771
3676
7775
3679
3681
7778
7781
3690
7787
3691
7790
7795
7797
7798
7799
3705
7802
7806
3710
7808
7809
7811
3715
3717
7815
7816
7817
7819
7820
3728
7825
3729
7828
3732
3733
7832
7833
3741
3743
3745
7842
7844
3749
7846
3750
3751
3752
7851
3757
7854
7857
3762
7859
3764
3770
7868
3777
3779
3780
7881
7885
7888
3800
3803
7899
7900
7901
3806
7903
7904
3809
3811
7915
7916
7917
3822
7918
3824
7921
3825
7923
3829
7926
3831
7930
3835
3837
3842
3844
3845
3847
3848
3849
3850
7946
3854
7950
3855
7951
3856
3858
7955
3860
7957
3862
7962
3867
7964
7966
7969
7970
3874
3876
3878
7975
7978
3885
3887
7983
3888
7987
7988
7991
3896
3898
7995
7997
3905
3907
8004
8005
3911
3913
8010
8012
8016
8019
8021
3929
8029
8030
8031
3935
3937
8034
8035
8036
8039
3945
8042
3946
3950
3951
8049
3958
8054
3959
8055
8056
3962
3964
8063
3967
3968
8065
8066
3971
8067
3972
8072
8074
3980
3984
8084
3989
8090
3997
8095
4002
8098
4003
4007
8103
8104
4008
4012
8109
4015
8111
4016
8114
4018
8115
4021
4024
4025
4026
4028
8127
8130
4039
8136
4041
8138
8145
4049
8147
4053
4055
8151
8153
8155
8156
4062
4064
4067
8163
4068
4070
8166
8167
4071
8168
8169
4074
8172
4079
8177
4082
4085
8184
8189
47
128
2
5
325
392
393
9
139
203
76
268
397
77
82
83
84
23
343
25
26
282
348
414
96
33
98
100
102
294
168
106
171
45
368
370
243
52
116
245
119
121
58
60
253
254
319
127
