5364
16384
16385
32771
8195
16388
24581
8197
10
24586
16394
16395
12
8207
16399
32783
16
17
16402
24595
20
24596
16405
21
16407
16412
16413
32799
33
32802
8227
16419
35
32803
32804
32807
8231
41
42
46
47
32815
8240
16432
16433
8242
16436
8247
60
8253
61
62
24639
64
8257
24641
16449
32834
8258
8259
16451
24647
24648
16457
77
24655
32857
32859
32860
93
8286
8288
8289
99
16485
16488
105
106
24683
8300
8302
16494
16496
24689
32884
16500
32886
32889
122
24699
16510
8319
24704
8320
16514
130
8323
16516
24709
32901
24713
32908
8336
24721
8341
24725
32918
8343
32920
24728
8344
24729
32922
16538
24735
160
16546
24740
32933
8357
24743
16551
8361
32937
16554
8364
16557
32941
32943
176
32945
24753
180
32948
32949
24759
24762
8380
8381
32958
24768
8385
24769
24770
16579
32965
16583
8394
16589
24784
8401
24785
16598
16601
219
32991
16610
8419
232
8425
242
33010
244
24821
16629
24822
33015
33016
33017
8444
253
256
8449
258
33031
264
16649
24842
16651
8461
272
273
33042
24851
8470
8471
16664
281
282
16666
16667
284
8478
33054
286
8480
8481
33057
8484
295
8488
297
16683
299
24875
300
24877
33069
24881
308
310
311
33083
16700
16701
8510
33086
33088
8513
16705
24900
16711
16714
33098
16715
8525
8529
33105
33106
338
339
33108
24916
16726
16729
24922
347
348
8544
33120
16737
33123
8548
33125
24934
24936
16745
362
33133
8557
8559
16753
24945
8563
16758
24951
376
33144
16761
8575
24960
24961
8579
8580
24968
8585
8590
16783
8593
33171
8596
407
16792
33177
24985
8603
16796
24990
33184
8611
24995
24996
16806
24998
33191
8615
16810
8618
33196
435
436
16821
33206
16823
440
8635
25021
33214
33215
25023
16833
25026
33218
33220
16837
33222
455
16840
458
33227
25036
33228
33232
8656
33233
16850
25047
8668
478
33247
8672
8676
16870
8679
33256
493
8685
25072
497
33267
8691
8693
16885
16887
503
16888
16890
8698
16894
33281
513
25089
8707
33283
16901
25094
33287
8713
33292
25100
16909
33295
33297
25108
534
33302
8727
16920
25115
8732
33310
16926
542
8736
546
8738
25123
548
25127
8745
554
556
25133
16942
559
561
16946
565
16954
16956
25155
579
33351
8776
586
33355
589
33360
33361
25169
33363
16984
8792
33369
16985
25178
602
8797
16991
8799
16992
25185
16994
33379
8803
16995
612
616
8809
25194
25196
33393
33394
8819
33396
25205
25208
17016
633
17020
8829
637
25215
8831
641
8835
645
33413
8838
33415
648
17034
8845
8846
655
661
25238
663
33433
33436
8862
8863
8864
17059
8868
33445
8870
17063
682
17067
8876
17072
17076
25270
694
8886
695
697
25273
8892
33468
17088
705
33476
8904
8905
713
25290
33483
716
8910
33487
17103
720
721
33490
25300
33492
8918
33494
730
731
8924
17117
33504
33506
738
25314
25316
33509
747
25325
8941
25327
8943
25331
33523
33525
8949
33526
8952
33528
8954
767
8959
25344
8962
771
772
17157
25350
774
33545
25354
779
8972
785
786
25363
17173
8983
17176
17177
25372
17182
799
33568
801
802
25380
33575
807
25386
17194
9002
9009
17201
17205
33590
33591
33595
832
9024
33601
9025
17219
835
25414
17224
33608
841
9033
33610
33611
9038
33617
9042
850
25426
25427
9043
33620
17236
9045
855
9047
25433
25436
862
863
25439
33633
9061
33638
25447
9064
17256
33641
9065
33643
9069
33645
9079
17274
17276
25469
9090
898
17282
33668
900
25478
17287
9095
908
9100
17298
9106
25493
17302
9111
17304
33688
17306
33692
25501
17309
925
9118
931
33700
25508
935
25511
17320
939
33707
33708
25521
17329
17331
33716
17332
25529
17338
9146
17341
957
33726
959
9154
25539
17348
25544
9162
17354
973
17360
25552
976
9168
33746
9170
981
25562
986
25565
990
991
9184
994
33762
25570
9186
33763
1001
9196
25582
9200
1011
9203
33780
1013
25589
25591
33783
17399
1016
1017
25595
9211
17403
1024
25601
9219
1031
33799
17418
1035
33807
9232
1044
9243
9244
1053
33823
1057
17445
17446
17450
25643
9259
25644
9262
1072
1074
33842
25652
9269
9271
1080
9273
33849
25659
33852
1084
25662
1089
17477
25669
33861
1093
9286
25671
33863
1096
25673
33865
33868
1100
33869
25679
33872
17489
1105
17490
33874
25683
33876
9301
25692
1117
1119
1121
33889
17505
17507
9316
17508
33894
1130
25706
17514
25708
17516
1133
1137
25713
17522
1139
9332
33909
9335
25720
33912
9336
17529
25722
33915
33918
9343
9344
17540
25734
25735
17543
1160
33929
25737
25739
17548
1167
9359
17552
25744
9361
9362
25746
33940
25749
1174
1175
1176
9369
17561
17562
25758
1183
17569
1188
1192
17576
33961
9385
17582
1203
1206
1208
9401
33977
1209
25786
9403
25791
33984
25793
17602
1220
9412
9415
33994
33998
1231
1232
34000
1234
9427
25811
17620
25812
34008
1242
25819
17627
25821
1246
1250
25826
1251
9443
17636
1252
17638
25830
17640
9450
17642
34029
9453
9454
34032
34035
1267
34036
25845
34038
34039
9463
1271
17656
9465
17659
1280
9475
1283
1285
9477
34060
25871
25872
9489
25873
17681
34069
17687
1303
25879
1304
1305
9498
25883
1310
1312
9504
9505
25891
34085
17706
25901
1326
9520
25907
1331
34100
9526
1336
25912
9530
25916
1341
25918
25920
17730
34117
34120
25931
9547
34130
1365
9558
25944
17754
34141
9566
25952
17761
34147
17767
1384
9577
34157
17777
1393
17781
1399
17785
9594
17788
25981
34174
9601
34179
1413
1418
34187
9611
17803
25996
34188
34189
17805
25997
1423
25999
17810
34201
17819
9628
34205
9633
34209
26020
26021
1447
34215
9643
9644
9646
1458
1461
34229
9655
34232
9660
1469
1470
34240
9664
1473
9667
34244
17860
1477
34245
34246
26054
17863
26058
17868
1485
17870
9679
9680
17875
26067
34262
9686
34263
1495
26075
26078
9694
34275
17891
1508
26085
9707
34286
26095
17905
26098
1524
1526
9719
1528
9720
1529
1530
17915
26109
9726
17920
1537
26116
17929
9744
26129
34321
17937
1555
9749
9751
26138
9756
17951
17953
34337
34339
17958
9766
34345
34346
34347
26155
1580
26158
9777
34356
1590
26167
34362
17978
34365
17982
9792
9795
34371
26179
17990
26183
34379
26188
9805
17998
1614
9806
34386
26194
1621
18005
1623
18007
34393
9817
1626
26203
34396
26204
34397
26210
34403
18020
18025
26218
9835
1644
18029
9837
18030
1647
26226
1651
9847
1656
9850
1658
26235
1660
9853
1664
34433
26241
9857
34434
9861
34438
18054
26249
34441
18058
26251
9870
34451
1684
9877
34454
9879
1687
9887
26271
34463
34465
34471
9896
9901
34481
26290
18100
9910
9911
34487
26297
26298
26299
1724
18108
26304
34496
34498
18116
34501
9925
26309
18118
34507
26315
18125
34510
26321
18129
26322
26324
26325
18133
34518
18134
1753
9951
9952
1763
26340
9956
26344
9961
18159
9968
26353
18164
1786
18174
26366
9983
18177
26371
34563
34564
9989
18182
26378
1803
26379
1804
34572
18190
1807
18191
18192
18197
26394
10011
26398
26399
10016
1827
26403
10021
26405
26406
1832
1835
1840
26416
26418
1842
10035
10038
34618
26427
18235
18244
34628
34631
18248
34632
18249
10057
34634
18250
10060
10063
18256
34641
10068
26452
34644
26455
34650
10076
18270
18276
26468
10086
26471
18279
1896
18280
18281
26476
34669
18285
26477
18291
34675
10100
1912
18297
1913
26491
1917
34686
1919
26496
10113
18306
1925
10118
1926
18311
26504
18317
26516
10133
18326
1944
34713
26522
1948
18332
26525
1950
10145
34722
34723
18341
1958
26534
26535
26536
1964
26541
26543
10161
18354
1970
34739
18357
10166
26551
26553
34746
10172
18367
1987
26564
1988
18374
34758
26567
1991
34760
10184
34765
10189
18382
10191
34768
2004
26580
26581
18392
10200
26587
18397
18398
34784
34785
18403
10214
18407
10215
18410
26606
2031
10223
34799
34800
26609
10228
18420
10230
18422
26615
26617
18425
34811
26619
26620
34813
2048
18433
18434
2053
10247
10248
34825
2060
10255
34832
34836
18454
18455
10263
10264
18456
10265
34841
34842
10266
18459
26658
26660
2085
10278
34855
18472
2089
34858
34860
10286
10288
2099
34867
10292
2102
10297
26683
26684
18492
10302
18495
34880
2114
10309
26693
18501
26694
34889
34895
26705
18513
18515
26707
26709
34905
2138
34907
2140
34909
2143
26719
26721
2145
26724
2148
10340
26727
26728
10347
34924
18540
10351
26736
2160
18545
10355
34931
10357
18551
10359
34936
34938
26747
18555
2173
10365
18558
2174
10367
18560
18563
26755
34948
26761
10378
34954
2187
34955
18572
26765
34957
2194
26770
34965
26774
2200
26776
10393
18587
10399
2207
26784
2213
18599
10407
10408
10409
18603
34991
18607
26800
10417
26803
26805
10423
18615
26807
2237
10429
18621
35007
26816
10433
26818
18630
18632
18633
10445
18639
10448
18640
18641
26835
2259
26836
2261
35029
26844
2268
26845
18654
10466
18659
10470
26855
10472
10473
35050
18666
18667
2283
10475
10476
35052
18668
2285
18670
35056
10481
10482
18674
10483
2292
18678
10488
35065
18685
2302
26879
35071
2306
35074
18691
2307
18695
35079
2311
35082
35083
2316
10509
26894
10512
10513
26898
2323
18709
2327
2329
26907
18722
10532
35109
35111
35112
10538
26924
35116
2351
26929
10550
35126
35127
18744
2364
26943
10562
18760
18762
18763
35147
18765
2382
35150
2384
35157
35162
26971
2395
18780
35168
18786
2402
26984
35176
10600
26986
26987
18797
2413
2414
26990
18801
2417
35187
35190
10614
10615
18809
2427
18815
27007
27009
18818
35203
2435
2436
18820
10630
18822
10634
10637
18830
27022
10640
2451
27028
10647
35224
2458
27034
10650
18843
2459
10653
35230
27039
2464
18852
2468
35239
18856
35245
18862
35246
2479
10672
35252
18869
35253
2485
2488
10682
10684
35261
18877
2494
27070
35264
2497
27073
35266
2498
2499
10692
2501
18885
10694
27081
27088
2513
18898
27094
2522
18911
35297
18913
27106
2530
10724
27108
10725
10726
10727
2536
10728
27113
10730
27114
27115
35308
2540
27117
10733
2543
10737
35314
18930
27123
18932
18933
18934
27126
10743
35320
18937
35322
10747
10748
27134
35326
2560
10753
18946
18949
2570
10765
10767
18960
35344
18963
27155
2581
35351
27159
10775
2585
18970
2587
18975
35362
18979
18980
2598
18983
10792
18986
35371
10795
10796
35374
27185
18993
18996
10804
27188
27190
10806
27191
35384
35386
27194
2622
19006
35390
35392
10819
27203
19012
2632
27210
19019
27218
2647
19032
10842
27226
27230
35422
27232
10849
19041
2660
35429
35434
10859
35435
19055
35442
19058
35443
27251
35447
10871
2681
10873
2682
10874
19068
35452
10877
10879
35455
10881
27266
35458
10883
19075
2693
19077
19078
10886
27273
35465
19081
35466
27275
35467
27277
35469
19087
19091
35476
19096
19097
10905
35485
2720
19105
35493
10918
35495
35498
2735
27312
19124
2743
19128
2745
27325
2749
19136
2752
27329
10947
10948
19140
19141
19142
19143
10955
19147
35534
2769
19153
19154
27348
10965
35541
19157
10967
2775
19160
35546
35547
19164
27356
10974
27360
2786
10979
35557
27365
10982
2792
19180
19181
19185
19186
10994
35572
10996
11003
19195
19197
11007
19201
2817
35586
2821
27399
2823
35591
2824
2825
35594
2829
2830
11023
27409
2834
19219
11027
11029
35606
35610
2845
35614
35615
27423
2848
35616
2849
27428
11045
19238
2855
2856
35627
2861
11057
27443
19254
35638
19257
35642
11068
35645
2879
11072
19267
19268
27461
11080
35657
19276
35661
35663
19285
27478
19287
2905
27481
2906
35675
11099
19292
35680
27488
27489
2913
27490
19298
35684
35685
35686
27495
35692
2927
11119
2928
19313
19315
2933
27511
19319
11130
2938
19324
27516
27517
19326
19328
2945
35713
27522
2949
27525
27526
2951
19336
27528
11144
35721
11145
27529
27531
11148
27535
35727
11152
19344
2964
11158
27542
11159
2968
2970
11163
35739
19357
19358
19359
2978
11170
11173
27560
35754
2986
27566
2991
19376
2994
11187
35765
27573
27576
35769
3001
11194
27579
35772
11197
11198
3007
3009
19394
19396
27588
11205
27590
3015
19399
11208
3017
35786
19402
11213
35790
11218
19413
35799
35800
3036
35805
35806
3038
27616
19426
35812
3045
27623
35815
3047
3048
3049
27626
27627
3052
19436
35821
19437
11246
11247
19439
27632
19440
35825
19441
19442
3058
27635
27637
3061
11253
27638
3069
3072
3074
35843
35844
11271
35847
27656
35849
35852
19469
11277
11278
11279
19474
11283
19476
35862
19482
11293
35869
35871
35873
3106
3108
27684
11302
35878
3111
35879
11303
27689
27691
35884
3117
27694
3119
3120
35890
19506
19507
11315
3125
35893
35896
3130
11322
27706
19515
35899
19516
35901
19518
27710
19522
19524
35911
19529
27722
27723
27724
3151
27728
3153
11349
3159
19544
3160
3161
27738
35935
3168
11360
27746
19554
11363
35942
19560
11368
19561
19562
11373
35950
19568
3184
11376
19570
3187
11380
19574
35959
19578
35964
11390
3199
35968
27777
3202
27778
27779
11396
27780
3205
19589
35974
3206
11398
27784
3209
11401
3212
11405
11407
27792
35985
19602
11410
27794
35986
19603
19606
35990
3222
3224
27801
3226
35994
3227
27804
11423
19615
19616
19618
11428
11429
19623
3240
11432
36008
36009
3241
3242
11435
11438
11442
36021
19638
36024
11450
11455
36033
19649
11458
3267
11461
19654
27849
3275
11467
3276
19662
3279
19664
36049
11473
11474
36051
19668
3286
11478
36055
19675
11484
3293
3297
19682
27875
3300
11495
3307
36076
11502
19694
11506
27892
11508
36085
36087
19704
11513
3321
19707
36093
19710
19713
11521
19714
27907
3332
11527
3336
19721
3338
19722
11531
3340
36108
19725
3341
36120
36122
19738
36123
27933
27936
27937
36131
27940
11556
36135
19752
19755
19758
19760
11569
3377
11570
11572
3385
36154
11578
36155
19772
11582
11583
19776
36163
36164
3396
19780
11588
36166
19783
19784
11593
27980
3406
3408
36177
11601
27987
27990
3416
19805
11613
28000
36198
11623
11627
3436
19821
11632
28016
19825
28017
36210
28020
11636
36214
28023
19833
36217
36218
19834
36219
36223
3457
3458
11650
19846
11654
36232
11657
19849
3466
11660
19852
3472
36241
36242
28050
28051
28052
11669
3478
11672
19866
19867
11680
3490
11683
19877
36266
28074
11691
28075
11692
11693
28080
36272
19888
3505
11697
36276
36281
11705
19897
28090
28091
36283
3519
28096
11713
19906
28099
19909
36294
28104
36297
28107
28111
28116
36309
11735
19928
19930
3546
28123
36317
3549
3552
36321
11745
28129
36325
11750
11751
11753
3565
28145
3570
19956
28149
3575
19961
3578
19963
11771
11772
11773
28157
3586
28162
3589
36360
28169
28170
36365
19986
3603
28180
36372
11800
36377
11801
28187
28188
3614
36382
20002
36386
36390
20009
28202
20011
36397
11822
11823
28209
20018
28210
3635
20021
36405
20024
28219
36411
36413
28227
11844
36421
11845
20038
11848
28232
11853
11856
3665
3666
11858
11860
20056
11865
3675
36444
28252
11868
20063
28255
20064
11872
36452
3685
11879
36455
28267
3691
36460
36462
20079
36463
36467
3700
11894
28278
3703
20089
28281
36474
36475
3707
36476
28284
28285
28286
28289
11906
3715
11907
28293
11909
3718
28298
20112
20115
3732
11929
36505
20122
28314
11930
11931
36510
11934
11937
11941
36518
28326
11945
36521
3757
3760
20144
36529
20145
28338
3763
11956
28340
20151
20153
3771
20156
28349
3773
20157
11966
20159
11970
3778
20163
28355
28357
28361
28362
20171
36558
28367
20176
20178
20179
28372
28373
20182
28375
11992
11993
20185
28378
20186
20187
20189
36573
3812
36580
20196
12005
3814
28392
3817
3818
28395
28396
20205
28401
12017
28402
3826
28404
36598
12022
28406
20216
28409
12027
3836
28413
3839
12031
20224
28417
12034
20226
28419
3844
20229
12040
36616
28425
12041
28426
28427
20236
28428
28429
3855
20239
36623
12048
3857
12051
28435
28436
36628
3860
12053
12054
36635
28444
12061
3874
28451
3876
3877
12070
28456
3880
3883
36652
28460
28464
12083
20276
28469
28474
20287
36672
36673
3905
20290
36677
12104
12105
12107
3916
20301
12112
28498
28501
20310
20311
12120
28505
28506
12122
3931
20317
12125
3934
12131
12132
3942
28520
20328
36712
3947
36715
28523
20332
3950
12142
20336
36721
20340
3956
12150
3958
20343
28537
36729
12155
3964
20349
20353
3969
12163
3974
36744
3976
3977
3986
36756
12181
36762
28570
20380
20383
36771
4003
12195
4006
28585
12202
28587
20395
12203
12204
20396
36781
28591
36788
12213
4023
20407
20408
28601
36796
20414
4031
4033
36802
20423
36808
4042
12234
28619
12235
20428
28621
36813
28622
36816
12242
28627
36824
4059
4065
20455
4072
20457
4073
20460
4077
28655
36849
12275
36853
4086
4088
4089
12282
12284
4094
12288
12291
12294
4103
28680
28683
12299
20492
4108
20494
36878
28690
20500
4116
12309
36885
36887
4120
4124
28703
20512
28704
28706
36898
36899
12323
4134
28712
4137
4138
28718
4149
28726
36920
28730
20540
4157
36927
4165
28742
20554
28747
12364
4173
20558
36942
4174
36943
28752
12368
36944
20561
36948
28758
20570
12378
4191
4193
36963
36965
28775
20584
4200
12393
20585
28779
36972
12397
4207
20593
28785
12401
20594
12402
20596
28790
20599
28792
4218
20602
4221
36990
12415
12417
36996
4229
28807
36999
4232
37001
12426
37004
37009
4242
37010
20628
4246
12440
4249
20633
20635
4252
12445
28833
37025
37027
37028
28837
12454
4263
37033
20649
12458
28844
20652
20653
12462
20654
20657
4274
37043
12468
37044
4279
12471
37049
20665
37050
12475
4286
37055
28864
37056
4291
12483
28868
4295
37065
12489
12492
4301
37072
37074
4307
37077
20693
28888
12504
4313
4315
20699
28891
4318
37087
37091
37093
20713
4329
12523
20716
4333
4335
37104
4339
28919
4343
12535
20728
12537
12538
4347
20732
28926
12543
4351
12545
20739
28932
28933
20742
20743
28937
28940
37136
12561
12562
12566
28951
20762
37149
4386
37155
4387
12580
12582
20776
37161
20779
37165
4398
20784
12596
4405
20791
12600
12601
4412
28988
37180
20797
4414
37182
12610
20803
37187
4421
4427
37197
4430
4431
29008
29014
4441
20828
12637
29021
12638
37214
12639
4448
20835
4452
20837
37221
4453
12646
37223
12647
29032
37224
20841
37225
12650
37226
29034
29036
20845
4461
37231
4466
4467
37235
4468
20854
37240
37243
20860
29052
20862
29054
12670
4480
37248
37249
4484
12677
29062
37254
37257
4490
12684
12685
29071
12687
12689
4498
20882
29074
37267
29076
4502
20888
37272
4506
37275
20892
12704
12705
4514
20898
37282
4516
37286
20902
20904
20905
4521
37292
29102
37297
37299
29107
4534
12727
37305
37308
29116
4542
12735
12736
29120
20928
37314
12738
20931
12748
12749
12751
29135
29136
4561
12755
4563
37332
29142
4567
37335
29146
37339
4572
20956
20959
37344
29152
29153
12770
12773
37351
12775
37352
29161
20970
37356
29167
4593
37364
29173
12793
12794
29180
37373
12797
12806
37385
37386
12810
12812
12813
21006
4622
4623
29200
21011
4628
37397
29205
4632
29209
21017
4633
29215
12834
21027
29220
37413
21033
4650
21035
37420
21036
4652
4655
29232
37426
12850
12851
21043
12852
29239
4663
12855
37433
21051
4668
4669
4670
12862
21055
37441
29252
37445
12871
4680
37448
29256
29257
21065
29259
21067
12875
29260
29264
21073
29267
29268
37462
4695
29273
21081
37465
12890
29277
4703
21089
37473
37476
29284
21094
4714
21098
37484
37487
29296
12913
21105
4723
37491
4725
29301
12918
21110
21111
37496
12922
29307
21117
29311
37503
29313
21121
12930
4741
29323
4751
12943
37520
21137
29330
21140
21142
12951
12952
29337
37531
29339
21147
37535
29345
4770
37538
21155
4771
21156
29350
21161
12969
37545
4778
12970
37548
37550
21167
12977
29363
29366
37561
4794
29370
21179
21180
37566
37567
29377
21187
4803
21190
13000
29384
4810
4812
13004
21196
4813
29389
29391
29392
37585
37586
21203
4820
37591
29400
4827
21212
37597
29407
29408
37601
29409
29412
13029
21223
13031
29419
13036
21229
29423
13040
29424
29425
13044
29431
21244
4862
4864
13057
4866
4868
21253
4869
4870
4871
37641
13065
29452
13069
21261
29454
4878
4880
37650
21268
37652
21269
13081
21275
4892
37660
13084
29470
13088
21283
29475
29481
13099
13102
29489
29490
4915
13108
37685
4917
29494
37686
13113
37689
4925
4928
21313
29505
37700
29510
4936
37705
29515
37708
4945
29521
13138
4948
29524
29526
29527
29529
4957
21342
37729
13154
21347
13155
29540
13157
21349
29543
13159
37736
4968
29545
4969
29546
4971
13165
13168
29552
13169
37746
4978
37747
13173
13174
4983
29559
37751
37753
4986
29562
13178
4988
37757
21373
29566
29568
29569
13186
29575
13191
21384
37768
37769
37770
5008
37777
29586
37779
13204
29590
21404
13212
29597
5021
37790
29598
21410
13219
13221
13224
5033
13228
29615
37808
37809
37813
21429
21431
13240
5052
29629
29636
37830
37834
13260
5068
21454
5070
13263
13264
5073
29651
37843
5076
21461
29653
5078
37846
5080
13272
21470
21473
21475
21476
13285
21477
37864
5102
13294
37871
37875
29684
13301
13302
5111
37880
21496
13305
21507
13318
29703
13321
5134
5135
21522
13330
5139
21523
29716
37910
21527
13336
29720
5145
37914
37917
29727
21535
29728
5153
5162
37931
5163
21550
29742
29744
13361
29748
5175
21559
37943
13369
13370
21562
29755
5180
29758
13375
21570
13379
5188
37960
13384
21577
13387
37963
5197
29777
13394
29779
37973
13397
29781
37975
13400
37978
21596
13405
5213
29790
37983
29791
21601
13410
29794
21605
29798
37993
37995
5227
13422
38000
21616
29809
38006
13432
5241
29822
21630
21631
29823
21632
13440
38018
21635
13446
38024
21644
29837
5264
21649
5266
21651
13462
29848
21657
29850
29851
13468
29852
13469
13470
29856
13473
21666
5282
5286
21671
38056
29864
38060
38063
13487
21680
21681
21682
5299
29876
5301
38069
13494
29878
13496
5304
21691
21694
13502
5310
13503
29887
13505
5313
29889
38081
13506
29890
38083
29892
5318
13511
5326
29903
13520
5328
21712
21713
38097
38098
13522
29907
13524
29911
21719
21720
21721
29914
13532
5340
21726
13534
21732
13543
5354
13548
13549
21741
38125
21742
29935
29936
13553
38130
29941
21749
13558
29943
13562
21755
21756
13565
38141
29950
5376
13569
29962
21770
21771
21773
13582
38160
21776
38163
29971
21781
21782
38169
5402
21786
21788
38174
29984
5411
13603
29989
5413
21797
29992
21803
38188
21806
5422
21807
29999
13616
5424
21809
30002
5426
5430
30007
21816
13626
13628
38207
38209
21827
5444
30021
13638
5449
21834
38219
5451
5453
5454
5455
13647
5456
21840
13650
5460
30037
21848
5464
5466
38235
13659
21852
13663
21857
5473
13666
5474
5478
13670
38247
30055
21865
38249
30058
13675
21868
13677
21873
21874
21876
13685
21877
5496
13689
38265
5498
38266
21888
38272
30082
13698
5506
13699
38277
5509
30087
5511
21899
5517
30096
5522
5525
13717
21910
38295
13720
13722
38299
30108
38300
13725
30110
21918
38304
13728
38305
5540
21924
13733
5543
13744
5553
5555
30131
21940
5556
13750
5559
30136
5561
21946
30138
13755
21949
38334
38335
13761
21954
5571
13766
21961
5577
38346
13770
30164
21975
13784
38361
5596
30173
13791
21987
5607
30184
5608
38377
13801
13805
13809
22005
13814
30202
5627
13821
22013
13822
22019
5635
30212
22020
13831
5639
5642
13835
13836
22028
30220
22030
30223
38416
30228
38421
5655
13848
13856
5665
13859
30243
38436
38442
13867
38446
22065
22067
22068
22074
13883
13884
22083
38467
30276
38470
5706
13898
13900
22092
22094
38479
5713
38482
13907
38483
30291
22100
22101
5718
13910
13911
30295
30296
5722
38492
38493
13918
22113
5730
22114
30307
13925
22117
5734
5735
38507
30315
30317
38509
22126
13935
13936
13937
22130
30323
30324
13940
13941
22136
30331
22140
30337
38530
5767
13961
22154
38539
5772
30351
5776
30353
22161
5778
5779
13972
22164
30358
13977
38555
30367
13983
38560
22176
38561
22179
22180
5797
13989
38566
5801
22185
13993
30379
13996
13998
38574
22192
5811
5812
14006
5817
14010
5821
14015
38593
22210
22211
30404
30405
14022
5830
30406
30408
5833
14026
30411
14028
22221
5838
14030
22224
5840
30418
22226
30420
14039
30423
22232
30428
30430
30432
30433
22242
38626
38627
38628
5861
30438
5862
14055
14056
30440
30441
30442
38637
5869
22253
30447
22262
30455
30456
14072
38651
22268
30462
30463
22271
22273
22274
30466
5890
14084
14086
38663
30472
14090
22282
14091
38668
22288
14096
5907
22291
22292
14107
22300
5916
30492
30494
38686
14113
5921
30500
5925
38694
30503
5932
22317
14125
30509
38703
30512
14132
22325
14134
30520
5945
14137
22329
30523
38717
14144
5957
22341
38725
22342
22345
5961
5962
30542
14158
22351
5969
38737
30545
30547
38739
38741
30550
38743
14167
38745
5978
22363
38748
30558
14174
30564
22372
38757
5989
30566
38759
30572
5999
6003
22388
38773
14198
22391
30583
6008
30584
14202
6012
14205
14208
30593
14210
38787
22404
22405
22411
38796
38802
6034
6035
22421
14230
30615
14231
38808
22427
22428
6045
22433
30625
38820
14246
6054
30631
22442
30637
38831
6063
22447
22448
38833
6066
30643
6069
38837
6070
38839
6071
6072
14267
30652
14269
30655
38848
30658
38854
22472
38857
6089
22475
38860
14285
6096
22481
14290
38869
14293
6102
22487
30680
30681
22490
14299
30687
22497
6113
14306
22498
30692
30693
14310
38887
14311
38889
30697
22507
30700
14316
6126
38895
6129
30707
22515
6141
30718
6142
30719
38911
22527
22529
30724
14346
30731
14347
14350
6158
22545
38931
6164
22548
6165
6169
38938
6171
38939
38940
14365
22562
38946
38948
14372
30757
22568
14376
6186
38956
30765
6191
6193
22577
30771
22579
22580
14390
38967
22583
6199
14391
14392
30778
38972
30780
14399
22591
30784
22594
30786
14405
38984
6216
30793
30794
22603
30796
14413
30797
38990
6224
22609
30803
22613
6231
38999
30808
6235
22622
22624
30818
30820
14437
30822
39014
6249
14442
39019
6253
14446
6254
22641
39027
6260
39029
6264
30841
14462
30848
30849
14465
39047
22664
22665
14479
6287
22672
30865
22673
22674
14482
39058
39059
14484
30871
30873
6298
30874
14492
30879
39072
22688
14497
39077
14504
22696
39081
14506
30891
22704
39088
22705
14514
14515
6323
30900
39093
39096
22713
6330
22723
39108
22725
6345
6346
30922
22731
39117
39118
22736
6355
6356
22740
22741
39127
6360
30940
14558
6368
30946
14564
6375
30953
39145
22762
30956
6381
6382
22767
22769
22771
14581
30967
6393
6395
6397
39168
6400
14593
6402
30980
22789
30982
14601
30987
39180
30989
14609
39189
30998
22807
39191
39193
14619
14622
22816
22820
22821
14632
14633
6444
22828
22831
39215
14640
39218
39226
14651
6462
6463
31041
31046
22855
39240
31048
31049
14667
6475
39244
6477
22862
6478
31054
39247
39251
22867
14676
39254
31062
31064
6488
31065
6489
6491
14684
14686
39262
14688
31076
22886
31078
39272
39273
14698
6507
14700
6512
31088
6513
14707
31091
22900
31092
39286
39291
6523
39292
22908
31100
14717
31101
6525
14718
22911
31105
6533
39302
6534
31113
6540
39313
6547
14739
39316
31127
14744
22938
6558
6560
22950
31145
22953
31146
22954
39338
31148
14766
22959
22963
22964
39349
39354
14778
22972
39356
14780
31166
22977
6594
6595
31172
6597
31173
22982
39366
39368
6600
14793
6607
14801
22993
14802
31186
31188
22997
14805
14806
39384
31194
39386
39388
14813
23006
39391
31199
31201
6627
31203
6628
23013
39398
31207
23017
14825
23018
39402
31218
14834
23028
14838
14840
31224
31226
23035
39419
31228
31229
6654
39423
23043
31236
14854
39431
14855
14857
6665
14858
14861
23056
6674
39444
6680
31256
39449
39452
23069
23071
23073
23074
6691
23075
23076
14889
39467
31275
23085
14896
6704
39473
31286
23094
23095
23098
23099
31291
6715
31292
39488
14912
14914
14917
31302
39497
23113
39499
23119
14931
23128
39513
31321
39514
31324
31326
39520
31329
31330
14947
6755
14951
39531
39532
31340
6765
31342
6768
31346
23155
39539
14963
31348
39540
31352
39545
23163
14971
14972
31358
6785
39555
6787
14980
31364
39557
39558
39559
6793
39561
6794
39562
39566
14991
39568
31378
6803
31379
6805
23189
6806
39575
23194
39578
31388
15004
31392
6817
6819
23206
39591
15017
31401
39594
15018
23211
23212
15022
31406
6832
23216
31409
6833
23218
23219
39606
39610
31420
31421
15037
15042
23235
6851
31427
31428
31429
39622
31433
6859
31437
39630
6863
31439
39633
39635
15060
31447
6871
23256
15066
6875
23259
6877
6880
6881
15075
15076
31463
15081
39660
39661
39662
6895
15088
6896
23281
23285
31478
6903
39672
39675
15099
6911
39679
23298
31490
39685
6917
39686
15111
31498
15115
31499
39692
39693
15119
39696
15121
6930
6931
15124
31508
23317
6941
31519
15139
23332
31524
31528
6953
6956
23340
31532
6963
6965
23349
23350
15159
15160
23355
15164
31548
31549
15166
23359
31552
15170
23363
23364
6980
31557
23367
23371
31564
6989
31566
6990
31572
23381
23382
15190
15192
23385
15194
23391
15202
15203
7016
7021
31598
7025
23409
31612
7040
15234
7043
23428
31621
31623
31625
23434
23435
7052
15248
15251
15254
31641
15259
31650
15268
31654
15272
7085
31661
7087
23473
7090
7094
7095
15287
7096
23481
15292
23486
7103
31681
15297
23490
7109
23495
7115
15309
23501
31695
7119
7122
31700
7126
23511
7131
7132
15326
31710
31713
31715
23523
15332
31716
23527
7145
7146
31726
23539
15347
23540
31732
31735
15352
23545
23546
23554
23556
7173
7174
23562
15377
23570
23571
15380
15382
15384
15385
23578
31772
7198
7199
23583
31777
23585
7201
31779
23589
23593
31785
15402
7210
31792
7216
31794
15411
23604
15413
23607
23609
15419
23621
15443
15444
7253
31830
15446
23640
31833
31837
31840
7265
15457
15459
31846
7273
23658
7277
31854
15470
31857
31861
15478
7286
15479
7287
15480
7289
7293
15498
15502
31889
23698
31890
31891
23701
15509
31893
31895
15512
31896
7321
7322
31899
15516
7327
31903
7328
15521
15525
7334
31911
23723
31920
15539
23731
23732
23736
7354
31931
15551
23743
15552
31936
7363
7365
7366
7369
15562
23754
31948
7374
23762
7380
23765
15575
23774
31970
7396
7398
7401
15593
15595
7404
31980
15597
31983
31984
23793
15601
7409
23795
15604
15606
31990
15608
32000
15620
15621
32007
32013
15630
23824
32017
32021
15639
32024
23833
15641
15644
32029
23840
7456
15649
7459
7462
32039
7464
7469
15663
23855
23856
32049
32050
7475
15667
23862
23864
32058
7484
23868
15676
7485
32061
32063
32065
23875
7492
7494
32073
7498
7499
23883
32076
15695
32080
23889
23890
23896
15704
23897
7520
23905
15717
7526
32102
23912
23913
23914
7530
7532
15724
7536
32112
23921
32114
23922
23923
7542
15736
23931
7547
32126
32127
32129
15746
15747
7556
32133
15750
7558
23942
23943
23944
32138
23949
7566
32142
23953
7571
23957
15771
15773
23969
7585
7587
32163
32167
15784
23976
7596
32172
23981
7598
32174
32175
7602
23986
23987
32179
15801
7612
15804
23999
15808
32197
15815
7623
32200
32208
24016
32209
15826
7636
15829
32214
7639
32216
15833
24028
7645
15838
24030
32227
15844
15845
7653
32230
15848
32244
32247
24056
7673
24057
24058
32252
24061
32253
32258
32262
32264
24078
15891
32279
24088
7707
7708
24094
15902
32287
32290
7715
32292
15910
15911
32298
24106
24107
15917
32301
15920
32305
15925
32309
15927
24121
24129
7747
7748
15941
32326
7751
7753
7754
15949
32336
15959
15960
24154
7772
24157
24158
32352
24160
7777
15970
15972
24165
7784
7786
24171
32367
32370
15987
32372
24186
32379
24188
32383
24193
32392
24201
16009
32394
24204
16013
32398
16016
7829
32406
7830
16024
16027
16029
32415
7839
16033
24226
16035
32420
16036
16038
32422
24231
32423
16040
24234
7855
32432
24241
32435
32442
24256
24257
16066
16071
7879
24271
7887
16082
16084
24276
32472
24281
32477
32479
32482
24292
16103
7913
32491
16108
7920
32496
16112
32498
7922
24307
32499
16116
32502
7926
24311
7927
16121
32506
16123
7932
24317
16125
16128
24320
16130
32514
16131
24327
7943
32522
32523
24333
32525
16142
7950
24335
32527
7955
16148
16149
16150
32535
16153
7962
16154
32539
7965
24350
32543
24351
7967
24352
7970
7972
16164
32549
24358
32551
16167
7975
16168
16169
16173
7985
16177
32562
32563
7987
7989
32573
24382
32575
24383
8000
16194
8004
8005
32581
8008
16201
8011
32590
16207
16212
24406
8025
24410
16218
16219
16220
32604
8029
24415
8032
24417
32610
16226
24420
32618
16234
8043
16238
24431
16240
32626
24434
16242
8051
16245
24437
16247
32633
8057
24442
16252
32637
32639
8065
16259
24453
24454
32648
24456
24457
24460
8076
8079
32656
32658
16275
16276
24471
16279
8088
32665
16281
16282
32668
24477
24480
8103
16296
32680
24489
16297
16298
8106
24492
32687
16304
16305
8115
32697
32700
16321
16322
32708
16324
8133
8136
8137
16330
16332
24524
32719
8143
32720
32721
24532
8149
8150
16346
24540
32732
16348
8162
8164
32743
16365
16372
24567
32759
32761
16383
32767
8
176
211
469
229
183
456
285
221
