3681
16384
0
8195
4
5
16389
16390
8200
16392
9
10
16397
16398
8209
20
16405
8213
16408
26
27
16412
16413
29
8221
8223
8225
36
37
16421
39
16424
8232
16426
43
8236
45
8237
48
8240
8241
16433
16437
56
16442
8250
59
16448
16453
71
16457
16462
8271
16465
8274
8277
16470
8280
8283
8286
94
97
8289
98
16482
101
106
16495
113
8308
117
8310
16502
119
16503
121
8316
8318
8319
16512
16513
129
16514
130
8323
16517
134
16518
135
16520
8330
16526
8336
8340
16534
153
16538
8346
8348
156
16540
8349
157
158
159
160
16545
164
8359
8363
16556
175
180
8372
8373
181
16567
8375
184
185
187
8382
16578
16579
196
200
201
204
16588
208
16596
216
8409
8412
220
222
8415
8416
226
8420
8421
16613
231
16618
8427
236
8430
240
8436
245
246
8440
249
8444
16637
255
256
8452
16645
261
16648
16656
8467
277
16661
16664
8472
281
8474
16666
285
286
8479
287
288
16674
291
8484
294
8487
8488
16682
298
8492
8496
8497
8499
8500
16692
8507
16699
316
16705
16707
325
326
328
8521
8525
8526
8527
8528
16721
8530
339
16724
8534
343
16729
345
349
16734
16737
8553
16746
365
16753
16761
8569
383
16773
8582
8587
8591
400
16784
401
404
412
8604
413
8608
16801
8610
8611
8612
8613
16808
16809
427
430
16814
16815
8625
16817
8628
16824
440
8632
8634
8635
445
8638
8640
8642
451
16836
453
8648
457
458
8658
8659
468
8661
16854
475
16862
8672
8675
8679
488
16874
16875
493
494
8686
8689
16881
498
16891
507
508
8708
516
8709
16901
16902
519
8713
526
8720
530
8723
8724
8726
16921
8730
16922
16925
8733
8735
8736
544
8737
545
16932
16943
8752
562
16948
565
16954
572
8768
576
578
8771
16966
16967
16970
8778
16972
16973
589
8784
16980
8788
8793
603
606
16990
8799
8801
610
611
617
618
8810
622
8814
8815
624
17008
625
17010
17011
8820
17012
8825
17019
635
8829
8830
642
645
17031
8840
650
8846
17040
17041
8849
8850
8851
659
17049
8858
17051
8860
8862
17056
672
673
17058
674
677
678
8871
17064
17067
8875
8876
685
8879
8881
17074
17077
17078
694
8887
695
699
8894
17087
8896
17088
710
17094
8902
711
8905
8908
8912
8913
17106
17107
724
17111
731
17122
17123
17124
17127
8935
17128
17132
8940
8942
17136
8945
754
17141
8949
758
8957
8962
771
8965
774
8969
777
17162
778
781
783
784
786
8978
789
17173
17175
8984
17179
17180
802
17186
17187
8995
17191
9000
17193
17195
812
17197
9005
17200
817
818
17202
9010
820
17206
17211
9022
831
17217
9028
17230
17232
849
17236
853
855
9047
9048
856
857
859
17246
17247
17248
866
867
9061
870
9062
871
872
17256
17258
874
9066
9068
9069
878
881
17265
882
9075
9076
9077
888
17272
9083
891
17277
9086
17282
902
17290
9101
9102
910
912
17299
9112
9113
17308
9116
925
17309
926
9118
9119
17316
17317
9126
17322
9130
17324
9133
943
17328
9137
948
17333
17336
9144
961
962
17348
966
968
17352
969
9164
972
9165
17358
9172
9173
983
985
9178
9180
988
17373
17374
17376
994
9191
9192
9198
17395
1017
17401
9212
1021
17407
1025
9217
1026
9218
9219
9220
9221
1030
9223
17417
9225
9228
1037
17424
1041
1043
9239
9242
17437
9250
9253
9254
17447
9255
9257
17449
9258
9260
9262
9263
17456
17457
1075
9268
1077
17461
9273
17467
1085
17469
9280
1098
9291
1100
17485
17489
9297
9298
17491
17493
1113
9305
1115
17499
9309
17501
1118
1119
1120
17504
1121
17507
1124
1126
17510
17513
1130
9323
17515
1132
17517
1134
17519
17520
1145
1148
9345
9348
1156
17542
9360
9361
1169
1170
9362
9363
1171
17557
1174
17558
17560
1179
1181
9373
1182
1183
17569
9379
17572
1194
9395
1206
17593
17594
9403
9404
9406
17600
1218
1221
1222
17607
9419
9422
1232
1235
1236
17620
1241
17626
9435
17628
17630
1246
9439
17633
1249
9444
17636
17640
1257
9450
17655
1271
1272
9469
17661
9470
1286
1290
1296
9489
17681
1298
1299
17683
1300
9492
17684
1303
9495
1308
1313
17701
9512
1323
17708
9517
17709
9519
1327
17713
9521
1329
17714
9522
17715
17718
9528
1341
9538
17730
9541
9543
17736
17737
17740
17741
9550
1358
1359
17747
1364
1365
1367
9561
9562
1372
17760
1378
1379
9572
9577
1386
1389
9582
9584
17777
1395
9590
17782
9594
1402
1403
9595
9598
1408
9602
9605
9607
1416
9609
1419
9611
17808
1425
9619
1427
9620
1431
9623
17815
9625
1435
1436
9630
17824
17825
1444
9636
17830
9639
9642
9646
9648
9650
1459
1462
9656
9657
9661
9662
17856
17857
1476
17865
17868
1487
9680
1490
9683
17876
1497
9690
9692
17886
1504
1508
9700
9703
1511
9705
17900
1523
9717
9720
17913
17915
17916
9726
9727
9732
9734
17927
9736
17930
9742
1550
9743
1551
17935
17937
1553
17946
1564
9756
1568
1569
9763
1572
1573
1578
9771
9772
9774
9776
9777
9778
9779
1589
1590
17975
17977
17978
9791
17983
9792
1601
17985
9794
1603
9796
1607
17992
17997
17998
18000
9811
9815
1624
9816
9817
18010
1627
9821
18016
9826
18018
1636
18025
1645
1646
1655
18041
9853
1662
9856
9857
9858
1668
9862
9865
18057
9868
1678
1679
9873
18066
9876
18069
9881
1692
9889
18082
9891
1699
1702
18086
1703
9896
18092
9905
1714
9907
1716
18103
1722
9914
9916
1726
18110
9918
1728
9922
9923
9924
18119
9929
9930
1739
18124
1741
1745
9943
9944
18138
1754
9946
18140
1757
1764
1765
18155
9964
18156
18157
1774
9967
9968
1780
9975
1785
9979
1788
18173
18175
18181
9989
9991
1800
1802
1803
18193
1814
18199
1817
10010
1820
10014
10015
10016
1824
18210
18211
1830
10023
18216
18220
10030
1840
1841
18228
10037
18232
1849
10042
1852
18237
10048
10051
1861
1862
10057
1866
18251
10066
10069
18261
18263
10071
1882
18266
18268
1884
18278
10086
1895
1898
1899
10094
1902
18286
18287
18289
18290
1906
10099
1909
10102
18294
1911
18296
1912
1913
18298
1914
10111
1921
18307
10116
1925
10119
10122
1931
18316
18317
1935
10127
18321
10130
1940
10135
10136
18331
10145
18337
1954
18340
1956
10149
18342
1959
18346
10158
10163
1972
18358
10167
1975
10169
1978
1979
18363
1983
18368
18369
18371
1992
18377
2001
2003
10199
10204
2013
2015
10208
2017
2021
18406
18409
18410
10218
18413
2033
2036
18421
10230
10231
18423
2040
2041
10235
18428
18432
10240
10243
10244
18436
10245
10252
10258
18451
18453
2069
2071
18456
18459
18461
2078
18463
18464
2083
2085
10278
18470
10280
2089
18477
2095
10287
10289
2097
18482
2100
10292
10297
10299
10300
18497
18499
10309
10310
10312
10313
18509
10317
2125
10318
2128
18515
10327
18520
18521
18522
10331
10333
10334
10335
18528
2145
18529
18530
10339
10340
18532
18533
10342
10343
10345
2156
10350
2160
18544
10353
2162
2165
18549
10357
2167
18552
10361
10364
2174
10368
10369
18563
2182
2183
10376
10383
18575
18577
18581
2198
2199
10391
18585
2203
2204
2211
2216
2221
2222
2224
10418
2231
10424
2233
18624
10432
2241
18627
10438
10440
2248
10443
18639
18640
10448
2257
18641
10449
18647
2263
10455
2264
10457
18649
10458
18651
2268
2273
18658
18662
10471
10472
18665
18668
18670
10479
10482
2292
10484
18678
2297
10490
2299
18685
18686
18687
18688
18690
2309
2310
2311
18697
10505
18698
10507
18700
2316
18701
2319
10513
18706
18707
10515
10516
10517
18711
18713
18720
2337
10529
2338
18723
10532
2345
10539
2347
2350
2351
2353
2354
10547
18740
10549
18742
2358
10553
2366
18751
2368
10561
2371
18755
18759
10569
10572
18764
2382
2383
18767
10576
18768
18777
10587
18783
18789
18790
18791
10600
2408
18792
2409
18793
18795
18796
18798
2415
10608
10609
18803
10612
10617
18812
10621
2431
10624
10626
10628
10631
10634
18831
18836
2453
10645
18838
10646
10649
18843
2460
18844
10653
10655
18851
2468
10661
10662
2473
10666
10667
18860
10671
2481
10673
2482
10676
10677
2486
18871
18874
18876
18877
10686
18879
18885
2502
10696
10698
18891
2508
18893
2510
18897
10705
2513
2515
10707
18899
2516
10709
18905
2522
18906
2523
2527
18913
10724
18917
10725
10728
2540
10733
10735
10736
18929
2545
2546
10739
10740
2549
10741
2550
2552
10745
18938
18940
10750
18944
18947
10755
2564
2565
2567
10761
10769
10774
10783
2591
2593
10786
18979
18982
2602
10795
2604
2606
18990
18993
2610
10802
10803
19000
10809
19004
19006
10814
2624
10822
2630
10823
2632
19016
2634
19019
10829
2638
2642
10835
2644
19029
19030
10840
2650
2651
2654
10847
10848
2665
19050
19052
10860
2669
19054
2673
2677
19061
2678
10872
2680
19065
10874
2684
10877
10878
2689
19081
2702
2704
10898
2712
10905
19097
2714
19099
2718
19104
2720
10915
2723
10916
19110
10919
2727
10920
10936
19134
2750
2753
2754
19140
19143
19145
10954
2766
10959
2769
19157
10966
2775
10969
10973
10974
10977
10978
2792
2798
19183
2805
2806
10998
10999
2808
2811
11004
19199
2817
19201
19203
11012
19208
11017
19212
2829
11022
11023
2832
19217
2834
11030
19223
11031
2840
11034
11038
2848
2849
11042
11043
2851
2856
19246
11054
2863
11055
11059
11060
2875
2877
11070
11071
19264
11073
19267
11079
2887
19274
11083
2895
19283
2900
11096
11098
2908
19294
2914
11108
19301
19302
11116
19313
2930
2931
19321
11130
19323
2940
11133
11139
19332
19334
19336
19338
19341
11152
19350
2967
2968
2970
2972
2973
11166
11167
19361
19363
19364
11173
19366
2983
11175
11176
2985
2986
11178
2991
2992
11184
11186
19382
11190
2999
11193
19386
3004
19389
3006
11200
19395
3011
11204
19396
19397
11209
19403
11211
11212
3022
19406
11215
19411
3030
19414
11226
3034
19422
19423
3042
19428
19429
3046
11244
19439
3055
11250
19443
3060
11253
19445
19449
3067
19453
11262
3070
19456
3072
3073
11265
3074
11268
19462
3079
3080
3081
11274
19467
11278
11279
3089
3090
3094
11286
11289
19482
11293
3106
11298
19491
11299
3108
19492
11302
3110
11303
19499
19502
19506
3122
3123
11316
19509
3127
19513
3130
11322
11323
3134
3136
3139
19523
11331
3140
11333
11336
19531
3148
11342
3158
11350
3160
11356
3165
19552
3168
11362
11363
11364
11368
3176
19561
11370
19563
19564
3181
3182
19567
3183
11378
11383
19576
11391
11392
19587
11396
3205
19589
19593
3210
19604
19605
11416
3224
19608
19611
19616
11428
3236
3237
19622
11431
19627
11437
11441
3249
19636
3254
19638
19640
19645
19648
3264
19651
11463
11465
3275
11467
19660
3278
11470
11473
19666
11476
19671
19672
3288
3290
11482
3291
11487
19681
3297
11495
11497
3306
19690
3307
11501
11502
19694
3311
11504
11510
3321
3323
3324
11516
3331
19716
11526
3334
3337
3339
3341
19727
3346
19730
11540
19734
3351
11544
3353
11545
3355
11548
11550
11552
3361
3364
19754
19758
3376
11568
19761
3377
19762
19763
3390
19785
3402
3404
19790
19794
11602
11603
19797
19799
3417
19801
11611
3419
3424
3425
19809
11618
3426
3427
11620
3440
19825
19826
3442
11637
3447
19832
3449
19834
19840
11648
3457
19843
11653
3462
11654
19846
3464
3465
19851
11659
3467
3469
3471
11663
11665
3476
19867
3484
19868
19869
11677
11678
11680
3488
19875
19880
11691
11698
19891
19892
11701
19893
3511
11705
19898
19900
19901
19904
19908
3525
3526
19911
19912
3529
19914
3530
3532
3533
19920
11729
3538
19922
11731
3542
3543
11737
11739
3554
19938
19940
19942
11752
11753
3563
19949
11758
19950
19951
3569
19954
11762
3573
11767
19959
3576
3580
19969
3588
19974
3592
3594
11786
19981
11795
3607
19991
11801
11802
11803
3614
11806
20000
11808
20003
3621
3622
20011
11821
3629
11822
3631
20018
11827
20019
11828
3639
20023
11835
20027
11836
3645
20031
20033
11841
3650
20035
20036
20039
20040
3658
20044
3661
3662
20046
20048
11856
11857
11858
3666
20053
11862
11863
20056
3673
20057
20061
3679
20066
20070
20071
11881
3689
20073
3691
20075
11884
3693
11886
3694
20082
3699
11894
3703
11896
3705
20089
3706
11899
3709
3710
20095
11906
3715
11912
3720
20107
3727
11920
3728
20113
11921
11922
3731
20116
3733
20117
3735
11927
3737
20122
11931
3739
20123
3740
20125
20127
11936
20129
20133
11942
3750
3751
11944
20140
11950
3760
3761
20145
11957
3766
11958
3767
11960
20153
11962
20155
11965
3776
11968
11972
11975
20168
3788
11981
3791
3793
20177
11985
3800
3802
3804
3805
11998
3806
20191
3808
12000
20192
20193
20196
12006
3814
20199
12007
3819
12020
12024
12026
3834
20219
20220
3837
3838
3842
20227
12037
12041
3849
20234
20241
3857
12052
20244
20246
3864
20249
12064
12065
12066
3875
20259
3878
12070
12071
12072
12076
3886
12081
20273
20276
3893
20277
20278
3895
12087
12090
20283
12091
12092
3904
20288
20293
12101
20294
3910
12104
12106
12109
20302
12111
20308
20313
3930
20314
20315
12124
12125
12131
3940
12134
20329
12137
20339
12149
20342
20344
3963
12158
3966
20351
12162
3971
3973
12166
12168
20361
12169
12170
12172
3988
12183
12188
3997
12190
12192
4005
12202
4010
12204
12207
4017
12211
4021
12213
4033
4034
12232
4040
12233
4044
4047
12240
4049
4050
12246
12248
4061
4063
12258
4066
12264
4074
12266
12267
4090
4091
4093
4097
12294
4102
12296
12298
12299
4108
12300
12302
12308
12309
4117
4120
12315
12322
12324
12325
4138
12333
4142
4143
12339
12341
12343
4151
12344
4164
12358
4167
12359
12365
12369
4179
4181
4185
4193
4197
4199
12392
4205
4209
12407
4219
12414
4225
12417
12418
12420
4230
12422
12427
12433
12434
12438
4250
12446
12447
12450
12451
4259
4264
12472
4284
4292
12486
4295
12490
12492
4300
12493
4302
4304
12497
12499
12509
4319
4321
4322
12523
4332
4334
4343
4346
4352
12544
4356
4361
4371
12565
4374
4377
12574
4382
4389
12584
12588
4396
12591
12594
12598
12602
4411
12604
12608
12610
12611
4423
12617
4426
12622
12623
4436
12629
4442
12634
4443
4447
12647
4461
4463
12658
4468
12661
4470
4476
12668
4477
12670
12671
12679
12680
12682
4491
12684
4494
4497
4498
12690
4499
12695
4508
4511
4512
12707
12720
12724
12729
12731
4540
12733
12742
12747
4555
4557
12751
4560
12753
12754
4563
12756
12758
12767
4575
4581
12774
12782
4600
4607
4609
4611
12804
12807
4616
4617
4620
4624
4625
4627
12822
4636
12829
4640
4646
4648
4649
4654
4655
4660
12853
12855
12857
4670
4671
4673
12867
12868
12869
12870
4679
4680
12875
12876
4685
12879
4691
12884
12887
4696
4699
4701
4703
4705
12897
12904
4712
12905
12908
4717
12913
12915
12919
4727
4730
12925
4733
12927
4735
4736
12928
4738
4739
12934
12937
12940
4752
12955
4763
12958
12963
12966
12967
12975
4792
4793
12988
4799
12992
12993
4804
12998
4807
4814
4816
13010
4822
4824
4827
13019
13020
4828
4829
4830
13026
13028
4837
13031
4841
13034
13035
4845
4851
4853
13056
4868
13060
4869
13062
4870
13065
13067
4878
4883
4893
4899
4901
4910
4912
13109
13112
4920
13113
4922
13117
4925
13120
4936
4945
13138
13141
13143
13145
13148
4957
13154
13157
4965
4967
13160
4970
4972
13165
4977
4979
13180
4993
13188
13189
5002
13195
13201
5009
13205
13207
13209
13210
13211
13216
5025
5026
13218
13219
13228
13230
13232
13236
5044
5045
13237
13243
13245
5055
13254
5064
5069
5072
13268
5080
5084
5085
5086
13278
5089
13283
13284
13291
5104
13296
13297
13301
5110
13304
5113
13306
13309
13319
5127
5128
5132
13325
5134
5137
13331
5142
5144
13338
5151
5157
13351
5162
13354
5164
5167
13361
5174
13366
13373
5182
13375
13378
5186
13379
13381
5189
13384
5198
5199
5206
13398
13399
5212
13406
13410
13415
5224
5226
13418
5227
5228
5233
5236
5239
5244
5247
5252
5253
13448
13452
13454
13456
13464
13470
5280
13476
13480
5291
13489
5297
5298
13494
5302
13496
5307
13500
5313
5316
13509
5319
5321
13518
13521
13524
5332
5339
5342
5345
13539
13541
5350
5351
5353
5358
5360
13552
13553
5364
5366
13559
5368
13562
5370
5371
13566
5375
5377
13573
13576
5384
5387
13579
13582
5391
5392
5405
5406
5407
13600
5410
5411
13608
5419
13611
13612
13614
5422
13617
5426
5428
13621
13622
5434
13626
5438
13632
5442
5444
13638
13640
13644
5454
13647
5456
5459
13653
5464
13657
5466
13660
5471
5473
13666
13668
13669
13673
13677
5491
5492
13687
5497
13690
13692
5500
5503
13696
13704
13709
5520
13712
5522
13721
5529
5530
5537
5538
5539
13734
5543
5544
5546
5554
5555
5557
13757
5568
13763
13766
5583
13776
5586
5590
13783
13784
13790
13793
5610
13804
13808
5618
5623
13815
13822
5632
13827
5635
5636
5641
5643
5645
5651
13848
13850
5660
13853
5663
13859
13863
5672
5673
5679
5680
13872
13873
5683
5684
13881
5690
5691
5692
5693
13890
13893
5702
13900
13902
13904
13908
5726
13922
5731
13926
13927
5736
5737
13932
13933
5747
5748
5749
13944
5754
5761
13955
13956
5766
13959
5770
5771
13965
13968
5776
13969
13970
13971
13972
5781
5784
5787
13986
5795
5796
13989
5799
5804
5808
5813
14006
5814
14013
5823
14015
5824
14017
5826
14020
5829
5834
14027
5836
14031
5840
14034
5847
5848
14055
14056
14061
5875
14069
5877
14070
5878
5880
5881
14075
5888
14080
5890
14082
5894
5902
14096
5908
14102
5912
14105
5916
5918
5923
14123
5934
14130
14133
14136
5945
14140
5950
5951
14144
14145
14151
14152
5965
14159
5969
14164
5976
14168
14170
5982
14174
5983
14178
14181
5993
5994
14192
14194
14197
6009
14203
6013
6014
14207
14208
14209
14210
14216
14224
14225
6033
6034
6035
6040
6046
14240
14246
6055
6056
14250
14254
6063
6064
14263
6072
14266
14269
14276
6087
6089
14281
14285
6094
14300
14303
14304
14307
14308
14309
14311
6120
6122
14320
6131
14329
6141
14334
14335
14338
14340
6151
14346
6156
14350
6162
14357
14364
14370
6181
14374
14381
6190
14387
14388
6200
14400
14401
6212
14407
6217
6225
6228
14421
14423
14428
6239
14438
6247
14442
14443
14445
6253
6257
14457
6266
14458
14459
6269
14462
6272
14465
14469
6285
14482
6291
6294
14488
14491
6301
14493
6303
14499
6307
6308
6309
6311
14515
14516
14517
14523
14528
14529
6342
14534
14537
14540
14541
14547
6357
14558
6368
6369
6373
14566
14567
6377
14572
14574
6383
14575
14578
14580
6391
6392
6401
14593
6405
14601
6409
6411
14607
14608
6416
6421
14613
14637
6446
6447
14646
14654
6463
14655
14656
14663
14667
6480
6481
6484
14679
14682
6491
6493
14686
6496
6500
6501
14694
6505
6512
14707
6520
14714
14715
14717
14719
14720
6532
14725
6534
6540
6541
6542
14734
14736
6545
6546
6548
14742
14743
6552
6558
6561
6562
6565
14759
6569
14765
6574
6582
14775
14780
6589
14785
14791
14793
14799
6609
14802
14807
14809
6619
6623
14817
14821
14822
6630
14827
6636
6637
6639
6641
14834
6645
6646
6650
14843
6652
14848
6658
6659
6663
6668
14864
14869
6683
14875
14887
6697
14891
6700
14894
14901
6709
14910
6719
14915
14922
6740
14935
6745
6746
14940
14944
6755
6756
14948
6761
6765
14963
14967
14969
6777
6779
14971
14982
14986
6794
15000
6808
6810
6813
6816
15013
6822
15022
6830
6838
6839
15031
15032
6843
15042
15044
15050
6859
15053
15055
6864
6865
15060
15061
6873
15076
6890
15085
15089
6899
6903
15096
6906
6917
15112
15115
15119
6928
6930
15123
6935
15129
6937
6939
15133
6948
15141
6949
6951
6952
15145
6955
6962
6970
6972
15165
6973
15169
15171
15174
6987
15185
15188
15189
15190
15191
7004
15201
15203
15204
15205
7016
15208
15210
7019
7023
7024
15218
15219
15220
7030
7032
15224
7033
15225
15226
7034
15231
15236
7045
15238
7047
7050
15243
15247
15250
7059
15252
7063
15256
15263
15264
7079
7081
7084
15280
7088
15282
15284
7094
7098
15291
15293
7111
15304
15308
7116
15311
15312
7124
15325
7134
7141
7144
15349
15352
7162
7163
7168
15360
15361
15362
15365
7174
15367
15368
15377
15380
7193
15389
7202
7210
7213
15409
7222
7228
15420
7230
15425
7236
15433
15434
15435
7244
15452
7260
15453
7264
15457
7267
15461
7270
7271
7272
15467
15471
15475
7285
15477
15479
7287
7291
7295
7301
7309
15509
7317
7323
15519
15520
7330
15523
15530
7345
7346
7347
7353
15546
15548
15553
7369
7370
7371
7372
15570
7378
7380
7383
15575
7388
15581
15584
7399
7400
15594
7405
7406
7407
7409
15601
15607
7415
7417
15612
15613
15618
15621
15624
7436
7437
7443
7445
15638
15642
15668
7481
15681
7493
7500
15693
15703
15705
15708
15709
15712
7521
15715
7524
15724
15725
15729
7539
15734
7546
15740
7553
15746
7554
7555
7558
15752
7564
7565
7582
7587
15780
7590
15783
15790
15796
7612
15804
15811
15812
7621
15813
15815
7626
15818
7632
15828
15830
15831
7640
7644
15836
15839
15843
15845
15846
15857
15858
15860
15881
15884
7694
7707
15900
15901
7710
15904
7714
7715
7720
15912
15913
7722
7729
15922
15924
15925
7734
15930
7742
15936
15939
7748
7753
15945
7754
15947
15948
7759
15951
7760
15959
7767
15961
15963
15964
7780
15975
7784
15977
15980
7789
15986
7795
7801
7802
15995
7805
7806
16001
7815
7823
7828
7830
16027
16028
16029
16030
7844
16038
7848
16040
16041
16046
7856
16058
16063
16064
7875
7882
16077
7885
7889
7890
16086
16091
7901
7907
16102
16106
16111
7920
16113
7922
16114
16118
7929
7930
7931
7932
16130
16133
16138
7946
16141
7954
7957
7958
7959
16152
16158
7970
7971
16164
7973
16165
7982
16175
7986
16181
7990
16187
7996
8000
16199
8007
8008
8010
16202
8011
16209
8017
8019
16216
16219
8030
8031
8034
16227
16230
8039
16232
8042
16236
16237
16239
16248
16255
16262
8071
8072
16264
8073
16276
16280
8092
16289
8103
8110
16302
8113
16306
8115
16310
8121
8122
16314
8128
8129
16322
8130
16330
8138
8140
16332
16334
16339
16340
8148
16341
8150
16343
8153
16349
16352
8160
16354
16356
8169
16361
8172
16364
16367
16371
16372
8181
8183
16377
11
256
210
355
167
185
284
221
382
14
30
111
