2859
0
4096
8194
3
4099
5
8197
4103
8199
4104
8200
8201
10
4106
8202
11
4107
8204
12
4110
4111
16
17
8209
4113
8212
22
8215
25
8217
26
8222
8224
4128
4130
35
4132
36
8230
8231
40
8235
4141
47
8240
4144
8241
4147
51
4149
53
4150
8247
8249
4153
4154
8251
8252
4156
4161
66
8258
67
4163
8262
8264
4169
8265
74
4173
77
86
8279
8280
8282
8283
4190
95
96
4192
4193
8289
98
99
8291
4197
102
104
4201
8298
8300
108
4205
109
113
4210
116
4213
8310
123
8315
126
4223
4224
4225
8321
132
4229
133
8326
4232
8328
4234
140
8336
8337
4242
4244
8340
8341
4245
8342
4248
8344
4250
155
4252
157
4253
158
4256
8353
4260
8357
4262
8360
4264
169
8361
4269
176
178
8370
8371
4276
4277
8374
4282
189
8386
4292
4293
8390
8391
8394
4301
4302
208
209
4306
8402
8403
212
8404
213
8406
8409
8411
8417
8418
4322
8419
8420
8421
232
4328
8425
234
4331
8427
4332
8431
4335
4340
8437
8438
4342
8439
4344
4345
8442
4347
253
8446
4353
8450
259
261
8453
262
4361
8457
266
8458
4362
4363
270
4369
8470
4374
4375
8472
8473
4378
8476
4382
287
288
8480
290
291
8485
4391
8488
298
4397
302
303
4399
4400
8497
306
307
4404
8501
4405
4406
310
8506
315
8507
321
8513
322
4419
329
4426
8524
8525
8527
8529
4434
4435
8531
8532
340
343
4440
344
8538
8539
347
4443
4444
4446
4448
352
4449
353
4450
8547
4452
356
4454
4455
8554
8555
4459
8557
4462
8559
367
369
8562
4466
371
373
4471
375
376
4474
4475
4476
380
383
8576
386
8581
391
8585
393
4490
8587
8588
398
8590
4495
8592
8595
8596
8597
406
8598
8599
8600
408
411
4508
8604
4510
8606
415
4512
418
419
4516
4517
8613
8616
428
8620
431
8624
433
4531
438
4535
4537
8633
442
4538
4539
443
8635
8636
445
4541
8637
4542
448
4544
8641
8643
4547
4548
4551
457
8649
460
462
4559
4561
4562
8658
467
471
8664
8666
474
8667
475
476
4577
8673
8675
8676
4580
486
4582
8679
4583
4584
4585
8682
490
8684
493
8686
4590
495
8687
496
8689
497
8690
499
4596
502
8699
507
4604
509
4605
8704
513
8705
4610
8707
8708
516
8709
518
4615
8712
520
521
525
8717
8718
526
8719
8720
4625
529
4627
8724
8725
534
535
4631
8732
8733
4642
4643
4645
550
8742
552
4649
8746
8748
556
4654
8751
559
561
8754
562
565
8758
8759
4672
579
580
4679
585
4685
589
591
8783
592
4690
595
4694
8791
4695
8792
601
4699
4701
607
8800
4705
609
8804
612
4710
4712
8811
8812
8814
631
633
8825
4730
634
8826
4731
4732
637
4735
8832
4738
642
8835
645
646
8838
4742
647
8841
4746
8842
8843
8845
8847
656
657
4755
660
4756
4757
8855
8857
4762
8862
673
4769
674
8866
4771
4772
676
677
4774
4775
4776
8873
8874
4778
8876
684
4782
8880
4785
689
8885
4793
698
4796
700
704
4801
4802
4803
8899
4805
8903
4807
711
712
4808
4810
8907
8908
716
8910
4815
719
720
4817
8917
725
727
8919
728
8920
4825
8922
8924
8925
733
8926
4831
4832
737
739
4836
8933
8934
4838
744
745
746
8938
4842
747
8939
748
749
8943
8944
4848
4849
754
8947
8948
8949
757
4857
4858
8956
4861
4862
8959
767
4864
4865
4867
8967
777
4874
4877
8974
783
784
4880
4881
785
8978
4882
4883
8979
4884
789
791
8985
4889
4891
797
8992
802
8995
4900
806
808
4904
4905
9002
810
4906
4907
9004
813
4910
9006
4911
4913
817
9010
820
4917
821
822
823
824
825
4922
4923
9021
4926
9024
833
9029
4936
4937
9034
4939
9038
9039
848
853
9047
4955
9051
4957
9054
9057
866
9058
4963
869
9062
9064
874
4972
4974
883
4981
888
891
4987
4988
893
894
4992
898
4995
899
9092
901
9093
9094
903
5002
9100
5005
909
5007
9103
5008
5009
9105
5010
5012
5013
9109
9110
5015
919
9112
5016
921
924
5022
929
5027
932
5029
933
934
9130
5034
9131
5036
5039
5042
947
948
949
5045
5046
9144
9146
9147
959
962
5059
964
5060
5061
5062
966
9161
5065
9164
5068
973
9168
5073
9170
979
983
5080
985
5083
9179
5085
9182
991
9183
5087
5088
992
995
9187
1000
1004
5100
9198
5102
9199
5106
5107
9204
5109
5110
9209
1017
5113
5114
1019
1020
5116
5117
5118
1023
1027
1028
9220
5125
9221
1030
9223
5128
5130
1034
9227
1036
9229
9231
5136
9234
1042
9237
9238
1048
9240
1049
9241
9243
1051
1052
5148
1054
9246
5151
9247
1056
5152
9249
9251
1060
9254
1065
9257
5162
9260
9262
1071
1072
5168
5169
1077
1079
9272
1080
9275
1083
5184
1089
1091
5189
9288
1096
5197
1104
5201
1107
1110
9302
5207
5208
1113
5209
9306
9312
9314
1123
9315
1124
9316
1125
9317
9321
5226
1130
1131
9327
9328
1136
5234
9331
5237
9336
5241
1145
5242
1146
9340
1150
9343
1151
1152
9345
5251
1156
5252
1157
9352
5257
5259
9357
5261
9358
5262
5265
5266
9362
5267
5268
1173
5269
5270
1179
5275
9371
1180
5278
1185
5283
5284
5285
9383
5289
9387
9388
1196
9389
9392
1202
9395
1203
9396
1204
5301
1208
9400
5305
1210
5306
5308
9404
9406
5311
1215
1217
1220
9418
1226
1228
9420
9421
5327
1231
5328
9424
9427
5331
5332
9429
1237
5335
9432
1242
9437
5345
5347
1251
5349
9446
1255
5352
9450
1258
9452
1261
1264
1265
5363
9461
9462
1271
1272
1273
1274
5370
9467
1277
5374
1280
1281
5379
5381
1285
1286
9479
1289
9481
5388
1293
1296
1298
1300
5396
1301
1303
5400
1305
1306
5404
1309
1310
5407
1313
1314
9508
9509
5413
1318
9511
5415
5416
1321
1323
5419
1325
9521
5425
1329
9524
1332
5430
9527
9528
1337
9530
1338
5435
9531
1339
9532
9533
1342
9537
5441
1346
9539
5443
9541
9543
1352
9545
5450
9547
5451
5452
5454
1358
1360
5458
1362
1363
9556
1364
9557
9560
5466
5468
9565
5469
9568
5473
9569
1378
1380
9573
5477
5478
9577
5486
9585
1394
5491
5492
9588
1397
5494
9590
9592
1400
5497
1402
9596
5503
5505
9602
9604
9605
1415
9612
5517
9613
1422
5518
5520
1424
1425
1426
9619
1428
5524
9620
5527
9624
1433
5532
1437
5534
9631
5535
1440
5536
9633
1443
9636
9637
9639
1449
9642
1453
9645
1454
9648
5553
1458
5554
1460
9653
1461
5557
9655
9658
9659
9660
1469
5566
9662
9666
5570
1479
9671
1483
5579
9676
5584
9683
1494
1496
5593
1498
5594
1499
9692
1500
1501
9694
5603
5605
1509
9704
5608
5609
5610
1515
5613
9709
9710
1518
5615
5616
9712
9713
9714
1522
5619
1525
5622
5623
5624
1528
5625
9722
9723
5630
5633
9730
9732
1543
5640
5641
1545
1546
9738
9739
5644
5645
1552
1553
9746
5652
9749
5654
5655
9752
5656
5657
1562
5659
1565
9758
1567
5663
1569
5665
9763
1571
9764
5671
1576
1577
9770
9772
5677
9774
1582
9776
1584
1585
5683
1589
1590
9782
5686
1591
5687
5689
9787
5691
9789
9794
1603
5700
1606
5703
5705
1609
5706
1610
1611
5707
9805
1616
1617
9810
5714
5715
9813
5717
1622
5718
1623
5720
9819
5724
1629
5728
5729
5730
1635
5732
5733
1637
5737
9834
5739
5742
1647
1648
5746
9846
1660
9852
5757
1662
5762
9858
1666
9861
1670
5768
5769
5770
9867
9870
5774
9871
9873
1681
1682
1686
9878
1691
5789
1694
1695
5792
1698
1701
9894
1704
5804
1709
9906
1715
5812
5813
9909
5814
1724
5821
9917
1726
1727
1731
5830
5832
5833
1738
9931
1740
5838
9935
1743
5840
1747
9940
1749
9944
9945
5851
5853
1757
5854
1760
9953
1763
1766
1767
1769
1772
1773
1774
9968
9969
5874
1778
5875
1783
5880
9976
1785
5884
9981
9982
5886
1794
1795
5891
1796
1797
5893
1799
5895
9992
1801
5898
9997
9999
5905
10002
1811
10004
10007
1817
1818
1819
10013
10015
5922
10018
10019
5924
10020
10023
5928
5929
10026
10027
10029
5935
10031
10032
1841
10035
10036
5941
1845
1846
5942
1848
10040
10041
1852
5949
1853
10046
1855
1856
5952
5953
5955
1859
10054
5960
1864
5961
5962
1866
1868
10060
10061
5965
1869
10062
10064
5969
1874
10069
5973
10070
5977
10074
1882
1883
5979
1884
10076
1885
10077
1886
1890
1891
10084
10085
1893
10086
1897
10091
1899
10096
6002
10099
10100
1909
6006
6008
6010
10106
6011
10108
6013
6015
10111
1920
6017
6021
1925
6022
10121
10123
1933
1934
10127
6031
6033
1938
10130
10133
1941
10134
6039
1946
1947
6046
1954
6052
6053
6054
10151
1962
6059
6060
1964
1966
10158
10163
10165
6071
1975
6072
6073
10172
1982
6078
1984
1985
1986
6083
1987
1989
10182
1991
10183
6089
1995
6091
1996
6093
1997
10190
2000
10192
2001
2002
6100
2008
10201
6107
6108
10205
6109
10206
10208
6112
10209
6118
6119
6122
10219
2028
10221
6126
10222
6127
6128
2033
10225
6129
6130
10227
6132
10233
2041
2042
10235
2045
6142
2046
10238
10239
10240
2049
6146
10242
6147
10244
6148
2054
10247
6155
6158
10255
2064
6160
6161
10259
2068
10266
2079
6176
6177
10274
6181
10278
10280
2094
10286
10289
6195
2101
10296
6201
10301
6207
6208
6209
2114
6211
10307
6213
10310
2118
6214
2119
10311
2121
10313
10315
10317
10318
2126
10320
6227
10326
10327
6232
10329
6236
2140
6237
2143
6239
6240
6242
10339
6243
10340
6244
6246
2150
6247
10344
2153
2154
10346
6252
10349
10354
2163
6259
6260
10356
2166
10359
2167
2168
6265
2169
10362
10363
6267
2174
10368
2178
2179
6277
10373
2183
10376
6281
10377
2186
10378
6283
2188
6284
6285
2190
10384
6289
10386
2195
10388
2198
6295
6296
6298
6300
2204
6303
2208
10401
6306
2212
2213
2217
2218
10410
10414
2222
6319
6320
10416
10417
6322
6323
10419
10420
6325
6331
2237
10429
6333
2238
6335
6336
10432
10433
6337
6338
6339
2245
10437
6342
10438
2246
2249
6345
2250
2252
10445
10446
10450
2259
6357
10455
2263
2264
6361
10457
2266
6362
6365
6367
6368
10466
2274
6371
10468
10469
6376
10472
2280
6377
6378
10477
6384
10480
10481
2290
10486
10487
6391
10488
10490
6395
2299
10492
10493
10496
10497
10500
6405
6406
10511
2319
2321
10513
2322
2323
2324
2325
6423
10520
10526
6431
6435
2340
6437
10533
6439
2344
2345
6445
6447
2351
6448
10546
6451
6452
6453
2359
2360
6457
10553
6458
10555
10557
10560
2368
10562
10563
2372
10564
6468
2373
10566
10568
10576
10579
2388
10581
6486
2391
6489
2393
2394
2399
6496
10593
10596
6502
2406
10601
2409
2411
6508
10606
10608
2417
2418
6515
2420
2421
2423
10619
2427
2428
6527
10624
6530
6532
2436
10629
2438
10630
10631
6537
6538
10634
6541
10639
2448
10641
6550
6552
2458
10650
10651
2460
6556
2465
6561
2466
10659
2468
10660
6566
2470
10663
2471
10664
2472
6570
6573
6575
2480
2481
6577
10674
10675
10678
10679
6586
2492
10684
6588
2493
6589
6590
10686
10687
10688
2496
2498
6594
10690
6595
2499
10691
2501
10693
10695
10698
6605
6608
10709
6614
10712
2525
6622
10719
6624
10721
6628
10725
10726
6631
6633
2538
6636
10734
10735
6641
10737
6642
6643
2548
10742
2550
6646
2551
6648
6649
10752
2560
10753
6658
2563
2564
6663
6664
2570
6668
6674
2579
10772
2581
6679
10775
2584
6680
2587
6684
2588
6685
10781
10782
6687
2591
6688
2592
2602
6700
10796
2604
6703
6704
10800
2609
6705
10803
2612
10809
6718
10819
2627
10820
2628
10821
2629
2631
10824
2634
6735
6736
2640
10834
6739
6740
6741
10837
2645
10839
2648
10842
10843
2652
10844
6750
10846
6753
2658
2660
6757
2661
2662
10855
6759
10856
2665
2669
2671
6769
10868
10869
10871
6779
10876
6783
10880
6784
2689
2691
6790
10891
10893
6798
2703
6801
2705
2706
10898
2707
2709
6805
10902
6807
6808
2712
2713
6810
2717
2718
10911
2720
6818
6819
6821
10917
2730
2731
6828
10928
6832
10930
6835
2740
2742
10934
10935
2743
6840
6843
10943
6847
2751
6848
2752
2754
2755
10951
6856
6857
2763
10960
2768
10961
2772
6868
2773
10966
6870
10970
2782
2783
10976
6880
10979
10980
10984
10985
6892
6893
10992
2802
6899
10995
6901
10998
2809
6905
11003
2811
11006
11007
6912
2818
6914
6915
11011
6916
11013
2822
11015
2824
11016
6921
11017
11018
6922
2829
2830
11023
2836
2838
2839
6936
6941
6942
6944
11042
6946
11046
11048
11049
6953
11052
6956
6957
11053
11055
6960
2865
6961
11057
2866
11059
6967
11064
11065
11068
6972
2881
11074
6978
11075
11076
2886
2887
6984
11083
2892
2893
11085
11087
2895
6992
2897
11090
2899
2901
6997
7001
7002
11098
2908
7005
11101
11104
2912
2913
2914
2915
7012
2918
2920
11112
2923
7021
7024
11121
2930
2931
2933
11125
7029
11127
2936
7033
2939
7036
11132
2940
11134
11135
7040
2944
7041
2946
7042
11138
11139
11140
7044
2954
11149
7054
2960
7056
2961
2962
2964
7061
11159
2969
7067
2972
7070
11167
2976
2977
2978
2979
11171
11172
7077
2984
7080
11177
7083
2987
11182
2990
7088
7091
11189
2998
7096
11193
11196
7101
7102
11199
11203
7107
3012
7112
3016
11209
11210
3018
7114
11211
7117
7118
3023
7119
11217
11218
7123
3028
11220
7125
11223
11224
7128
3033
11227
3036
11230
3040
11232
3041
3042
3043
7139
11235
11236
3044
11237
3049
11242
7146
7147
7148
7152
3056
11249
11250
7155
11251
11252
11255
7163
11261
7166
11262
7167
3071
11264
7169
7170
11267
7174
11270
7175
3081
7178
7179
7181
7182
3088
7184
7185
3092
11284
7191
11288
7192
11290
3099
11292
3105
7201
11297
3106
7203
11301
3111
7208
3113
11306
3114
7211
7213
3117
11310
7214
7215
11313
11314
7218
7219
11316
7221
11318
7222
7224
3128
3129
11323
11324
3133
3135
7233
11329
3138
7236
3140
7238
3144
7241
3146
7243
7244
7245
3151
3152
7248
7249
3153
3155
3156
7252
7253
7254
3166
3169
3176
7273
3181
7278
7279
3184
7282
3187
3189
3190
7287
7288
3194
3195
7296
3201
3203
7299
7302
7303
3207
3208
3211
3212
7310
3217
7315
3219
3220
3222
7318
7322
7323
3230
3236
7334
7335
3241
3245
7347
3251
7349
3256
7356
3262
3263
3264
3265
7363
3267
3268
7368
3272
7371
7372
7373
7377
3283
7379
7381
7382
3287
7384
3291
7389
7391
7396
7397
7398
3303
7404
7410
3318
7417
3321
3322
7421
3326
7423
3328
7426
3331
7427
7428
3333
7430
3336
7433
7434
3339
7436
7439
3345
3348
3349
7446
3351
7449
7452
7458
3362
7461
3366
7465
3370
7466
3371
3372
3376
7476
3385
7482
3391
7492
3400
7503
3411
7516
3423
7519
3425
3430
3431
3433
3437
3440
7537
7538
7539
3445
3446
7544
3449
3452
3454
3456
3457
7555
3459
7556
3460
3463
3470
7571
3476
3477
3479
3482
3483
3487
3488
7585
3490
3492
7589
7591
7593
3500
7598
7600
7601
7602
7604
7606
3512
7612
7613
7618
3522
7620
7623
7624
7625
3529
7628
7629
7630
3534
3535
7632
7634
7636
3543
7640
7642
3547
3551
3553
7649
3556
3558
3561
7657
3565
3569
7668
3576
7672
7673
7674
3580
7679
7683
3589
7686
7687
3593
3594
7691
3596
3597
3598
7696
3601
7697
3602
7699
3605
3607
7704
7706
7709
3614
7711
7716
3622
3628
3630
3631
3633
7731
3641
3647
3648
7747
7748
3653
7751
7752
3657
7755
3664
3665
3666
3667
7763
3670
7766
3671
7771
3678
3681
3690
3692
7789
3693
3696
7796
3701
7798
7799
7800
3704
3705
7805
3712
7809
7810
7811
3717
7813
3718
7819
3724
3726
7822
7824
7825
3730
3732
3734
7830
3735
7835
7836
3743
3745
7841
3746
3749
3750
7848
7850
3757
3760
3761
3764
7861
7864
3769
3770
3773
3780
3783
7880
7881
3786
7895
7897
7898
7903
3807
7907
7912
3818
3819
7916
3821
3827
7926
7928
3832
3834
7932
3836
7933
3840
3848
7946
3850
3852
3855
3856
7953
3858
7955
3867
7972
3876
3877
7973
3882
7980
7982
7986
7987
7988
3894
3895
3897
7993
3899
7995
3900
7999
3904
3906
8003
3915
8011
3916
3917
8014
3919
3921
8026
8028
8032
3938
8038
8041
3946
8043
8044
3949
3950
3953
8053
3960
3961
3963
8059
3964
3965
8067
3972
8070
8072
3978
8075
8076
3980
3982
8081
3987
3988
8084
8088
3992
3994
3995
3996
3998
4000
8096
4001
4006
8104
8106
4011
8107
8110
4015
8113
4019
8119
4025
8122
4026
4027
8124
8131
4038
8136
8137
8138
8145
8148
4052
4056
8152
4057
4058
4062
4064
4069
4072
8170
8173
4080
8176
8179
8181
4086
8182
8184
8185
8187
8188
12
48
146
162
132
21
6
86
8
105
121
91
127
