433
2049
2
1026
2057
1035
1036
1037
19
1043
2070
24
25
1051
2077
30
1055
2082
37
2085
38
1062
39
2087
2089
43
44
1071
2095
1072
49
53
55
2103
1086
1089
1094
2119
2121
74
75
1100
77
2125
2127
2128
84
2134
1111
1114
2139
92
2144
2146
100
2150
2151
2152
1135
1138
121
1145
122
2170
1151
2178
1156
2184
2192
1169
1173
153
154
157
2209
1186
166
2216
169
1194
173
174
177
2226
1202
1204
1208
1209
1216
1217
193
2241
198
2247
1224
2251
1230
2254
2255
212
1240
1241
1243
2268
221
2269
2274
1250
1251
236
238
1264
241
2289
1267
1268
246
1272
2300
253
1278
2302
1280
2305
257
264
265
2313
2314
1293
272
1296
274
1298
1299
1303
283
2331
1309
287
1313
291
1320
303
2353
2354
307
313
2363
316
2370
2371
1348
325
1351
2379
1356
2381
2386
340
1365
2389
342
1367
2394
2396
1372
2405
2407
362
2419
2424
2426
379
385
387
2437
2438
2439
406
409
412
414
415
1439
1442
1443
2472
426
1452
2480
1456
1460
1462
2486
1463
440
441
443
2492
444
1470
446
2494
1471
456
461
1487
1491
2518
472
1499
1505
1506
1507
483
1509
487
2536
1515
492
2541
1517
2546
500
2548
1526
2551
503
1528
511
2560
2573
525
2575
1552
2578
1557
2582
537
1562
2587
540
541
1565
1568
2593
2594
548
1573
550
551
552
2600
1582
561
562
568
1594
573
2623
578
579
582
1606
585
2634
2637
1619
598
601
2650
1627
2654
1630
2657
1633
1638
2674
1650
2675
2679
2685
638
2688
1668
644
2693
1670
2697
1675
2699
652
653
1680
656
659
2708
1686
1690
1691
1695
2725
1702
683
686
2737
689
2739
2745
1726
2751
2752
1730
2757
712
714
2763
1740
721
723
725
2773
1752
1753
732
1763
2787
2790
2792
1769
1771
751
1776
2803
761
2813
1792
768
2817
2820
772
773
1800
1801
2825
2828
1808
2835
1813
2837
2842
1819
1827
2856
811
812
813
2862
1839
817
2874
828
2876
830
2884
837
1861
1865
1866
846
1871
848
851
854
857
1882
1884
864
1889
866
2916
871
2919
1898
877
878
882
883
2931
1907
2935
1913
891
1916
1917
897
1922
1923
902
1930
910
1935
920
1953
1954
931
936
937
1963
1965
1971
1976
955
1987
964
968
1996
1997
975
2006
2007
2013
989
995
997
1000
1005
1012
1013
2038
1019
2043
2046
4
16
1
145
106
