4212
32770
49155
3
65538
8198
57350
24586
10
11
8208
16400
40977
65557
8212
32789
24
65560
57370
40992
8228
24614
8230
32807
41
24625
49204
65588
8247
56
8249
49213
16449
8257
49218
24642
57411
32836
16453
41032
49229
57422
78
79
8278
49239
8280
41051
91
57437
65635
49252
8293
49255
8296
16490
32877
24688
41075
32884
57460
65652
32885
65657
49273
41088
130
131
24707
65666
16520
16522
49296
41104
49297
8337
8341
8348
41120
161
49313
16549
166
49319
65702
32937
172
57517
8365
65711
175
49328
8368
16561
179
24762
41146
24764
32956
32957
41154
197
65735
57544
41161
57548
65740
32976
16594
24787
49371
24796
49374
49375
224
226
41188
8421
65771
49387
33005
57583
33007
8431
65777
33013
248
49401
41209
8445
49406
33023
24835
49412
65797
24836
41224
24846
16654
33039
8465
279
281
24857
49435
57627
57629
33060
8486
295
41257
24877
24880
41264
33077
310
65848
49467
16705
16707
41283
65858
41289
33099
24908
33102
49486
57679
33104
24915
33107
65876
16725
57687
65881
345
33113
49497
24923
65888
16739
49507
8548
24933
357
41318
24935
65894
33131
57707
365
49519
41329
372
16756
33143
57719
24953
8574
33150
8575
65921
33152
41344
16769
24962
386
41347
57733
16773
394
65931
33169
24977
24979
49556
404
406
41366
65942
33177
41370
41372
41373
41375
49569
41377
33187
65956
65959
49574
33191
41386
49580
57772
25006
8623
41393
434
65973
8628
16820
25013
49596
57789
41406
8638
8640
25026
8644
65988
8647
57799
33224
16842
41419
41420
49617
16850
66003
466
57811
66002
25045
57816
25051
41435
33245
16864
57827
49635
8675
41444
25061
57831
33255
487
49643
8686
16881
66032
25073
499
41463
57849
8698
57852
33276
25084
16893
33280
25089
25091
57859
57864
16904
8713
57865
33289
25097
49675
8716
16909
25107
49684
66070
25112
25116
33310
33311
66080
57890
25124
8742
8747
8749
8751
41521
49714
25138
57909
66105
57912
41533
25151
16961
578
66114
16963
580
581
25158
41543
41545
16969
57931
66125
8780
33356
66124
66131
33363
49748
33365
16981
49750
8794
57948
33373
16990
57950
608
16993
49763
66151
8807
49770
41578
41580
25196
57965
8814
57967
66161
25203
57973
629
33398
8822
17016
636
17021
41602
643
17028
66182
49801
33418
8843
57998
33425
660
8856
8857
666
17051
668
49820
58013
674
17060
678
8870
49830
679
66214
8872
685
58032
66227
58035
49844
49847
17080
33470
704
66240
25282
58050
17090
8900
58053
41669
25289
58059
25293
17102
66254
8914
726
729
33500
33502
8927
736
25312
49889
66272
58082
8934
17127
25319
8936
25320
66284
33518
49904
58097
33522
58101
759
17144
66296
58106
33531
17150
66302
33538
49927
66310
49929
8969
58126
58128
8978
41748
58135
8984
33560
58137
41757
66334
17187
17189
66343
806
17194
49966
41775
9009
829
41790
49984
49985
17219
58180
9031
41802
17226
66378
66380
25423
66382
49999
17232
9044
17238
854
50007
33623
58200
41816
17242
41819
33628
25440
50018
867
66405
33642
9067
877
50033
17266
58228
58231
33655
9086
25474
9091
901
9094
41863
41867
50061
66444
41874
17298
25490
58260
9109
9110
33689
33696
66465
58272
17313
25508
41895
58282
25515
25519
66481
945
50098
66483
33714
946
66493
66492
9152
9153
9155
964
968
58315
9163
41933
33741
25552
33745
41941
9175
17367
25560
33754
58332
66524
41951
58339
41957
997
33765
58346
1002
17386
50158
41968
25585
1009
33779
58355
1016
17403
1024
50176
58370
1027
1031
33799
9223
50186
58380
50188
9231
33808
33811
58390
1051
66589
25628
9246
25634
25635
33828
33829
1063
42025
25649
66611
25651
1076
33844
25656
9273
42047
9280
9281
58435
25671
33863
1096
9290
50253
66636
66639
17491
50260
66645
33877
1113
9308
1120
9313
1121
25699
50282
25709
50285
50286
25711
1138
50294
50296
33914
1147
25724
9341
33919
25728
42113
33922
25732
50309
33926
1161
58506
50316
42125
50317
17552
9360
9361
25746
58514
9363
58519
25751
58520
25754
33950
9377
33954
25766
1192
9384
42154
50350
25777
33969
42161
58547
66741
25785
50361
66748
17597
42177
33986
9413
50375
1227
66764
25806
66766
66769
50387
66770
58581
58583
25822
42210
1251
17637
66788
66790
58601
25834
25835
1260
17644
58607
1263
34032
17651
34036
42229
34040
58616
58622
66817
1281
50434
9475
58630
34055
1292
34061
58639
25873
1297
50449
17684
1304
58648
50457
66843
66844
17695
9504
58656
17699
42276
9512
25897
58666
42283
17707
42286
9519
17713
1331
58676
34104
42300
42301
17725
9535
66885
25924
1350
25926
58694
25930
58698
25931
25934
9554
34136
17755
25947
34140
66909
42334
34144
58723
50532
58724
42341
58726
34151
50541
1391
66929
25970
17779
42355
1400
9593
66936
17786
58747
9596
42365
34180
58758
50566
25991
34184
50572
17805
58766
25999
58769
34194
9619
42387
66967
34199
17816
50585
1435
42396
42397
50590
66974
42399
34208
50594
26019
17827
26021
9637
58790
66986
42412
26028
17841
66994
9654
1463
50617
34235
26044
50622
34238
17856
34241
26050
42437
34249
1484
67025
1488
58834
42450
58836
17877
26070
9686
26073
50651
1499
58844
67038
26081
67043
50658
26085
1512
58858
42478
34288
17905
50675
17910
58870
50681
67064
26110
67070
67077
9732
67076
17931
50699
34316
26125
34317
1554
42514
50711
26138
9756
26141
9759
1569
67108
50728
58922
42538
42545
67123
34354
1587
26163
67127
50744
26171
50750
17985
58947
34372
17990
1607
26184
34376
42569
26187
42574
67152
18003
42579
34390
26200
1629
9826
9828
18022
42598
1639
58983
67176
67178
67181
58988
9836
1644
42605
1646
9842
34418
1652
9848
67192
1659
50815
34433
67202
50819
42628
59014
34440
26248
1675
67213
34445
18061
67215
34447
1680
26256
59024
9872
34449
18066
67218
9875
1685
34453
1686
1689
1690
50843
42653
18077
67228
18078
67230
18080
1696
59045
42667
67246
34482
50869
1721
59070
9919
34498
67268
50891
50893
42701
34516
42709
18134
67289
1754
59101
34528
50913
26338
34530
1768
50920
42728
34538
9964
1772
59118
18160
26352
26353
42738
42739
34547
59132
9980
26366
9984
26368
1794
9986
34564
50951
26376
42760
34569
26385
1811
42772
34580
34581
1816
34585
1817
67355
42784
67363
34595
10020
67367
59179
59183
26418
59186
34611
59188
10037
50997
59192
10041
42811
26429
42814
42821
42822
1863
59208
18248
18253
51023
51025
34643
10072
59225
67418
51039
1888
51042
42852
1893
18281
59243
10091
18284
51054
67438
51056
10096
10103
42874
1914
59259
51067
26493
34689
26497
18306
67459
34690
42883
10116
1924
51077
18310
67465
18313
1929
51085
67473
67472
10133
26518
34710
59295
51104
51105
67490
18345
26537
10157
1968
51125
67511
18360
51130
1985
18384
26582
42966
18390
18396
67548
26594
18402
10212
67559
42984
2024
34794
10219
18412
67564
2031
42993
10225
59380
51191
67577
59384
10232
18426
26619
18428
34812
43013
34826
26635
18443
67594
18445
67598
43028
18454
67608
2073
18461
18462
10270
51232
34848
67619
18467
26663
18474
10285
34862
26671
34864
43057
26674
2099
34868
51252
67636
2102
67638
10303
43072
34881
2116
51269
10315
18512
10320
34899
43091
2133
34907
10335
18527
34912
67680
2146
2152
67690
51308
67693
18542
2160
59505
18546
2164
18548
18549
67703
18551
51321
51322
59517
18559
26754
43139
67717
43140
67716
18566
2183
2186
26763
51340
59534
34959
59536
59539
26771
10388
26773
34970
51356
43166
2206
10400
18593
10401
10402
26786
34978
10406
10407
43176
10410
59563
51372
10416
2225
18609
34996
59573
18614
26807
18615
43191
26815
10432
2240
26821
51397
51400
10441
59594
18635
67786
2251
43213
18642
59603
67798
43225
10458
51420
10460
59613
35037
26846
43234
26851
59619
18661
43241
35049
26858
18666
35053
26862
35056
59632
18674
10482
10485
35061
18681
10492
2302
51456
35072
43267
51459
26887
43277
26894
67856
18707
43284
2326
18711
10519
2329
59676
10524
59677
67868
26911
43296
51491
10534
26920
26923
67884
67893
67897
26936
2361
26938
26940
10557
67904
10563
26948
43337
51538
2387
43349
59733
18773
43350
18774
43351
2393
43355
35164
59742
2398
59744
59748
43364
2408
43368
67946
10604
59760
26992
10610
10611
51571
26996
10613
2421
67959
67961
51577
10619
2428
51581
2430
2432
51584
59779
43395
35205
10630
35206
59782
18822
10636
43404
35213
35214
43407
35216
27027
51603
43413
67991
67993
51608
35229
27039
35232
68000
18849
68003
18850
51621
68007
68010
18864
51632
35251
27060
35254
18871
59832
27066
27067
2491
10685
51646
27073
2498
51652
59846
27079
51657
68043
27083
68042
35277
35282
68052
43484
2525
35302
59880
35304
10728
2539
27115
18926
35310
51698
2546
2549
18934
27127
35322
43515
35328
43521
2564
59910
59912
59915
51728
43536
43540
2583
35352
43545
51742
43552
43553
51746
10787
43555
2597
51754
35370
35372
43566
27184
2611
51763
51768
43577
43579
27197
43582
10816
43584
10818
35394
2627
59974
43591
59977
51786
51788
43598
59985
19026
35410
59988
51796
59992
35417
35424
27233
19042
43618
2659
51812
10852
35429
19046
27239
51820
27246
19055
2675
19059
27257
43645
60030
35455
35456
43651
2691
60037
51848
43661
43662
60048
2705
27281
2706
19091
51859
51865
43674
27291
10908
60062
10911
43684
2727
51884
2737
35505
2738
60085
27321
19130
43713
60098
35522
10946
35530
43723
19157
43733
60119
43738
2779
10971
27360
10976
43745
19171
2789
10981
43754
2797
60142
2798
43759
60146
19187
19188
60154
35578
60158
51968
35584
60162
19202
51971
60165
27400
51977
11018
11022
60175
19216
43793
43797
60186
60187
19229
11042
52002
27433
43818
11054
35630
52021
27448
60216
11065
52028
27453
43837
19263
43844
35652
11077
2885
52039
19272
11082
52044
27473
52049
2898
27476
11095
35674
35676
2910
35681
19297
19299
27498
52075
11117
11118
60275
60277
27509
11126
2934
60279
11131
35708
35709
52094
2942
27521
35713
27522
43906
19333
27526
43913
43916
2958
35726
60304
11156
35735
11161
35738
43933
2973
27549
11167
19360
52129
52131
2980
52134
35752
35759
60336
43956
2998
52150
19385
43963
52156
43967
3010
19396
11206
19398
35787
35788
43984
11218
11220
27608
27609
35803
11229
60381
52191
11231
3040
35810
3042
27619
3047
19432
35818
3051
52207
27634
3059
11251
60403
35835
27645
27646
60414
27648
60417
19457
3075
3076
52228
60420
60423
11271
35849
52235
27659
52236
27665
35858
52245
60441
19483
35867
44060
60448
44066
19492
35877
44071
3111
44078
52272
3122
19508
52276
27703
52284
35902
35903
35904
52288
35905
3138
27714
44100
27719
60488
27720
35918
35919
52305
52307
35924
19543
11352
44122
44124
60511
19552
11361
19553
44129
27748
60516
52324
60519
60521
52331
44140
19569
11379
44152
3194
11388
52349
11390
19583
44160
60544
44167
60556
11408
19602
3222
44190
27806
3231
11424
19616
11425
11428
36010
19628
44210
19635
11451
3259
44220
52415
36033
36038
19656
44232
27851
11469
36046
27856
27858
60626
60627
44246
19670
11479
60640
27873
60645
19691
11502
36079
19707
19708
3328
60674
27913
19722
3340
52494
3344
19729
60693
27926
44312
3354
27930
52507
11551
44321
44323
44330
27952
52532
52533
44341
19765
3382
11576
60729
36160
11585
60741
60742
44358
11592
36173
60751
36182
11610
27997
3425
52578
28003
28005
11627
11628
28013
28016
44402
44407
44409
3451
60797
60799
11649
19841
19844
60805
19845
44422
36233
60810
60811
19858
11668
44436
19864
28057
3482
11677
44448
19874
19883
28079
52656
19889
52657
3506
11700
3508
3512
44481
36290
60867
36293
19910
3529
28105
19914
60881
19922
52692
36312
44506
11740
60892
3550
60896
19936
28135
19945
28137
19946
52714
11757
36336
52722
36340
52725
60918
11766
52726
36342
60920
3577
28154
11770
28156
60925
36354
60931
11781
19974
52743
19976
36366
52752
36370
52757
19991
44570
28189
36381
52768
52772
60964
52774
28199
20009
11818
11819
3628
60973
36398
44593
3634
36402
52788
36404
20021
52789
36408
60989
36414
60990
20032
60996
52807
61001
20043
3663
36434
20059
20060
3680
44641
20066
44642
20067
61030
20072
61033
20075
61036
36461
36462
61039
3698
28275
20083
61049
28287
3714
28290
61059
36486
3720
61069
20110
3734
52890
52894
11941
3750
61095
52904
20140
52909
3758
28336
28337
28340
3765
36534
28343
28348
11971
20164
36548
20166
20172
11984
44753
3795
20183
52952
44760
28379
61149
61151
28387
20199
52968
61162
44783
52975
61168
44785
3825
61170
61173
20215
28407
12031
3840
52996
20230
44807
12040
44809
20233
28426
3854
61201
53009
20243
3860
28436
20244
61205
12053
36630
12055
20253
36637
28446
44831
12064
3872
3878
53030
44839
3881
53035
61229
12078
36658
61239
44857
3900
20284
36671
36676
3909
3918
44879
61265
28498
53074
44885
12118
53080
53082
20315
44891
44892
3935
28511
36706
53091
20324
44902
36710
53095
36717
36720
61298
28530
44920
12153
28538
3967
44927
20352
12161
20354
20356
12172
36749
12175
20368
61328
28563
20371
12179
44948
12183
28569
61339
53147
61345
12195
20389
36776
36778
4011
12204
44973
44974
20399
44981
36793
20410
4030
4033
28610
28614
53192
36811
61390
4047
20435
53204
4054
4055
28631
12249
20443
36829
4065
28641
4067
20451
61412
20453
28645
12262
53223
53225
36850
20472
20477
61438
12289
45058
45063
4104
12297
61450
4107
4112
61457
20498
12308
28694
20503
45080
4121
53274
20507
12316
12319
4127
36898
28707
12324
53287
20521
36905
20522
28718
36910
20527
45106
20532
12341
28727
36919
45112
61497
53305
36922
28730
53307
28737
45123
20550
61511
36939
28749
61520
12372
45141
53334
45145
12377
20569
12378
28762
36955
53342
4191
45151
20578
36965
4199
61543
45163
53355
53357
4207
20592
28786
4210
12403
28793
4220
28797
4224
20611
20613
20614
61575
4231
53386
61579
61582
28814
45199
61584
28818
53397
28825
4250
20636
20637
4255
53410
61605
37030
61608
37036
28845
20654
4271
45232
12468
45237
61621
20662
12475
4288
61634
61636
61637
12486
37064
53449
37067
12493
53454
28881
45266
4308
20695
37081
53466
37084
45279
28895
20704
12513
37089
45282
4328
45290
45291
37099
4333
45294
12530
45298
4340
20725
20733
53502
37123
20739
45316
4357
12554
61711
20753
20755
45331
45334
20760
45336
20763
37153
53540
28966
12583
53544
45354
4396
28973
45357
45360
12592
37170
37171
37175
20791
45367
4408
28985
20793
12604
37180
20798
37185
28994
45379
4427
53583
53584
4432
29009
12628
37206
61787
12635
12639
53599
12641
29029
61798
45417
4458
53613
53616
61810
29043
4470
20858
20860
20865
29060
20870
61830
53640
37264
45460
20886
61846
53656
37272
37275
29084
53662
45471
4511
4512
45473
29090
45474
4515
20902
29097
53673
61865
61866
61870
12720
29106
53683
12724
29110
37302
29112
53691
20924
53695
29119
12737
53698
20934
20935
29129
53711
61903
61904
12754
12762
45537
53732
12775
45543
29162
4587
61931
61936
45553
12785
4600
4602
61948
4608
61952
29185
37381
45579
12812
61968
12816
61973
21013
61983
61984
29217
4641
37410
61992
37416
37418
12842
29228
61997
53808
45616
29234
62004
53814
53821
12865
62018
12868
37447
37453
45646
21071
29264
45649
21075
62036
12884
4693
37466
21085
4702
21086
53856
62049
29282
37475
45671
62056
29290
53869
29294
21105
37491
45691
4735
21120
37507
53891
29316
37519
37521
45716
53911
29335
53916
21149
4765
37539
4772
12968
53928
53931
62126
29358
29360
37552
4786
21172
12980
62132
21173
62134
12986
62139
53950
29377
45761
53959
13009
29393
62161
45778
62165
13017
45786
21213
53985
21220
53988
13028
37604
29414
45798
62183
37609
21225
29420
21229
62190
13040
21234
54003
37620
62196
21238
4861
4863
21249
4865
21251
4874
62218
13072
62225
4881
45841
29458
37653
45847
37656
54041
4889
45851
37659
4893
4896
13090
37666
13091
37670
13095
54056
29481
54059
45868
62253
37678
21294
54062
4912
62257
37684
21300
54068
29494
21303
45882
54075
45884
4924
62270
13118
4928
45889
54085
45898
13132
21326
13135
37712
4944
21329
45906
13139
54099
21335
29533
29535
13153
4961
13154
29539
13156
4964
62310
29543
13161
45932
4975
4976
45944
62330
13179
37757
29565
4989
37758
45951
13184
21377
62337
4998
29575
45968
62356
45976
54168
13209
45978
13210
5019
29595
54173
29597
5022
5024
37796
29604
45989
5029
29607
13229
29616
54192
21426
46002
13235
5043
62393
29630
54206
21444
5061
21445
54216
54217
5067
37837
46030
46031
37841
54225
54227
13267
37846
37847
54233
62426
29660
5087
13279
13281
54241
29665
46052
62439
29674
37868
5103
46069
21496
46074
5121
29697
46082
37890
29698
46083
21507
29699
62473
62474
37899
62475
5131
37900
5134
13329
21522
21523
5141
5144
46105
29722
5149
37918
29729
54306
21540
54310
62503
29735
54313
46121
37931
5165
21556
29748
54325
37949
21567
13375
5193
37967
5201
5202
54354
46162
5205
54358
13399
5210
62556
21596
29788
37981
62557
46173
29791
62560
21600
13411
29795
62569
46188
13421
38001
54386
13426
54388
62581
21621
38006
54392
54394
46205
21630
38016
5252
5254
21645
46226
62610
5266
21653
62613
46231
5273
46236
54430
46240
38050
46244
5285
62630
5287
21672
21677
29869
13487
46257
29875
5301
5302
46263
13495
21689
29882
38075
13499
5308
62652
29887
38081
5315
29894
38087
46279
21704
13515
21711
54481
13522
46291
38100
5334
38105
5339
21724
21728
5344
62692
13541
29932
21750
46326
54520
54521
5369
46331
38141
29950
29955
21763
46340
21768
54536
46345
38156
62734
29966
13584
46353
62738
38165
5401
13593
21785
46362
21796
62761
38187
13612
38192
54576
62771
38197
54585
46394
13627
62779
38205
46398
13635
21836
54604
13650
21844
38234
62810
62811
38239
13668
62820
30054
62824
46440
13673
30059
46443
46448
62832
21872
54642
62837
54647
13689
54649
62843
30075
46460
21886
5506
38274
13699
38279
38281
38282
30090
62861
21901
62862
54674
46485
30104
62876
5532
46493
46497
62886
5544
5548
30127
13744
54705
38321
5553
30131
38323
54707
38327
13758
5567
5568
54720
21953
30146
62921
54731
13771
30157
46543
21974
38358
13782
5591
62938
46555
30172
30173
13789
30175
30176
54753
5601
30181
13802
30186
62955
22001
62966
13814
22008
46586
46588
13820
46592
13826
5635
62980
22022
13832
54792
5641
38409
54794
62991
5652
46613
5653
22040
63000
30233
63003
38434
13859
30244
22052
22058
5676
30253
30254
13875
46644
46646
38454
22070
63032
5693
63037
38468
22084
46661
63046
38472
63048
13897
30284
30287
63060
46677
5717
46678
54871
30298
5722
30299
38492
46684
5727
46693
54889
30314
38507
46702
54897
22135
38520
46721
22147
30341
54918
22150
13960
38538
22155
54925
46734
63119
22160
54930
22166
63128
38553
13977
38554
54938
5788
46750
13984
5793
22178
38566
5803
5806
14005
63160
38584
54970
54973
63168
14017
38602
63180
30412
22222
22225
14034
38610
30420
22229
46811
22241
14050
55011
22243
22244
30441
38635
30444
63212
46829
30447
55025
14066
46835
38648
5880
55032
38649
55034
5882
30459
63231
5889
22274
63234
22275
14087
22282
14096
63250
30484
22293
5917
46879
55073
5922
14114
46884
22312
22318
30515
63283
14132
14134
22326
63287
46903
63290
30522
55098
14139
63291
5952
46913
22337
22341
22343
63304
5961
63308
46926
55119
22351
46928
14160
55122
63319
5979
14179
46956
30574
14193
6002
55155
14195
63352
30584
14201
55162
63358
38785
46979
38792
30603
6028
6029
22416
30610
30611
38804
14228
30614
63383
55191
30618
14240
30625
47011
47013
6055
63399
38823
47015
6056
30632
38830
14256
22450
63412
6068
6069
30647
47032
22457
30649
63417
38842
47035
30651
6079
47040
22467
22469
14285
6093
38861
6094
14286
47056
38865
38866
22484
14297
55258
38874
47067
22491
47069
47070
47072
30689
22498
38885
14311
47083
30701
47086
14321
6132
22517
30710
47097
47101
55293
22527
63488
22531
55303
63495
22536
6153
22543
22544
30737
63508
47125
38933
6169
14361
38944
22560
63521
47138
55334
14378
47146
63530
6187
55340
63535
63536
22578
47155
14387
55348
63541
14393
55354
38971
14396
6204
47166
47167
30784
6208
38978
22596
30788
6213
22599
6216
22601
14413
47182
6223
38992
63569
14418
22610
63570
38995
47197
63586
55397
55399
47209
30826
14442
47212
63598
47220
39029
39032
6264
22649
6269
47232
6272
63619
63620
39045
63623
14473
22670
22672
39057
55444
55451
39070
55457
14498
30885
47273
39081
63657
22701
22702
30894
63668
63669
22710
55481
22713
22715
55485
55487
6338
6340
22725
22726
6343
55495
55499
39117
6350
30930
63700
22741
47324
30940
14557
6366
22751
63711
22752
63714
14573
63728
63731
30963
22772
63733
47351
14585
30972
14589
55549
47358
14591
30978
6402
6403
47365
63750
6409
63755
55563
55565
22801
47382
22806
31002
6431
55584
63781
39209
6444
39222
31030
63800
47418
39232
63811
47431
47432
39240
31049
47441
39253
14686
31071
47459
31076
63845
22885
47461
6501
47462
22887
22888
6506
14703
22896
31093
55669
63866
6525
39295
31106
63876
31110
31112
55690
63886
6546
14740
14742
39319
47512
39326
55710
47521
55713
47522
47523
55716
31143
39337
31145
6574
31153
47541
63926
31158
47547
31164
6588
22975
6595
22981
31173
14795
47565
14802
47577
6618
39387
39389
6624
47586
31204
47589
14825
39404
47596
47597
39409
55793
31218
14839
23034
23040
14849
55811
23044
47620
64006
31241
47627
31244
47629
47630
47632
6672
31252
14869
6681
47644
47645
14881
14883
14884
55847
14891
31275
31276
47664
64052
23093
47669
64062
64063
47684
23108
64071
6730
23115
14924
6734
47695
39504
14931
39509
47703
64089
39516
39517
14941
14944
14947
14948
31334
64103
31336
14954
39531
47729
6770
14963
55925
39542
31352
39547
64125
23165
47742
23166
47744
55936
31363
14980
47752
6794
64141
31373
55950
47762
14994
47768
31386
23197
64158
31394
55970
23204
15018
55979
47788
64175
47792
55989
6842
15040
39617
56002
23236
56005
47819
56013
15058
47829
64215
56024
47836
64222
47838
6879
47842
15076
39653
31464
6893
64238
15093
23289
6906
47867
39678
56063
64256
64257
47874
31492
6920
23304
23306
15115
23310
47887
56080
39699
47892
64278
39709
39712
31524
64295
39721
23338
64298
64299
39723
23340
15148
56108
56112
47924
39734
23352
15163
23360
6976
39747
56132
6980
23365
56134
47942
64326
15178
56139
64331
23373
39762
31570
15187
23379
64343
56152
31577
64346
7003
23388
64349
47965
23391
64363
15212
56175
47983
15215
31600
7025
7026
56180
64372
64374
31610
56189
23421
64381
31614
56193
7042
48006
39814
23433
7052
15244
15247
39824
64401
7057
7058
15250
31634
7063
23448
23449
23459
64421
39848
56233
48044
64428
39853
15278
23473
7090
7095
15287
7101
48063
56256
56257
31683
56260
39884
56272
48080
31698
39890
56275
23507
64468
39892
56282
23516
15324
48095
7137
15330
56292
48101
48102
39910
48103
23529
48106
64491
23533
64495
7151
64497
31733
15351
31745
64514
64515
31748
31753
39953
48145
15377
31762
48147
64533
48155
48158
64542
48161
31779
64547
31783
31785
39978
64555
48172
31789
39983
23600
15409
23603
15424
56384
15426
40005
64583
40007
56394
31819
56404
15445
23638
15450
64609
31841
7266
15460
64612
31846
64620
31856
64624
23664
40053
31864
48254
31871
48256
7296
64642
40067
56453
31877
23686
31878
56455
15496
7306
15499
15501
23694
56466
23702
31894
15511
7327
7330
31906
7335
31911
23721
15530
7338
31914
48301
7341
64689
7346
56500
64692
64693
7349
64696
64701
7357
48318
48320
7364
40133
7365
56519
15563
15566
15567
48335
48338
7383
48349
56542
48352
64741
56550
23782
15590
48360
7401
56557
40179
48372
64758
48378
23804
56573
48386
40196
23814
32010
15636
56598
23832
15640
7448
48409
23843
23844
15663
40242
48435
7475
23861
64821
40247
23867
48444
23870
40257
48451
15685
15690
64844
56652
7501
56654
40271
23888
7504
56657
15699
40276
56661
48470
23894
32090
48474
56667
64862
23905
7524
56681
7532
15725
64877
56687
40303
40307
23927
7547
64893
32125
40319
48512
64899
64900
40329
40331
7564
7567
7568
32151
40344
23963
32156
7583
64928
48544
40355
64931
48549
40359
48552
40361
23977
32170
32171
40363
32172
56748
48556
64942
48564
32184
56762
32186
7614
48585
24010
64974
7631
64976
15824
7633
32210
24019
56788
48599
24024
32217
56795
40413
32221
48609
56804
32229
24040
7659
40429
15854
7663
32239
48624
7664
40433
56820
32245
65015
65016
24056
32249
32254
65023
56834
48644
56836
32261
15878
15888
15889
7697
7698
56852
56854
40470
24089
48665
24094
32289
65061
7717
56870
15913
32298
32303
32304
24112
15922
32307
56885
24117
56888
56889
48697
7739
65085
32325
56907
32331
7758
65105
56915
56919
32344
48729
65116
7773
24158
56926
15968
48740
32358
40550
32361
7786
15982
24176
32369
7795
15987
32372
40567
24187
56956
56958
40575
65153
24194
65155
56966
65160
32395
48779
48780
16012
32397
56973
16017
56979
32404
16022
65176
16029
7840
65185
32421
40617
40618
40619
65200
32433
57013
7861
16054
16055
40633
16058
40635
24252
24254
48830
48832
65218
65219
65220
48838
65222
57030
16071
32456
48841
48845
24274
40658
32468
24278
40665
7901
57053
7903
24287
65249
40676
16102
16103
32487
48872
24301
24302
48878
24303
40689
32503
57080
32505
57081
16123
40699
65277
7933
48894
24320
40706
16131
24324
48904
16141
24336
40724
32535
16151
57114
48927
57120
32544
57121
24354
24359
40743
48935
16170
48941
57136
40754
24370
16180
7992
48953
16187
48956
16190
16191
48962
32579
24390
16198
16199
40776
65353
65354
24396
57166
65359
65361
40786
8021
16214
65367
48983
65368
40799
8032
57185
16226
16227
16230
8039
40810
49006
16241
24438
32630
8055
24440
40826
57211
8060
57215
49026
49034
57227
32655
40848
65425
57234
65426
24467
57235
40852
65428
49047
32665
57243
57245
57257
32683
57261
32685
49072
8112
49073
57266
16307
40885
65461
57271
49081
32697
57274
40890
49082
49088
8132
65477
57286
8137
65483
24526
32719
24527
40917
49110
57302
65496
24538
16346
57312
32736
65507
24555
24557
8176
40945
24561
49141
49142
49143
16377
8186
24571
40957
8191
3
147
470
184
