1987
8192
4
8198
4103
4105
4107
8203
11
8204
4109
8206
4115
26
8218
8221
29
8222
8225
4131
8230
38
8237
4142
47
50
4146
55
4152
4154
59
4159
4160
8259
4166
4168
8265
8266
8268
8269
79
8274
85
8277
4183
87
8281
4186
8283
8286
8290
98
8291
8292
4204
112
4210
114
8306
116
121
4220
8317
4223
4225
130
8323
4229
8326
4233
139
4236
146
4242
4243
148
8341
4246
151
4255
8352
161
4261
8358
166
167
4265
169
175
8368
4274
4276
8373
181
8376
8377
185
8381
8383
4287
4291
196
197
4294
4296
4298
210
8409
8410
219
8413
4318
4319
8417
8420
8422
4328
4331
8431
243
244
245
249
250
8445
254
255
256
8448
258
259
263
264
265
4363
8460
8462
271
273
8466
275
276
277
8472
8473
285
287
4383
8479
4384
4386
291
8485
8486
302
4399
304
4401
8500
309
4406
8502
8503
4409
8506
4413
319
8519
8521
335
336
8530
8531
4435
8532
4438
343
4440
8538
347
8540
8542
4448
355
8547
8552
360
4459
364
367
369
370
8564
374
4474
4476
8575
383
4479
8576
4484
8581
389
4487
392
394
4493
8591
399
400
8593
403
405
8603
4508
4509
4510
4511
416
8609
8612
8613
8614
4526
430
8623
8627
438
440
4544
4545
4546
8646
454
8647
4552
4553
4556
461
4566
8663
8665
473
477
4577
482
4578
8675
8676
484
487
4584
8683
493
8686
496
4592
4593
497
4594
4597
8696
4601
505
4603
4604
4605
509
511
8703
8706
515
4611
8710
8715
524
4620
8717
526
4622
8720
8721
8723
4628
8731
4636
8734
4642
8739
548
4645
552
4648
8746
8750
4658
4661
4664
4666
572
575
577
4677
8774
8776
586
4686
8784
594
599
8795
4699
4709
4711
615
616
8808
4712
8809
8811
4718
4720
624
8817
4722
627
628
8821
4731
4733
638
4736
4737
4738
8834
4739
4742
649
8841
4747
654
8848
4753
4756
4757
4762
8858
8861
4768
4770
674
4771
8868
4773
8870
4775
4776
8876
686
8879
695
8890
8891
4798
4800
4804
4805
4806
8903
712
4817
4818
8917
8919
729
4825
730
737
8931
4836
4837
742
743
8936
746
4842
748
4845
4847
4848
8945
753
8946
755
757
758
4854
8951
4856
4860
766
4864
769
774
776
777
780
8973
782
8975
4882
4883
4884
788
789
4886
8984
795
796
8989
4893
4895
8992
800
8993
801
8994
4898
4903
4906
9008
818
9013
4919
824
9016
4922
4929
4930
9027
837
4936
9035
9037
848
4945
856
857
4953
858
9050
9054
4959
4960
865
9058
870
4967
9064
873
4969
874
877
9070
4976
4977
4979
9076
886
888
895
899
4995
4996
901
4999
9101
9102
9104
913
9106
9111
5016
9112
921
9115
5019
923
9120
5026
932
9125
938
5034
5036
944
946
5042
950
951
953
954
5051
5053
5056
964
968
5067
972
9166
975
5073
979
5076
981
9174
5079
984
5080
9176
985
5082
5083
5088
9185
9187
996
5094
998
5096
5099
9196
9197
5103
5105
9202
1015
9210
5115
1020
9212
9215
9218
9220
5124
1031
9228
1037
9230
1040
1041
1042
9238
9239
1047
5148
1056
5152
5153
9250
5155
1060
5157
5159
5163
5164
9261
9263
1072
5169
1074
1077
5178
1086
9280
5184
9282
5191
5193
5196
5197
1101
1105
1106
5203
9301
1110
9303
1111
5212
5218
5222
9319
1131
1134
5231
9330
9331
9332
1140
9337
5241
9342
1150
1151
1156
1157
5254
1161
9353
9355
9356
5263
9360
9368
1179
1181
9380
9381
1192
1194
1196
5292
9390
9391
9392
5296
1207
5303
9401
5305
5308
9406
5310
1217
5314
9411
9412
5318
5322
9419
5324
9420
9422
1230
5327
9424
9425
5330
9427
1235
5334
9431
1241
5339
5341
5342
5344
9442
5351
5352
1263
1264
9459
5366
9464
5368
5371
9467
1280
1282
9476
1284
9478
5383
9481
9484
9485
9486
1295
1297
5395
1303
9499
1314
1319
9511
5416
9515
5423
1330
9523
5429
9525
5430
1336
5433
1339
9531
9532
5436
5437
9535
1346
1347
9541
5446
9544
5448
1355
9548
1357
9549
5453
1358
1359
5463
1368
9560
5474
9570
9571
5477
5478
1383
9575
5480
9578
1386
9581
1390
5487
1392
1396
9588
5495
1400
5498
1402
9596
1404
5503
1407
1410
1414
1417
5514
9613
9615
9617
9620
5525
1432
1436
1442
9638
1448
5548
9647
9650
1459
9653
5558
5559
1465
9657
1466
1472
9664
5568
9666
1477
5575
1479
1484
1485
5582
5583
9680
1494
5591
9687
1500
9692
5597
5598
5600
5602
9701
1511
1512
5609
9708
5614
5616
1521
9715
5620
1524
9717
5622
1527
5626
5629
9725
5632
1538
5634
5637
9734
5638
1542
1545
5644
1550
5646
5647
1551
9743
9744
1552
9745
1553
5650
9748
5653
9751
5655
9755
9759
1568
5665
5666
9765
5670
1574
1576
9771
9772
5677
5681
1585
1590
5688
1594
5690
1595
1596
5693
1598
9792
5697
9794
9795
5699
5701
1606
9799
1608
5704
9801
1610
1612
5713
1618
5717
9813
5724
5725
9821
1631
1632
9824
5729
9828
9834
1646
9838
5744
9840
5748
9846
1654
9850
1660
5760
1664
9859
9862
1671
9863
9864
1674
1677
1678
9872
1683
5780
9878
5783
5784
5786
1691
9885
1696
1698
1700
9892
1701
1705
5801
5803
5807
1711
9904
1714
9908
1718
5814
9910
5816
1721
1723
5820
1724
5822
9918
9919
9921
9922
9923
9925
5829
5832
9939
9940
5846
1751
1752
5850
9946
1754
5852
9948
5853
1759
9952
5860
9958
9962
5866
5868
9968
5873
1778
1779
9974
1783
1784
1785
5882
9980
5885
1794
9989
5894
9992
5898
9997
1808
10002
5908
1814
10008
10009
10010
5917
5924
5925
5927
5931
10033
1841
1848
10040
1851
5950
10047
5954
1859
1861
5961
1866
10061
10063
5972
5980
1884
10077
5982
5994
5995
10091
1900
5997
1901
5998
1903
1904
10098
10099
1908
1911
1912
10107
1920
10115
1923
1924
6021
10119
6025
6026
6028
6029
6030
6031
10127
1935
10129
10130
6034
1940
6040
10136
6041
1946
1948
6050
1957
10151
10155
1964
1965
1967
10159
6064
6066
6068
6070
10167
6074
10173
10175
1984
6080
1985
10181
10185
1993
10186
10188
10189
1998
6096
2002
10195
10200
6104
10202
10203
10204
10206
10209
2018
6116
2027
10221
6129
2034
2035
2037
6136
2041
6137
10234
10237
10244
2059
6157
2062
6158
2063
10255
2064
2066
6169
10266
6171
2082
10279
6185
2090
2091
6190
6191
2099
6195
2103
2104
6204
6207
2112
6208
10305
6209
6210
6211
10309
6214
10310
6215
10312
2121
10316
2125
2127
2128
6227
6236
2141
2142
6238
10336
10337
6243
10340
10341
10344
6248
2152
10345
6250
2155
10350
6254
10352
2160
6258
2162
2163
6265
2169
10361
10365
6272
2179
10373
10378
6285
6289
10386
6292
2196
10388
10389
6294
10391
6298
6300
2205
2206
10400
6304
2213
6313
2218
6315
2220
10412
6318
6320
6323
2228
6324
2229
2234
10428
6333
2237
2239
10433
2241
2243
2244
10438
10440
6344
2249
6347
2252
2254
2255
6353
2259
6358
2266
2267
6365
6367
6369
6370
2275
10467
6374
10471
6377
10474
2282
2283
2284
6381
2290
2296
2302
6399
2304
10497
10499
6405
10501
6407
10504
2313
10505
6410
2315
10507
10508
2319
2320
6418
10514
2323
2324
10516
6421
2326
2327
2328
10520
6425
6430
6432
2337
10532
6441
6442
6446
6449
10545
2365
10559
6464
2368
2369
6465
2372
10564
2374
6472
2381
10578
2394
2398
6498
10595
6500
10598
2406
10599
6509
10607
2416
10611
6516
6517
2422
6519
10616
6521
2426
10619
10622
6526
6527
6530
10627
2436
10629
10630
6534
6536
2441
10636
6541
2449
6546
2450
6548
2454
10647
10648
2457
6555
2461
2463
2467
10664
2477
6575
6576
6578
10675
6582
10679
2488
6585
2492
10684
6589
2494
6593
10691
6598
2506
2508
6604
6605
10702
6608
6609
6610
6612
2517
10712
6616
6617
10715
2523
2528
6624
10723
2531
2533
6629
2535
6633
2537
10730
2541
10736
6640
6641
2546
6646
6647
10743
2551
6648
6650
2557
2563
2564
2565
10757
6663
6666
6668
6669
2574
10766
2575
6672
10768
2576
10769
6673
2578
2579
2581
2582
6678
6680
10780
6684
2589
2591
10784
2593
10786
6691
6693
10792
6698
6701
6702
2606
10801
2610
10804
10805
10814
2622
10816
6721
10818
6723
2628
10827
10828
2637
10829
2638
6735
2641
10833
2642
2643
10835
2645
2646
6743
10839
2648
2649
10841
2651
6749
6751
10848
10850
6755
2659
2661
10854
6763
6765
2669
10863
2672
6769
6773
6775
2680
10876
2686
6782
6786
6790
10888
10889
6793
2699
2701
2702
2703
2704
10898
2709
10903
2712
2713
6809
10908
6817
2721
2723
2724
10917
2725
10918
6828
6831
2735
6832
10930
10932
6836
2743
10936
10937
2745
6841
6843
2750
6846
10943
2758
6856
10952
2763
10955
6859
6861
2765
10957
6862
2768
10961
2771
6868
10970
6876
6879
6881
6882
2787
2789
6885
10981
6886
10982
2794
10986
10987
2797
2799
10992
6898
2805
2808
6905
6907
6908
2813
11005
11008
2816
11009
2818
11012
11015
6920
6930
6931
2835
6941
6944
2849
6962
2869
2870
6968
2881
2882
6979
2884
2885
2890
2893
2900
6999
2904
2905
7002
7005
2915
2922
7020
7022
7024
7029
7038
7041
2947
7044
7045
7046
2950
2952
2953
7050
7053
2961
7058
7059
7064
2970
7066
7067
7069
7072
2977
2978
7075
2979
2982
2985
7083
7084
2994
3002
3003
7103
7104
3009
7106
7112
7115
7116
3023
7119
7121
7128
3038
3042
7144
7147
3055
7153
3057
7154
3062
7158
7160
3065
7161
7164
3069
3071
3072
7173
7175
3081
3085
7184
7188
7194
7195
3099
7196
3107
7212
3131
3134
7231
3137
7242
7243
3147
3148
7244
7249
3155
3160
3162
7261
7262
3168
3171
7271
3186
7284
3188
7285
3191
7291
3202
3206
7302
3208
3209
7306
3211
7308
3214
3217
7315
3219
3225
7322
7323
7333
3242
7339
3249
7350
7351
7353
7354
7359
3266
7364
3270
7370
3278
7376
3287
3288
3290
3296
7397
7399
7405
7407
7408
3313
7410
7411
3316
3323
7419
3326
7424
7428
3336
3338
3341
7438
3350
7451
3355
3356
3357
7455
3360
7457
3362
3366
3368
3371
3372
7468
7473
7474
3379
7476
7477
7480
3384
7492
7493
3398
7497
7498
3403
7500
7507
3411
3418
7514
7517
7521
3429
3430
3432
3436
7533
7535
7539
7540
3445
3447
7545
7550
3455
7553
3458
7555
3462
7559
7563
7564
7573
7577
3482
7579
7581
3489
7588
3492
7594
3500
7597
7598
7601
7605
7607
3513
3516
7614
3519
3522
7627
7629
3535
3540
7636
3542
3545
7644
3550
3555
3562
3564
7663
7664
3570
3573
7669
3574
7672
3578
7676
7681
3585
7685
3598
7694
7696
7698
3603
3605
7708
3615
7716
3621
3622
3624
7721
3626
7728
3633
7739
7740
3655
7751
7752
7758
3669
7767
3675
7773
3684
3693
3696
3698
7794
3701
7803
3708
3709
7809
3714
7811
3719
3720
7821
7822
7826
7827
7829
7830
3736
3742
7839
3748
7844
7851
3755
7853
7857
7862
7866
3773
7872
7880
7882
3787
7884
7885
3790
7887
7889
3794
7893
7901
3805
7904
7911
7912
3817
7923
3831
7932
3839
7937
7939
3849
3856
3859
7957
3869
7967
7968
7969
3876
7975
3881
7980
3888
7987
7990
7991
7993
7996
7997
3906
8002
3907
8008
3916
3918
3919
8020
3925
8022
8025
3930
3933
3934
8036
8037
3943
3945
8045
3950
3952
3953
8049
3955
3956
3963
8059
3970
3977
8073
3982
8081
3985
8085
8090
8100
4005
4006
4009
4011
4016
8113
8114
8117
8118
8120
8121
4025
4034
4037
4038
4041
8142
8146
8157
8159
4063
8160
4067
8166
8167
4071
4076
4077
8176
4081
8181
4086
4088
8188
8
0
147
164
21
5
85
56
104
