1759
36864
28673
8193
36866
4098
12295
8202
11
4112
20498
32788
36885
28693
8213
4119
8215
25
27
4125
8222
20513
4134
20519
39
16425
28713
4139
51
53
28727
58
16443
24637
62
24639
36929
12353
8259
12360
4170
32842
32843
24651
20559
16464
20567
88
4184
16474
96
24676
28772
24679
8298
8301
24685
112
8304
20592
32880
12409
32891
16508
20610
132
16519
12425
138
28811
24720
20629
32917
12438
28822
4247
32923
32926
12448
4258
32932
4265
171
37035
12461
8367
32943
20656
37043
20659
16564
32949
24757
16571
32955
20668
4284
32957
28864
32964
12485
16583
28872
24776
16588
37070
37074
8403
37078
8409
4321
12514
4323
12516
24806
4330
8426
37100
24820
20724
16630
28920
37116
12541
8447
33025
4354
28931
12548
262
266
33039
20752
272
24850
16661
33057
12579
33059
16675
24872
37161
24876
16687
28978
4403
33075
20790
12601
33086
16705
24898
20802
323
8516
29001
29002
16715
12623
8528
16721
4437
12634
346
4443
350
8543
37218
20839
359
29032
29033
362
363
8558
20847
33139
29047
20857
20858
33147
37245
37249
33155
20867
12675
20868
4485
12677
8585
37261
8590
12688
29072
8596
4504
24990
12702
33188
8616
425
25001
20906
8619
4523
428
4526
37296
37297
37298
37299
8627
20923
16828
4543
20930
4552
12746
37324
4556
462
12753
12755
29139
29145
37339
37340
37343
25057
33250
12774
29159
29167
4591
37359
33267
8693
29174
20982
8695
8698
25086
20996
517
29191
8719
12824
37401
29210
16923
29215
16927
547
8742
33320
4649
37420
25132
8749
4656
29233
16948
12852
21048
8763
4668
8764
21055
16961
37442
579
37444
29253
21066
4688
25168
16981
16988
21085
16989
37472
16992
21089
21091
4709
4710
615
29287
12904
4714
21099
17007
4721
12914
17013
12921
8831
33409
4737
17029
21126
8839
29321
21130
37516
8854
663
21149
37538
25253
21163
4780
685
29360
4785
33458
25267
12980
694
21181
29379
8900
37572
13003
720
21200
4817
33493
734
25312
17120
29408
4843
29421
4847
29426
17141
8952
8955
13052
29436
4861
8959
4864
17153
21249
17156
8970
33555
21270
37662
33566
4895
17186
29475
17190
807
25384
25386
4910
33582
17201
21297
13105
29489
13110
29502
17216
4931
25412
29508
21326
851
13140
25429
17240
33632
17251
37736
9065
25451
881
17267
884
17269
21370
4987
9085
4989
894
4992
9088
21378
902
25488
29584
13201
25497
33702
25510
5030
17323
25516
941
13231
5041
37809
37810
5046
954
17340
956
37822
33728
21442
33731
5059
33733
25541
21445
25543
9160
29649
13266
21461
982
25558
9176
13272
25561
33756
25567
37856
9185
33762
37863
29676
17392
5104
25589
25593
13308
17409
25602
25603
9222
13324
1037
21520
13328
25619
29719
37911
21535
9249
1058
17444
5156
13349
21548
21549
25655
25665
17474
29764
37966
29779
25685
13400
1119
13408
21601
33889
1121
37986
1125
37989
25701
21607
21608
29803
5231
33903
17521
1140
17526
17528
9336
9340
1148
17533
17541
33928
38025
1168
33940
38039
38042
9372
5276
1181
5277
17567
38049
29861
9382
21671
33959
33962
21682
38067
29875
9396
1205
33974
25783
5306
5307
25788
5310
17598
5314
9411
1220
25799
5322
25803
9421
13521
34001
13523
13530
21730
21733
34028
17644
21740
5357
25842
17653
21750
17654
21751
9464
1272
34041
9466
5371
1276
25853
29950
21766
21769
1290
25867
13586
21781
25879
25882
9500
13600
9505
1315
17706
13612
38193
1332
21815
1336
30012
30013
9535
34112
21829
30022
38215
34122
9550
13648
30034
34130
17749
38232
1369
38235
30044
38239
13667
1380
17767
25960
21865
30057
21868
34156
38257
30065
13683
5494
9591
34167
5499
25980
17790
9605
17799
5513
38281
9609
1418
21902
1425
17815
5529
21914
5532
30108
13726
5535
34208
26016
13728
38304
13733
5543
9644
38319
38320
13749
9654
13751
9660
5566
13759
1473
38339
17859
21958
30151
9672
5581
34254
1489
38356
5590
21976
30168
26072
34266
9695
13798
9702
17895
30184
13800
17902
13813
34294
22006
30200
34298
1531
26108
1534
17922
34308
1540
22021
26125
26128
9744
1554
22035
34324
1556
5654
22043
34331
13856
34339
22053
38437
13862
5671
1576
17961
9771
22060
26160
38458
26172
34364
5693
13886
22079
30271
9794
17999
5711
13905
30294
9816
1625
9817
38491
26206
34402
9831
9832
26222
1647
1648
26225
38514
9844
30325
5751
9848
18042
9854
26244
34437
5765
26245
34438
22151
18058
22156
30352
38548
5781
22167
22169
34459
38563
34470
30381
26288
22199
34487
9918
5825
14021
5829
9948
9949
22238
14048
30436
1765
18152
34538
30444
30445
34543
1777
5874
26354
5875
9972
30459
38656
26371
9989
5895
5896
9994
34570
14092
9996
18192
10000
34579
22292
5911
10012
1828
10025
30508
1837
14127
30512
30516
1847
10042
10043
30523
22333
5949
10046
14143
22335
1856
1857
14146
30535
5961
22346
1866
10060
34638
30544
34642
14165
22357
22360
22361
26463
26464
10083
22373
18282
22378
5995
10093
10095
18288
26481
26483
14195
30580
14197
26486
10102
14200
6013
14206
22399
26496
14209
30594
34690
22405
14216
6025
14217
10122
10123
6027
26513
18322
18323
34709
30620
18334
30623
30624
22432
22439
22442
14252
18349
1973
10166
22456
6072
14264
18362
10171
10173
30656
30660
14277
34767
6096
10193
2002
30675
30677
14294
22489
18395
34779
26587
34780
34782
34784
2019
18403
22508
10225
26616
2040
6136
30713
10236
34814
14336
26627
22532
2058
6155
10252
34829
26638
30735
2065
14355
6168
2072
18456
10271
6178
34855
18472
30763
2091
30765
34865
10291
22580
10295
18490
10298
14396
30781
14400
26689
10306
34883
6214
26694
14415
30801
26707
34903
22615
18521
10333
6239
2145
30818
6252
6253
22640
22642
14451
34933
14453
26744
30842
6266
26747
14462
34944
18561
18562
22658
30851
10371
18564
26761
6284
22669
2197
6299
2206
10399
6306
10405
14505
22697
10411
10417
30898
18610
10420
30908
6332
14529
30921
22730
22731
10444
2255
10448
26833
26840
6362
10460
35039
22751
14561
26850
14569
26857
2283
6381
35055
22768
26870
10486
6392
14592
10497
2306
30992
30995
18710
35095
6424
22814
31007
10529
22817
26916
2342
31019
14638
2351
22832
10554
10555
2365
26944
22849
18754
31042
18755
22854
22855
31057
6481
18770
14679
14686
2398
2399
10593
14695
10600
18792
14700
6509
6512
26993
31091
35200
2435
14724
18829
31119
10640
10647
27033
6553
18848
2467
35237
6566
6567
14759
10664
2472
18856
6571
18865
27057
10675
2483
14772
18869
35264
31169
14785
2497
27074
27080
35273
18890
2506
22986
35275
2509
27085
22993
10710
31191
18905
31195
23004
31198
23007
18915
35300
18917
23013
18919
2535
31207
10728
6633
27113
14829
35309
10734
35310
14833
31219
23031
31227
23035
27137
23041
2562
31235
6666
23051
6674
18968
23066
23069
18974
23076
6693
2597
10789
14885
18982
6694
35372
18989
27182
18990
31278
23087
23091
35389
6717
2624
6721
6722
23106
23108
19014
35398
2638
23121
14930
27219
2645
6741
10838
10840
6746
27228
10845
27230
2654
14945
27234
6756
23140
2662
31337
2665
35436
14957
31345
19061
14966
35448
35449
6778
23162
35454
2686
31363
35460
10886
27271
35463
14987
27290
10906
31387
19100
19103
10912
15009
10913
6825
6828
2734
6832
19121
10929
10930
23219
6837
23222
10946
27332
35537
2770
35542
35543
35544
35545
31449
23259
2785
6881
6885
6886
6890
27371
35563
19187
27379
23286
19191
23289
27386
19195
23298
35586
11011
19203
27401
15117
19213
15119
6927
35600
15123
19221
35606
6934
27428
23334
15143
6954
31533
27442
23352
35642
23356
31552
23362
6979
11077
31560
6984
15178
35667
31572
6996
15190
23382
35672
15195
7009
23394
11107
7011
19303
31591
23400
35689
35692
23413
19318
2939
2942
11135
23432
15240
11149
19348
2966
27545
7067
27547
11167
2976
7076
2982
7086
27566
2992
15283
27575
27589
7111
31687
11220
15322
15323
11228
11229
11230
19425
11238
31718
11239
31720
11244
11249
35825
35828
23540
27641
19453
11263
31743
11266
19458
15363
27659
11275
7179
31756
19471
7185
3090
27667
31764
3092
31769
27675
19483
15389
23584
27681
19489
15394
31778
31781
35878
11303
19495
35880
15406
31796
19508
7221
27701
23609
7225
15419
27709
7230
11329
27714
15429
31813
7239
11336
15434
19537
11346
15442
7252
31829
3157
23641
35930
15450
15451
27742
11362
27748
23660
31853
11377
15473
31858
27766
7288
3192
19576
23672
15481
11386
27773
31872
15490
23682
7300
31876
27784
35980
35983
27791
31889
27793
23699
27796
7316
35990
23702
7319
15513
31898
15514
35994
15517
11421
19613
31905
11425
7329
11428
7332
7333
23720
19628
36012
19633
15537
3250
11443
7347
7350
3257
27833
31936
15555
15557
7370
19659
7374
31955
15572
36056
36060
19676
11485
3294
31966
27871
3300
27876
7396
19686
27879
3304
15595
36076
15597
27885
31982
7409
11506
19699
7413
36087
15613
27908
15630
11536
27924
7444
19732
3350
7447
11546
7459
23848
36136
7465
19754
23855
7472
15665
15668
32053
27967
19776
23873
32069
3398
15687
32071
7495
3404
36173
7501
15696
32082
36178
23890
11604
19797
7509
3413
23896
32088
36185
15706
3424
36193
23909
36199
23911
15720
36203
15724
7532
28014
36206
19824
3443
23924
11641
28028
28040
36239
7571
28053
11673
11674
15770
11681
28066
19881
32171
11691
7598
32175
36272
28082
19890
7602
3508
3511
24000
15811
7620
36296
24009
28109
7630
36304
19920
36305
11731
28118
24025
19931
15839
32224
7652
11749
7654
19943
3559
36331
15856
15857
28145
36338
19955
11768
7673
36345
15869
15877
36360
28169
11788
28172
28175
11801
7706
28189
32287
28194
11811
28198
32296
20013
32304
15920
11829
20022
7734
3638
36409
32314
28221
36416
24129
24130
32322
7747
20038
28231
20046
32340
32343
32345
24154
36443
11870
11879
24168
28270
28275
15989
32374
7800
3705
24185
7804
28286
32387
36484
32389
20101
36486
3723
24206
20110
16016
11922
7831
32408
16026
36508
24221
16041
16043
16048
28343
7864
16056
16058
32443
24254
16063
32450
20165
28359
32457
24268
24269
36557
11983
24279
28376
3801
20187
24289
32483
7912
32489
3818
32492
24301
32496
36594
36595
16117
3829
12021
12025
28410
36607
28416
28418
36612
12036
7941
20231
32524
32529
32530
7959
3869
16160
28451
7972
7973
32550
24362
7980
20271
36656
24372
36661
3895
16185
12090
3901
36672
8001
16197
32582
36679
3913
8010
16209
3921
28498
32598
12120
16216
24410
36698
12126
36702
32606
16229
36710
36711
28521
16240
32626
32628
36731
20348
12161
8070
36751
24464
20369
12177
16274
16278
28566
20377
8090
12188
3996
8097
24486
4011
24496
32688
16306
4021
36793
32699
4027
8127
12226
8132
12228
24526
20432
28625
4050
36818
8148
4053
20443
16352
20448
24548
4071
20456
4074
36847
28660
4084
8180
4085
8185
2
147
469
