3452
24578
8200
11
40972
8205
32782
40974
24593
8212
20
23
8218
32795
16415
40994
16418
32803
24618
42
49198
32817
8242
16434
41016
49209
59
60
16446
64
24642
41029
16457
8268
41038
32849
49238
8279
32856
49241
24665
32861
32863
16480
41059
49253
32871
103
8298
49259
41068
32877
41071
8305
8306
16499
49268
16501
8317
128
32899
24711
24712
16522
41101
141
41102
16531
150
24727
41113
49306
41115
16540
41122
16547
41124
41128
32943
16561
24753
41138
41142
16570
41147
16573
32961
41156
24773
41160
16590
213
8407
16599
49369
16601
8410
220
41182
41188
16616
49389
41200
241
8434
49395
252
8449
41221
33031
265
33035
49421
33041
33045
16665
8475
24859
8476
33053
8481
41252
292
33061
293
49445
49446
16678
41255
24871
41257
8493
8494
16687
16688
304
41266
49461
309
49463
8504
49466
16703
33090
33092
8517
33094
41288
24906
8523
33105
24913
16725
49499
8540
16741
16743
33132
24942
16754
24946
49524
33142
41334
41337
33145
24954
33152
24960
49537
41346
49538
16776
41355
24971
33168
24980
41365
49565
49566
8607
49569
16802
33187
24995
421
16806
24998
24999
49576
8618
25008
16816
41394
25012
49589
49595
8636
41406
449
33218
8643
8645
33222
33226
41420
25036
8656
16848
25042
49621
471
25056
41442
25061
41448
8681
33258
33259
49646
16885
501
8693
16887
33271
41463
33272
33274
41466
33281
8705
25090
8709
41478
33288
25098
33290
49676
33294
526
25106
33299
49684
33303
49690
539
25116
545
546
25122
16930
25123
549
16934
8742
49704
33320
49706
8751
8754
33337
8762
33344
25153
8771
33348
49735
8777
33356
25164
41552
25173
33366
25177
41563
8797
25184
609
8806
49769
17004
49772
33391
628
41593
17018
49789
41599
8832
25216
645
41606
25224
33417
33418
17035
652
655
656
49809
663
664
41626
667
49823
25247
33441
41633
17059
25255
41640
17069
17071
25267
697
8889
33467
17087
49857
33473
49859
25283
17096
33483
49869
49873
8921
17115
17116
25310
41696
17121
17122
17123
41699
741
742
17128
744
41705
25326
33521
17137
49905
49908
17141
8952
762
41724
25341
41728
8960
17153
33539
49923
775
49928
33544
25355
49934
785
17170
49939
41748
8981
25365
49942
25368
25373
41758
25381
805
17190
17193
49969
819
9012
33591
824
33596
41788
41789
17216
832
9024
834
49987
17221
33605
25414
25416
33612
17228
41805
33614
17231
849
9046
855
17242
859
41819
33631
33632
864
50016
25440
9057
41826
41827
9063
17258
50028
41838
50030
17263
17264
50033
883
9079
9080
17274
891
17279
33665
33668
910
9106
33684
9109
50075
25500
33693
50083
17318
935
25511
50090
17322
41900
25519
17328
25525
9143
50104
33722
17342
25539
9163
50125
50129
41938
25555
25558
17368
25561
17376
33760
9184
25569
50146
17387
41964
50156
50161
9201
1009
17395
41971
9204
17403
9215
25600
50177
25606
25610
1035
33803
17419
25613
9229
9232
50192
17429
42006
25626
25629
33822
1054
50208
25635
17444
42022
1062
50215
9256
42031
50225
33842
42034
1075
9268
17462
33846
33847
9273
50233
33850
17467
42053
17477
50249
17482
25676
17485
1101
17486
50254
1104
17490
50264
33881
9314
17507
17509
33897
33900
42095
9328
25718
1142
1145
25721
17532
1149
25728
50305
17537
50307
17540
42116
1157
25733
9350
9361
50323
33939
9363
50325
50333
17565
25760
1187
50340
25764
1189
42149
17578
50347
50348
9393
50362
33980
17596
50368
42176
1217
42179
33988
9414
50376
42184
33995
25804
9424
17619
42196
1238
25820
9436
17630
9445
1255
9449
25839
9458
50419
25844
17653
9462
42231
9464
25849
25851
42235
9469
50429
50432
25856
50435
34052
25860
25862
1286
34055
50441
9482
34061
42255
42256
50448
17682
42263
42265
9497
1313
17698
1316
42278
1318
9512
34089
50473
1321
25897
9515
17708
34095
50479
50481
17713
50484
9528
25912
42302
25920
50496
50499
34115
42310
17736
34122
1356
9550
1360
9553
50513
42326
25944
42329
50524
42333
9567
25954
50530
42341
34151
50538
9578
50539
42348
50542
50546
9588
50549
9590
1410
50566
17800
42377
9611
34191
50576
26005
50581
9623
26009
1436
42398
50590
50592
9632
9633
17827
26019
50596
9637
50597
1447
1449
9641
1455
34223
17839
17841
26035
26039
34231
17848
1465
50619
9664
50624
1473
42435
50631
42441
42443
26063
9679
50641
50642
17877
42457
9691
17883
50651
34267
17887
9696
9699
50661
17895
1513
42474
34286
17906
1525
34293
42486
17917
50687
34306
34309
42505
42506
34314
1547
17933
50704
26129
17940
50710
26134
9751
17947
34332
17951
34335
50720
34338
42532
9764
1575
1580
50734
34352
9776
42549
34357
9782
17975
1592
26170
1595
1606
34376
17997
42581
18006
18008
26201
26202
9819
34399
1633
9834
1642
42604
34413
42605
34414
42609
18035
34423
42617
34426
18043
42620
18045
50815
34434
42627
34437
1671
50823
34442
50826
9870
9874
34450
1684
18068
18074
1693
50845
42658
1698
18083
34469
50856
26281
42670
34478
26289
42674
1714
34482
1717
42680
42682
1725
26305
42689
42690
50883
42693
42694
50886
50888
18122
42700
34510
18128
9938
18132
1761
34529
42722
1764
18149
50920
9960
1771
50924
9965
18159
34543
34545
50930
18163
1780
26356
18165
1783
9976
1785
26361
1793
18179
42757
18182
50954
34574
18198
10006
1818
10013
1821
34593
1833
18222
42801
42802
10035
1845
18229
42810
26433
18243
34637
26449
10065
10067
51028
10069
1879
42842
34656
51041
34657
34658
51046
51049
1901
18286
51055
26481
18290
1906
1907
18295
26492
51070
34688
10113
51078
26510
1936
18324
1940
26523
34716
10145
18339
51107
42916
51108
18342
10150
10152
51112
42926
18350
26544
1969
1971
26549
34741
26550
26552
1978
34747
51135
42945
18374
18375
34761
26571
51148
26573
10189
26577
26580
34774
42969
51161
26586
42975
26592
18401
26598
51175
18409
18410
51179
51187
51188
18421
2040
26619
18427
26620
51197
2048
51203
43013
51205
2054
10250
34828
26639
10256
51216
10257
34838
51225
10265
26650
43038
51231
34852
43044
34853
18469
51239
18472
26667
34862
26671
51251
2100
51254
51261
10302
10311
26698
18508
10318
34894
26703
2129
2139
18525
43104
34912
34913
34917
18536
43112
18537
10345
18552
10364
43137
34945
18565
43141
51334
51335
2189
26767
51347
43158
18582
34970
34972
26783
2208
2210
26789
43174
10407
18601
10411
34988
26796
34990
35001
51386
18620
26813
2238
51391
35008
35009
18626
10436
35017
43209
51404
10444
35021
35024
2256
18641
26833
18642
43222
35032
43224
51418
18652
51421
43230
10462
26849
43235
10468
18662
35047
18665
35049
35054
26862
18672
43249
18675
26869
35061
18678
51453
43263
18687
35075
43267
51460
43268
26887
26890
26891
2321
2326
18711
10520
35097
35098
26908
26909
35105
26914
2339
51491
2340
43300
26918
18729
51502
26930
35123
43316
2358
35127
10552
26937
35132
18748
10561
43329
43330
35141
10566
35144
51529
2378
10571
51531
35148
43342
26961
51537
51542
26968
26969
51546
43357
2399
10593
26981
2405
26983
2407
10599
51562
51564
26988
43374
43375
43376
35188
26998
43382
10616
43384
2424
2427
10625
51586
27013
18821
2445
18831
43407
43409
18834
35220
2453
27035
27037
27039
51624
35244
2476
18860
27056
2480
10673
27059
2484
2486
10681
10686
27071
18882
43459
18888
2512
35281
27089
43477
18902
18903
18905
35289
18910
51681
43490
43498
2543
18928
35314
27123
27129
27131
10749
10750
35327
35334
18954
10762
35339
2575
43536
2578
18972
18973
27165
27166
51744
43556
27177
35371
27187
43573
43580
19005
2621
27198
10817
51777
27203
35405
19021
27214
43598
2640
35409
19029
27223
27233
51809
10851
35430
10855
10856
27247
10865
51826
27252
19061
2681
35452
51836
10876
51837
2686
19072
10881
19074
2693
35462
2696
2704
43665
27281
10897
35481
2714
2716
19104
19107
10918
2727
35502
2734
2737
43697
2738
35506
19123
2743
2745
43705
19137
2753
51908
27334
35527
43720
19152
2775
35543
2776
27354
43741
10973
10976
51937
2785
19169
51941
27365
27366
19176
43752
10989
10990
2800
43760
19185
27379
10996
51957
10999
19195
2816
2817
43778
35588
11013
27398
27402
2827
19214
11024
2838
19223
43810
27428
52004
11047
27436
2860
2862
11055
35631
27441
52017
35634
11059
11061
19254
35639
11065
43836
2891
43853
2899
35672
35673
11101
35679
52063
27489
11106
11108
35684
27499
11119
2929
27506
27507
52083
35701
52086
35702
11126
43898
52091
35709
52094
27520
35712
52100
11144
43916
43917
11154
43925
27546
2977
11169
27556
35749
43947
2988
27565
19374
43951
27570
35762
43956
52148
19381
43958
2999
3007
11201
52162
27589
19398
11207
35784
35785
35791
43985
43988
3029
19413
19414
35800
35803
3037
27621
11240
3053
52208
3066
44027
44034
52230
44039
27656
27658
27659
44044
35860
44053
3093
35863
35864
3097
3104
11297
19490
44067
19491
11300
35877
27686
35884
52269
35885
35886
27695
3120
11312
11316
27702
3126
35895
27704
19514
3130
52285
44097
11334
35918
35921
44115
52309
27734
52310
35928
27741
27744
52320
3172
3173
35944
11377
19569
35956
27766
44157
44162
3206
3207
19595
35983
35984
27793
11410
35988
27802
35995
35996
3229
3231
27810
11426
27811
19620
3238
44200
19628
19632
19633
3250
19635
44212
44214
27833
44228
36038
3271
11465
3273
3274
44239
11475
36051
11479
36055
44250
44253
27870
11496
44270
27888
44272
44275
19704
3320
19709
44288
11520
3329
27906
3331
11525
36101
27913
11532
27918
11534
36112
11537
44309
27925
3349
36121
27929
11551
11552
3361
27938
44323
44324
36133
27942
19751
36137
36144
11569
11580
19773
36160
36161
36163
27973
11592
19784
44362
19786
27980
11599
36175
3411
11605
19799
19801
11610
3418
44382
19810
36197
19813
19814
3431
28009
36204
44397
11629
19823
19825
19831
3447
19832
3449
44412
3461
44425
11658
11661
3470
36239
28053
19861
44438
36246
3478
44441
3486
11680
19872
19873
44451
36259
44452
28071
36265
36266
28084
44469
36283
11707
3516
36287
3519
44480
3523
36294
3530
11723
28109
3534
44506
11745
19945
36332
36334
44526
44532
44534
44538
28158
44548
36357
19983
36369
28180
44565
11799
19992
28187
3613
44584
44585
36394
3632
28208
28211
3641
11837
36414
3653
44618
3658
20043
44620
36433
36434
3667
44628
36437
28246
20055
44635
28251
20063
28256
11873
3681
20065
20071
44648
3689
44650
44651
44656
3698
28274
11892
44662
28283
11904
36481
11906
28293
44680
3727
3728
3729
28305
44690
20116
20117
20122
3747
3749
28331
11947
44720
11955
20149
20151
11962
20156
28349
3777
3780
28356
28359
36552
28361
44745
11981
11982
28367
44754
28373
3805
44767
44768
20193
28385
3809
20198
3815
20200
44784
28401
36596
44788
12021
3839
28419
20227
44806
20235
44811
28428
44813
36622
12047
3855
28438
28439
44824
44826
44832
3872
44841
12075
3885
44847
12079
36659
20276
36661
28473
3897
36672
12097
12103
36688
36689
36690
44888
36698
36709
12142
44911
20337
44914
44918
44920
3961
20347
28539
3970
12164
44932
3975
12168
44937
20367
12175
28559
20369
28562
36764
44956
28574
12195
44965
44968
36776
44969
20393
12203
36781
20399
4016
44977
44984
28602
44992
12226
36803
28613
12231
12237
20430
4048
4051
4052
12245
4057
20441
45020
12257
4066
20452
4070
12262
28647
28648
20459
45037
4078
45040
4081
28658
20471
28669
4094
4095
36866
28675
28679
20488
36875
4115
28691
45078
12311
45086
28702
20512
4128
28710
12328
36904
4137
36908
28718
4142
36913
20530
28742
12360
20553
28746
20558
36948
4181
4187
20573
45150
12386
20581
36966
36967
12393
4209
36977
12403
20595
28788
20606
20619
4236
45196
12434
28826
4258
37028
37033
12467
28852
37060
28873
4298
12490
37075
12509
28895
20704
28899
37091
4324
37096
12522
20716
4335
45296
28915
45302
28919
28920
4348
12541
37119
20735
45313
12547
28933
28950
12568
12571
37148
12572
20771
45348
37156
20776
37171
28981
37174
12598
28989
45376
4416
12610
45380
4427
20816
20823
45403
4443
4444
37213
4448
20832
4452
20841
12649
29035
29037
45422
12656
4466
29043
12661
20854
37239
45432
12665
29050
37245
4493
45457
29079
29083
37278
12703
20896
29091
4517
4519
20903
12723
45492
37307
37309
12734
37312
29124
4549
12743
37321
12746
29135
45525
20951
20953
37342
45534
45535
29154
20962
29156
12777
12780
20975
29167
45555
4598
29174
29176
45562
45563
29182
20992
20993
45571
12807
37383
21000
29193
4624
12817
29201
37394
37396
37398
4636
29212
4637
4639
45602
21029
4645
21032
45609
4650
29227
29228
12844
21041
12853
29240
21050
21051
21053
12866
21059
12869
37448
12874
4689
37457
21073
37462
21083
21087
4706
29283
29284
45675
4718
37488
12913
37489
4724
12919
12921
29306
45691
29312
21121
4738
21123
37509
37510
12940
12945
21140
29337
4761
21158
12969
37545
29356
12974
29361
21170
45746
37564
12989
21185
12998
37574
45768
37579
37580
4812
21196
45778
13013
45781
13014
29399
21211
37597
13023
13025
13029
45798
13031
45805
4848
29425
37619
4851
21236
21237
21238
21241
4857
29435
45820
13055
45824
29440
29446
45831
37639
4872
21258
13070
13073
29458
37651
21272
4888
21273
13082
21277
21278
21280
45856
45864
13096
45867
21292
21294
21301
45877
4918
29494
13113
4921
13120
21313
13124
29508
21317
45894
4935
21324
45901
4942
4951
29528
37720
37721
37729
13154
21352
45929
37737
4976
21360
13174
29561
4985
29571
13188
29574
21393
45970
29589
5014
21402
5018
29596
21404
29597
37789
45988
37800
5033
5040
21425
5043
46003
13238
29624
21433
37821
13250
37831
46023
46025
29642
13262
21454
29648
5076
21462
29657
5083
13276
5088
21480
13288
46058
5100
37872
5105
29690
46077
13312
46081
13322
29706
29710
29712
5136
13330
21524
46101
13334
46104
46105
37916
37926
13353
37929
46122
5163
13356
46124
5169
5171
29750
13373
13377
13383
5199
21586
13396
21596
13406
5218
29795
21604
21612
5229
46192
46198
21622
29815
38011
38014
13440
21633
46209
5249
5252
46213
29831
5255
5256
21660
13469
21664
38048
46241
38050
29859
38051
46255
46256
13490
46271
21696
38083
46276
13514
38090
5329
29905
46290
29910
13526
46295
29911
46296
13530
29917
5341
29922
13539
5347
21732
38118
5360
38132
29941
5370
29947
13568
29954
46339
5380
5381
21766
38154
29964
29972
13589
29978
46368
21793
29987
13604
29989
46375
38188
46383
38193
38194
46393
13627
30012
21820
5437
38208
38209
13638
46407
46410
30027
30028
30030
30031
46416
5458
46420
46421
5462
21856
46435
13670
5480
30056
5488
30065
46449
13684
46453
5496
5507
30083
30084
30085
30088
38281
21905
21912
38296
30105
30106
21914
46490
21915
13727
30112
46497
13731
46501
30120
5548
21939
5555
30137
21949
13758
13762
46531
38341
13767
30152
21963
21965
30158
46543
38353
38355
5590
21976
38360
46553
21981
38365
30173
13790
5599
46560
21987
13796
13800
38377
21994
13803
21996
46572
13808
30203
22012
5630
5635
13829
13835
38413
46612
22036
38423
30233
46621
38431
30240
22050
46627
5670
5687
38462
30274
46659
30277
30280
30292
46676
13909
38488
5722
13914
5723
22108
22110
22112
13922
46694
13929
38508
46705
13939
46710
30331
22140
30337
38536
38538
22154
22158
22164
30358
22171
38564
38570
14003
14006
5815
14009
38591
46786
46789
5832
38600
46799
30420
22231
46807
30425
5851
38620
30428
46818
22242
14055
46825
5865
38643
30452
38644
46836
22261
14071
38653
5885
46845
30464
22275
38660
14089
5901
30481
5905
22289
14098
5908
46870
5910
30489
22297
38684
30495
22304
14114
30499
22310
5928
14121
5930
38699
38704
22320
46899
5940
30522
14142
46912
38720
38721
38725
22345
22348
38732
46924
38733
30544
14161
30546
38740
46932
46934
14166
38751
5987
22374
46951
30568
5994
5997
22385
38769
38771
14195
46964
14197
14198
14200
38782
14206
30590
6022
46982
22408
38796
14225
30611
6039
47001
6047
47008
47011
22438
47022
14255
38833
6066
22451
22452
30645
47034
14270
22465
47046
14279
38858
14288
14291
38870
30679
14300
47070
14302
38882
47074
6115
30694
47078
22503
47079
30697
47082
6123
47091
22515
38900
14328
47100
22525
14336
14337
6147
30726
22536
30730
22541
30734
38929
47121
22551
22557
30750
14368
38945
30755
22564
6181
22566
22567
47147
38959
38960
22577
47156
14394
14405
14408
14409
6221
14415
14418
47191
6232
14428
22623
39007
47200
39008
6240
22625
39010
22628
14440
6254
22641
39029
30847
22655
6272
47232
47235
39051
30863
6288
14484
14486
14488
39077
22694
22695
47271
39087
39090
22708
47284
39098
14524
39101
30909
30912
6336
22722
47298
22724
47301
47303
30919
47304
14538
39121
6357
14553
39129
47322
39131
47324
39132
6366
14559
14560
6368
6369
30947
47332
6373
47337
30954
39146
30958
30960
47347
39156
47349
14584
14585
47357
47358
14591
22785
14594
22787
39172
14598
6407
30984
22793
6410
22795
14605
39187
22806
39190
31001
47388
6432
39200
31016
47402
14634
6444
31021
22831
6448
6450
14642
47417
39227
14651
14655
22848
47427
22859
22862
14670
14671
14672
47440
47441
39253
22869
22873
39257
31067
14688
47457
47458
47463
31081
31084
39278
39280
39287
14713
6524
47486
31102
22913
39297
31106
39298
14723
31108
39302
31113
39308
6541
39311
39312
47509
22941
6560
47520
14756
22951
14765
31152
14768
14770
22964
6582
22971
14784
6593
6597
39369
47562
22988
14797
14799
6608
31191
31194
47580
14812
39389
47584
6625
47585
31202
39401
47594
23022
47599
6640
23025
23026
23032
47610
6652
31228
39432
23048
14863
47637
31254
47641
6682
31259
23074
39459
14884
47653
47654
14886
14888
14891
6699
6700
23088
23090
47666
47671
23098
47674
47675
14908
31298
47684
14917
23114
31306
47695
39503
14928
31313
14934
39511
39514
14943
14945
6753
6761
14956
39533
14959
6771
23156
23157
39542
14973
47743
47744
39553
14978
14979
23172
6789
39558
6791
14985
23181
47757
31376
31383
23196
6812
47774
15008
47777
31395
23204
47782
6822
23210
39597
15021
15037
31422
31423
6848
39617
6852
15045
31429
39629
6866
23252
31445
15062
39641
39644
15077
47847
15080
31465
39659
31472
39665
23281
47857
6898
6899
39668
6900
6901
39671
6906
15104
39682
23298
6920
47880
23305
15113
39697
31506
6936
31514
23324
47902
6945
31533
39725
23342
47919
47921
15154
31541
15162
47932
31550
23361
23365
15173
47943
15176
23368
39759
15184
23378
15186
39765
47961
15194
23387
15198
23390
31584
7013
39782
7015
39785
39786
23411
39796
47990
7031
31607
39805
23428
15237
23430
15238
48009
31627
7054
31633
48017
23445
23450
7070
23456
31648
15266
39844
31652
48037
7087
7088
7089
31668
31672
31673
48060
15297
7106
31687
7113
48074
31691
31693
23504
48087
39896
7128
31704
23513
23514
23522
39909
23526
7142
31718
39913
39914
48107
31724
7153
39921
15348
39931
39933
7165
39934
15359
23553
48129
39939
7171
15364
39946
23564
31759
23568
48148
31766
39964
31777
48163
48171
23597
15407
15408
15421
40001
48196
40005
7242
15434
40011
40012
7247
7248
23632
48216
15449
23642
7259
7262
23650
40044
23668
31866
40064
31876
48262
48266
23694
48275
15508
40088
31897
40090
7322
31904
40097
40098
31909
40102
15526
23721
31916
23725
15540
48308
31931
7356
23743
7362
23748
31947
48333
31949
48336
40146
7381
31959
48344
7386
7391
31969
48360
31977
23786
23788
48369
40177
31989
15606
48376
23800
40185
31995
7423
23814
32007
15629
7437
48397
7443
15638
48411
7453
40221
40222
48415
7458
7459
40227
23844
32038
40233
40234
48428
7469
48438
32055
32057
15674
15676
32062
23872
23874
48450
48451
23875
23879
23887
15696
32081
23890
48467
7510
32086
7514
40290
40297
48494
48496
32113
40306
23922
15733
7545
32122
48513
48517
32138
48525
48529
48530
7572
7575
15768
7577
40346
7578
7584
32160
7586
40355
48553
15786
23981
15790
40367
23983
40368
40375
23994
48571
24000
15810
15811
7621
48585
15820
24016
15827
15828
15834
32223
7648
15843
24036
15846
48619
24046
40431
24048
40441
32254
40446
15879
15880
32264
32266
32272
7696
40467
15891
40469
15893
40471
32280
7704
24089
15898
24091
40476
7712
32293
7719
32295
24104
48681
7725
7733
7735
40509
7742
24127
40517
32326
7753
7754
40523
48717
32334
48720
24146
32341
48728
24154
15963
40544
24162
15981
40558
48761
40575
24191
48772
7813
16007
16009
24201
16014
48782
32400
24217
32410
48798
48800
48801
16034
32422
40622
24240
48816
16048
24242
48820
32436
7870
16066
48838
40650
48843
24275
48851
16083
32468
40661
16089
16090
16098
48866
40677
24299
7916
40686
48881
7921
7926
32504
32506
24315
16128
40706
40710
16135
40712
7944
40713
7946
24330
16140
40716
24332
40721
7954
24338
48915
16147
32531
48918
48919
48920
16154
48923
48927
7969
16161
24355
24356
48938
48942
16175
24372
7988
16184
48957
40768
32577
48961
24386
24391
48971
32587
24397
48978
8021
48981
24405
16215
48988
16220
48990
24420
48996
16229
16230
40809
16234
49003
8048
8049
16241
16243
16245
40821
8056
24443
49022
40830
8067
24451
49032
40841
8074
24462
8079
24464
32658
40851
49044
24469
32665
49052
8093
32674
16290
24483
24485
8101
32678
40871
8104
16303
49071
40881
8114
32695
8128
24512
49090
8132
24522
40908
49100
16333
16334
40916
16340
24532
49109
24536
40921
49117
49119
32737
16356
24550
16362
49131
40939
24558
32750
40942
49137
16371
8186
32765
49151
3
202
175
383
