6575
49152
16384
32769
32773
16390
49162
11
16398
49168
32785
19
20
49172
49173
28
49184
32804
37
49191
32807
32808
49192
32814
51
52
16437
54
32823
49213
49214
49216
32833
65
32837
49221
16454
32840
72
49225
32843
49228
32845
49230
32846
49235
16468
16469
16472
49241
16475
16476
16479
49247
49251
99
32870
16493
16495
16497
32882
114
49267
32885
49269
49270
49271
32888
120
49272
32893
49280
32899
32901
32904
138
49292
16525
16526
32910
49295
144
16528
49297
16530
16531
32916
49302
32923
49309
32925
49310
158
32931
16548
164
16549
49317
16551
49322
49324
32940
174
16558
32944
180
16564
32949
49335
183
16571
32957
32958
32959
16577
16580
201
16587
49358
206
16597
49366
16598
215
32985
32989
223
16607
49376
16609
227
49383
33002
16618
33003
49390
33008
241
16631
49400
16635
33021
49407
49409
16641
33026
16642
264
33033
266
33035
16653
16654
49422
16655
49423
272
49424
33044
16661
33045
49429
16663
279
49433
33056
33059
33063
33067
304
33073
49458
33074
16690
308
33080
16696
33085
16702
16703
49472
33089
16705
33090
324
49477
16713
16715
49484
33100
33101
333
16718
33104
16721
338
347
16733
351
49506
16739
33128
16745
362
33133
49519
368
369
49521
372
375
33143
16763
380
16764
16766
33157
16776
392
394
395
49548
33169
33170
49555
33172
405
16791
407
49560
49563
412
16797
16798
417
418
16803
420
16804
16808
33192
49579
16812
16814
16817
436
49591
16828
49600
448
16835
16844
462
33230
49616
33234
16853
33241
49627
33247
16863
33249
33250
49634
33252
16874
49645
49649
33270
16887
49656
49658
508
33278
510
512
16896
514
16898
33283
49667
33285
49669
49673
16907
33293
16910
33296
16914
49683
49685
533
33301
535
16927
49695
16928
49696
33315
551
49706
33325
559
49716
33333
16949
16950
566
33334
33335
568
49729
33346
33348
16968
16972
16973
16976
33361
16977
595
33368
16985
33370
16986
49754
607
608
33377
49762
612
49765
614
16998
615
619
622
49778
33400
33406
49790
17022
33408
49793
644
33413
17030
649
650
654
33422
656
658
33428
33430
663
33432
667
33436
669
33439
49823
674
17060
17064
33451
685
17080
33466
700
701
17086
49854
705
33473
17091
17093
33478
17095
49864
33481
49867
33485
17102
33487
49873
17105
728
49884
733
49887
17120
737
17123
49895
17128
33513
17136
49905
755
33525
17141
49910
758
17142
49911
17144
49913
767
17151
49921
49922
771
17158
33542
779
17164
781
782
17167
784
49937
786
17172
49946
49950
799
17186
49954
33570
49955
33572
17188
33575
807
810
33579
17196
33580
49965
814
815
816
49970
818
33590
49982
833
49986
17218
33603
836
17225
33611
851
853
17239
33628
17244
33633
17250
33634
867
870
17255
33639
872
17260
33652
887
892
17277
894
17279
901
33673
33674
33676
17296
914
17298
17300
919
17309
33694
17310
931
934
33703
937
17327
17330
33714
17332
17333
950
17336
953
955
17340
956
33725
17343
33731
17349
17353
973
33741
976
977
982
33752
33753
17370
33756
17374
17375
17377
33762
33764
33766
999
1007
1008
1014
33786
1018
33788
1024
33797
1030
17419
1036
33805
17425
1041
1042
17428
17429
1050
17435
17436
33823
17445
33831
17450
17452
33836
33839
1072
33840
33843
1075
1079
17465
17466
33854
17471
1089
33858
17480
17482
1104
17491
1110
33879
1113
1115
17500
17501
1122
17507
17508
1128
17514
17518
1136
33910
33912
33913
17532
1150
1151
17538
1156
17546
1162
33936
17556
33945
17563
17566
1182
33953
17569
33956
1189
17578
33964
17583
1200
17585
1204
17590
1209
17593
33981
1215
1216
33985
33986
1220
17605
33990
1222
1226
17612
33998
17615
17618
17624
17628
34013
1245
1248
1260
1265
17650
34047
34058
34060
17678
34065
34068
1303
34072
1306
17695
17698
17699
17702
1319
17703
34093
17713
17723
34110
1343
34112
34113
34117
17735
1351
34127
1359
17745
34129
34130
17747
17748
34133
34134
34136
34138
34139
17761
34151
17768
17772
1391
1401
34173
17792
34177
1411
34180
17799
34187
1420
1423
34195
34196
1430
1434
17820
17822
34206
17826
17827
34211
1444
34217
17833
17834
17836
17837
1457
34227
1460
17844
1464
17852
1470
34238
17856
34241
34242
17859
34244
17864
1482
34252
17869
1490
17875
34265
1507
1508
1513
1516
1517
34286
17903
17904
1521
1523
17910
1529
1531
34299
34302
17918
17919
34303
17923
1539
34308
17926
1545
34322
17942
34329
1563
17950
1567
34335
34338
17957
1573
1578
17962
1582
17968
34353
1586
17970
17975
34359
34361
1594
17984
17986
17990
17992
34383
1616
1621
18007
1624
34393
1628
34396
1632
1637
18029
34415
34419
1652
34421
1653
1655
18042
18043
18046
18047
18048
1666
34437
18061
18065
34454
18071
18072
34459
1693
18080
1701
18087
34473
18092
34478
34479
34480
34481
34483
1715
1717
34486
1723
34496
1730
1735
18120
18128
34513
1745
1746
1749
1751
18139
1755
1757
1777
34548
1781
18166
18167
1784
1785
34553
34554
1786
1788
18179
1800
18184
1807
18193
1813
34583
1818
18203
18208
1824
34592
34596
18215
18223
18224
18232
18234
34623
1858
1859
34629
18246
18247
18253
18257
1873
34653
1885
1889
34661
34662
1896
34666
1900
18284
18288
34672
1904
1911
1914
18304
18310
34696
34697
1931
34700
34702
1934
1935
34706
34708
1942
34710
34712
18332
1949
1950
1954
1966
34734
1969
34738
18355
1973
18358
34748
1981
1982
18368
1985
34759
1991
1992
34760
34764
18381
18382
18390
34778
34786
18403
18409
18413
34802
18425
18426
34811
18429
2047
34815
34819
18439
2056
34825
2060
18446
18447
2064
34838
18457
18467
2083
18468
2084
2085
18469
34866
34883
34889
34892
34893
18510
2128
18516
18521
18527
18528
34916
34921
18541
2158
18544
2160
2166
18554
2170
18556
34940
18564
34949
2183
18576
34964
34965
2200
34977
18594
34980
18609
34994
2227
18612
35007
18624
35009
18627
2244
35014
18631
2249
18633
2250
35019
2252
2255
18640
2256
35025
18647
35034
35038
35039
2273
2274
35043
2277
18662
18664
18671
35057
18675
18677
2294
35063
2300
18686
18690
35075
35080
35083
2317
18705
18706
35090
2326
18715
2334
2335
18722
35107
18725
2344
18730
18732
18737
18738
2359
2360
2365
2369
18754
2371
35141
18759
2383
35157
18775
18791
2412
18797
35181
35184
35185
2419
35188
35190
2423
18810
18813
18815
35199
2431
18819
2435
18820
2438
2443
2445
18832
35221
35223
35224
18841
35226
35227
35230
35231
35232
35233
2468
18852
35240
2474
2481
35252
2484
2485
18876
18877
35262
18879
18884
18886
35271
2505
35274
2509
35281
18898
35283
18900
35286
2518
18904
2526
2529
35298
18917
18920
2537
2541
18928
2547
35316
35317
18933
2552
35326
35334
2566
35336
2569
35337
35339
2574
35344
18961
35347
2580
18965
2582
35353
2585
18969
18970
35356
18972
35360
18981
35366
18984
2602
35371
35373
35374
18990
2607
2608
35377
18994
18997
35382
35383
19006
2622
2625
35395
19012
35400
35401
35404
2636
2638
2644
35415
19033
35417
2651
19039
35425
2662
35431
19048
19052
2672
19057
19062
2680
2684
19068
2685
19072
35456
35461
35464
19081
19084
35469
35476
2714
35483
2717
19101
35486
2722
2724
2725
19109
2732
35506
2738
35507
2739
35509
2745
35514
2747
19133
2755
2762
19146
35534
35539
2771
2773
19162
19164
19166
2786
2788
2791
19178
2796
35564
35565
35567
35573
19196
2816
2821
35589
2822
2826
2827
35598
19216
2837
19222
19224
35609
19229
35618
19237
35622
19238
2855
2856
19244
2860
19248
19250
35637
35639
19256
35641
19260
35645
35649
2881
19267
19268
35655
35658
19274
2892
35660
2896
2898
35666
19282
19287
19288
19290
35677
19301
2919
19306
2923
19309
2927
19314
2931
19316
2934
19322
35707
35710
35712
2944
19331
35718
2951
19338
19339
35724
2957
35727
19346
35734
19352
19355
19360
35745
19369
35755
35757
2990
35758
2991
19376
2993
19377
35762
35763
2996
2997
19383
3001
3004
3006
3007
35777
3009
19403
19404
3022
19406
35796
19413
3031
19423
19425
3046
19431
3047
19433
3050
35820
19439
3057
19443
3061
35830
19447
35833
3065
19451
35838
35839
19458
19460
35846
3080
19467
19468
3088
19474
3091
19476
19477
3096
19482
35868
19487
19489
35874
19492
35884
19502
35888
35889
3121
19508
19509
35896
35897
3142
19526
35916
19533
19534
35918
19535
35919
35920
19537
3158
19544
3165
19550
3174
3176
3177
3181
19567
19573
35958
19580
3200
35968
3201
35973
19592
35978
3211
35980
35982
35987
35988
3222
19607
3226
19611
3229
3233
19618
3235
36007
19623
36009
19625
3243
3245
3251
3261
3264
19649
36035
36036
36041
3276
19662
3278
3279
36047
19664
19666
19667
36054
36056
3288
36057
3292
19676
19681
36066
19685
36070
19687
36073
3308
19692
3315
19701
36085
3317
19704
19707
36096
19714
36098
36101
3336
19727
3346
36116
3349
3351
19738
3354
19741
3359
3361
3363
36133
3365
19751
19757
36141
3384
36156
36157
19773
3394
36171
36173
36177
36179
19795
19799
19806
36192
3424
3425
36194
19812
36197
19814
36200
3433
36201
3434
3435
19819
36210
3444
19834
3450
36221
19840
3460
19846
19848
19850
19853
36238
3471
19856
3474
19859
36248
3482
19866
3486
3487
19874
3490
19875
19878
3495
19882
3498
19883
19884
19886
19887
3505
36274
3509
36277
19895
36281
3514
3516
3520
36292
19911
19913
36299
19915
36301
3534
3537
3539
36307
3545
3546
3547
19932
19936
3552
36321
3555
3556
36327
36329
3562
19946
19948
36333
19950
19954
3577
19965
3584
19971
19973
36359
19976
36362
3594
36363
19980
3600
3602
3605
19989
36376
3609
19995
36381
36384
20000
20001
20002
3620
36389
3622
36392
3624
20010
20011
36401
20021
3639
3640
3642
36411
20028
20030
3648
36420
36422
20045
20047
36433
36434
20054
36440
20058
3675
3685
20069
20070
20081
3697
36468
3702
20088
20089
36474
36476
36477
20097
3713
20103
3719
20105
3723
20112
20113
3730
20116
3732
36502
36511
3743
3744
20129
36515
20132
3749
20135
36520
36522
20146
20147
20151
36540
36545
3779
20166
20172
3795
20179
20184
20185
20189
3808
36578
20195
3814
36583
36585
3819
36588
3821
3824
36593
20218
36603
3835
36606
20222
36607
3849
20233
36618
20238
3854
3859
20244
36629
20245
20246
36634
36635
3868
3870
36639
3872
3874
20260
3878
3879
20264
3880
36663
3897
36668
3900
20287
20292
36685
20304
36689
20307
3927
20314
36702
3938
36706
36709
3943
20343
3959
3962
20346
20347
20348
3968
20353
36741
3978
20364
3980
20365
3981
36758
3995
36768
20388
20393
4013
36784
4017
20403
20404
36793
4025
4034
36802
4037
4040
20429
4045
4046
20431
20440
20441
4058
20442
36828
4061
20449
4067
36839
4072
4073
36841
36853
36854
20475
36866
20483
4101
36870
4102
4105
4107
20491
4111
36883
20500
20506
20507
36892
36893
20513
4131
36899
4133
20517
4135
4138
36918
20535
4151
20538
36928
4162
4163
20550
4166
4167
20553
36941
20560
20561
20563
4183
36954
36959
20576
4198
36968
36973
4206
4208
36978
4210
36979
20596
4213
36983
20599
4215
20600
36984
4220
36993
20609
4230
20616
4232
4233
4234
4238
20622
4239
37011
4244
20632
37017
4258
37028
20644
4263
20647
37031
37039
20658
20661
37047
4282
4291
37060
20685
4302
37075
20694
20696
4312
20705
4322
37091
20709
4329
20714
37107
4341
4342
37110
20730
20732
4349
37121
4353
4355
4360
20745
4365
20749
4366
37136
4370
4371
4374
20760
4379
37153
37155
37156
4391
37159
37163
20779
20780
20781
20783
4400
37169
37171
4404
37174
20792
37177
20793
4409
4410
37180
37185
4418
4419
20804
4421
4424
20811
37202
4434
4437
37205
4440
20824
20825
37209
37211
20828
4444
37213
37215
20833
20834
20837
4454
20839
4455
4457
4462
20847
4464
37234
20856
20857
20859
20863
4482
20869
20870
20871
37255
20873
37258
37259
37262
20880
20882
4499
37275
4517
37290
37292
4526
20911
4530
4531
37300
20916
4535
37306
20923
4540
20927
4548
20935
4552
4559
37328
20947
4564
20948
37341
37342
4575
4579
37349
20967
20971
37356
37357
20974
37359
37361
20979
37374
37375
20993
37379
20997
37382
4616
37386
4620
37389
4624
37393
4625
4628
21012
4630
4632
21017
4636
37405
37410
4646
21035
37427
4663
37434
21051
21052
21055
4672
37441
21057
21062
37446
4678
37447
4681
21066
21067
37452
21068
4686
37457
21075
21076
37460
4692
21077
37463
4702
21086
4705
21090
21091
37477
4713
4714
4719
21109
37505
21122
37507
4739
4744
37514
21131
4750
37522
21138
21145
4764
37532
4768
21154
4772
37541
21157
37542
37544
4781
37549
21166
37551
37553
37554
4787
4788
4793
37563
4798
4810
4821
21205
4826
4828
4840
21228
4844
4848
37623
4858
4872
37643
21259
4878
37649
4883
21269
21270
21277
21280
37667
4901
21290
4907
21296
4913
4914
37683
37684
4921
37690
37692
21308
21313
37699
4940
21325
4941
21326
21329
21330
4949
21335
21337
21341
37726
4959
37728
21345
4962
21349
37735
4970
21368
37755
4988
21375
37761
4993
21378
4995
21382
21384
5005
37775
5014
21400
37786
21404
5020
37790
21407
21419
37804
21423
37807
37811
37818
21436
21446
21448
21455
5072
21460
21464
37851
5084
37854
21472
37857
21474
5094
37867
5100
37870
37873
5114
37883
5116
5119
5125
37893
21510
37896
37897
37901
21518
21519
21520
37909
5141
21527
37913
21531
37917
21542
37928
5162
37937
37940
5173
21559
5180
37950
5184
37955
5189
5190
37959
5193
5212
37980
5217
21609
37997
37999
5232
5233
38002
5235
5237
5239
38009
5244
5246
21631
5248
21632
21634
38020
38024
21641
38025
38026
38027
21646
38034
38039
5272
21660
5277
38046
5280
38048
38049
21667
21675
38061
5293
21677
21680
5297
5298
21687
5306
38076
38080
38082
5329
38099
5333
38101
5334
38104
21734
5351
38119
38124
38131
21748
5365
21750
38135
5376
38145
21763
5381
5382
5386
5390
38158
5396
21783
5400
5401
21787
5404
38174
38175
38176
5411
5412
5414
5416
5422
38195
5428
21814
21819
38206
38207
5440
38208
21825
38210
21828
21840
5462
38230
5465
5467
38237
38238
21855
5472
38242
5489
21876
38261
21877
38262
21879
38272
21890
38275
38277
5515
21907
5525
21909
21915
38302
5537
5540
38323
38325
5557
5558
38329
5568
21952
21953
5569
21960
21962
21965
5581
21967
21978
38364
38366
21988
38374
5608
21995
5612
22004
38391
22008
5626
22012
22016
38401
38402
5641
5646
38414
5649
38418
5655
38425
5659
22045
22047
38431
38434
38437
5670
22062
5680
5682
5686
22071
38458
5696
22084
5700
38469
22087
38472
22097
5714
22108
5725
22114
38503
38504
5737
38509
38511
5743
5744
38512
5746
5752
22139
38526
22146
5764
5767
38535
22152
5770
22163
22164
22169
5787
5788
38556
5791
22175
5795
22184
22185
5802
5806
38576
22193
22198
22200
22203
22204
5830
5835
22221
38609
5842
38611
5844
5846
38614
38618
38620
5853
22240
5861
38629
5865
5866
22250
38639
5871
38643
22259
5876
38644
5880
5884
38652
38656
38659
38664
38667
22285
38671
38674
38676
22295
22296
38681
38683
22304
22306
38690
38695
22313
38698
22315
5931
22318
5935
38703
5936
5940
38709
22328
22334
5952
5953
5956
22342
22343
5966
38742
5975
5976
22361
5978
38749
22371
5992
22378
22379
22382
5998
22387
22390
6008
6014
6015
38785
22401
38787
22405
22406
38792
38794
6028
38798
6032
22417
38805
38810
38817
6049
22434
6052
6056
38828
6064
6065
38835
6067
38836
38837
38840
6073
38843
38845
6078
6079
38849
22467
6085
22471
6095
38864
38865
6101
6103
38875
22491
6110
38880
22498
6115
22499
22501
6120
22512
38898
6134
6140
22529
6145
6148
22536
6163
22547
6164
38933
22550
6170
6177
22563
6182
6183
6185
6187
22571
38955
38956
38961
22579
38970
22587
6204
38974
22592
38976
38982
22601
22604
38992
22609
22615
6233
39002
6240
22624
22625
22632
6252
39023
22640
6258
22643
22644
22648
39039
22655
6280
22664
6282
22666
6284
39052
22669
39058
22676
22678
22680
22684
39069
22688
6304
22692
6309
39080
6315
22700
22701
39087
22704
6322
22712
39096
6334
22723
22724
6348
6353
39124
39127
39132
39140
6374
22758
6376
22760
39145
39146
39147
6380
39157
22773
6391
22776
6393
22779
6398
39166
39170
22788
22793
6410
22795
22796
39182
22804
39191
22809
39193
6425
22811
22817
39203
39204
6436
22821
39206
39210
39216
6448
6450
39218
6451
39220
6454
6458
22850
39235
22853
6470
39244
6479
39248
39250
6482
39251
6483
6486
22871
39258
6491
39263
6495
6496
6499
6500
39268
39270
39276
22892
6517
22901
39293
22910
39295
6528
39296
39302
39304
22921
22929
39314
6550
6551
6557
39325
22943
39329
6566
22951
6567
39336
22953
39340
39353
22970
6589
6590
6591
22976
6592
6594
6595
22982
22983
22984
6602
22987
6605
6610
22996
6615
22999
39390
23010
39398
6630
39400
23022
6643
23033
39420
39427
23045
23049
39433
39438
6671
23067
23071
39456
39459
39465
6699
23085
23088
23092
6713
23102
39490
23108
23113
6733
6734
23119
39506
6738
23122
6740
23127
39511
23135
39520
23137
23139
39529
6763
23147
39538
23157
39543
39545
6779
39551
6784
6785
39555
39556
6793
23180
6796
6799
6800
6809
39578
6815
39584
23202
23203
23207
23208
6824
39594
39601
39602
6836
23222
6840
23224
23230
6853
39622
39623
6857
23246
6864
39633
6867
23251
39640
6877
39646
39649
23267
23271
6888
39662
39666
23283
39668
23285
6901
6902
6904
23288
23290
23292
39677
23293
23298
23302
6921
23305
23308
39696
23315
6931
23316
23318
23321
23323
6944
39713
6949
39718
6950
6954
6956
23346
23348
39736
23355
6974
39742
23364
6988
39756
39759
23375
6994
39775
23396
39780
39781
23398
23400
7016
23403
39788
39795
23414
39800
23416
7033
39803
23419
39810
7047
23432
39816
23433
23434
23435
23436
7060
39829
7064
39833
39835
23453
39838
23455
23456
39840
7073
23459
23460
7077
23461
7078
7079
23465
7083
7089
39861
39863
39865
39867
7105
7109
23497
7115
7116
39884
23501
39885
23502
7119
7121
23507
7126
23510
7128
23514
23517
23521
39908
39909
39914
23535
39925
7164
39936
7169
23553
7170
23555
7174
23563
7182
7183
23572
23574
7191
23578
7201
39969
7203
39972
23588
23591
39977
23599
23601
23602
7218
7225
23610
39996
23614
39999
7231
23616
23617
7233
7234
40007
23633
40023
23647
23648
23649
23651
40038
7271
40039
23656
40046
7281
40049
23666
23668
7284
7285
23671
23674
7291
23678
7295
23679
23680
7297
23681
23682
7303
40072
40074
23693
40080
40088
7321
7322
23709
23710
23712
7329
7332
40100
40105
7337
23722
7340
23725
7344
7345
23733
23735
23741
23742
23743
7361
7363
40133
23757
40143
7376
23762
40146
40151
7385
23771
7393
7394
40164
7400
23787
23792
7408
23794
23796
7413
23799
7415
40188
23805
7423
23809
23813
23815
23818
7436
23820
40208
40211
23831
7447
40215
7449
23837
7454
40224
23844
40229
40232
23848
23855
40239
23856
7475
23871
7487
23878
7494
23883
40267
23884
40270
23895
40281
23898
23906
40294
40297
7530
23914
7531
7535
23919
23920
40304
40308
40313
23932
7551
23939
7557
7560
7563
23951
7570
23954
23955
23960
7578
23963
7581
40350
40355
23971
40361
7594
23982
40368
7600
23985
40371
40372
40376
23993
7611
23996
40382
24002
40387
24005
7623
40392
24010
40401
7634
24020
24021
24022
40406
40413
40419
7654
7655
40424
24043
7660
24045
40433
40437
7677
24064
7682
7684
40453
7686
40458
40464
7698
7701
24088
7704
40473
40475
7708
24094
7715
40484
24100
24104
7720
40491
24111
40496
24115
7732
24117
7733
40501
7734
24121
7737
24131
40515
40516
40518
40522
24143
7761
40536
40538
24157
24158
24160
40547
40551
7786
40554
7790
24176
40561
24180
7797
7803
24189
40575
24195
24198
24201
7821
24207
24209
24210
7829
7833
40606
7840
24227
40619
7851
40621
7858
24242
40634
40635
40637
24253
7869
40641
40643
24259
24262
40650
24273
40660
40662
24280
40666
7904
40672
7909
24293
40680
40687
24306
7924
40698
24314
24321
40706
7938
24322
40715
40716
24333
40717
40723
40726
40727
7959
7960
7961
24345
24348
24352
7969
7976
7977
40749
7983
40755
40759
40775
8010
24394
24398
8014
8016
24403
40789
40791
8024
40794
8028
8033
40803
8035
40806
8039
8040
24432
8050
24435
24441
24444
24445
24450
40834
8078
24465
8082
8084
40855
24476
24479
8101
40870
8105
8106
8110
40882
40886
8120
40890
40892
40897
8130
24517
8138
24527
40917
24533
40922
40923
40924
8157
24548
24550
40938
8171
24556
24557
8173
8176
24563
24565
24567
24568
8186
24570
24573
40960
40965
8198
24587
40972
40974
8209
8214
40982
24599
24600
24605
8222
24607
40998
24617
8234
41002
24620
24622
8239
24623
41010
8244
41017
8249
41018
24635
8253
41024
41028
24645
8265
41038
41041
24661
41051
8284
41055
24673
41061
8295
8297
8303
8304
41078
8312
41081
8314
41084
8320
8322
8327
41098
24715
8332
8334
24720
8336
24724
24726
24730
8352
41121
41130
8363
24747
24752
41141
41146
41152
41153
8389
24773
41162
41166
24789
8411
24796
41182
41195
41197
41201
8437
41213
24832
41217
8451
41221
8454
41226
41230
24848
41234
24851
41238
8481
41253
8486
41255
8488
24874
41265
8499
8500
24885
41269
8504
41275
24895
41280
41283
8516
8519
41298
41300
24917
24918
41311
8545
41318
8552
41321
41329
24949
24950
41334
8567
41345
41346
41349
24969
41353
8586
8588
41360
41362
8594
24979
41364
24983
24989
24992
8608
41378
41379
8613
25002
41387
41389
8621
25006
8624
41394
41396
25012
41400
8635
25024
8641
25027
8646
8647
25033
41420
8654
25040
41425
8658
41426
41430
41432
8669
41443
25059
8675
25060
25063
8679
8680
8682
41450
25066
41452
25069
8686
25077
8696
8697
25083
25088
41472
25090
41479
25096
25105
8722
25106
41492
41493
41494
8731
8734
25122
25123
8742
41515
41521
25142
8760
8763
8765
41535
41536
41538
25155
25159
41544
25165
8783
25168
8784
8790
41560
8793
25177
41566
8798
8799
25184
41569
25185
8805
25199
25201
41588
25206
41591
8824
25209
25210
8836
41604
8842
8849
8851
25235
25237
25241
8858
41626
41627
25245
41635
25252
41638
8870
8871
25258
8879
25266
25269
25270
25274
25275
25277
41661
25278
41662
25281
8898
25283
25293
41683
25300
41687
8920
25305
25307
25309
25312
8928
8933
41701
25318
8938
25325
8943
8945
8948
8949
41719
8951
8952
8953
25339
41725
25345
8962
25346
41730
41734
8967
25352
41737
25357
8976
25361
41747
25374
25376
41763
8999
25385
25387
9004
25388
41773
41776
25396
41780
9012
9015
9017
41785
41787
9024
25409
9025
41796
41801
41802
25425
9044
25431
41815
41816
25433
41819
25445
9062
25449
25453
9073
25457
41842
25467
41851
25470
25474
9092
9094
25478
25479
41864
9098
41867
41870
9104
25490
9115
41884
9116
25503
41887
41890
41893
41896
9132
41902
9135
41908
9142
25526
9143
25528
41919
25536
9153
9154
41925
25542
25546
25553
9172
9175
25559
9176
25562
41946
41948
41950
9185
25571
9188
25574
25575
9192
9195
9196
9199
41970
9203
25589
41974
41975
25592
9209
9213
41981
41986
25603
41988
41991
41995
41996
25613
41997
25618
25619
42007
42008
25628
25634
25636
9259
25645
25649
42033
25650
25651
25653
9271
42043
42044
42046
9280
9283
9284
25669
25671
42061
25680
25688
9307
25698
42085
25702
9319
9322
9323
25708
42092
9325
42094
25711
9334
25721
9338
42108
25724
9345
25729
9346
42118
9351
25736
25737
9355
9359
9364
9366
25752
25754
42144
25766
25768
25773
42161
42167
42169
9406
25795
42183
25804
9426
42195
42196
9428
9435
9437
9440
9445
42215
25832
25833
42219
9457
42225
42227
25844
9463
9464
25869
42253
25872
9491
25878
9497
42268
9503
9507
42279
42280
25897
25899
42285
25902
9518
25903
25910
9530
42298
42302
25919
42304
25923
42308
25927
25929
25932
9553
42322
9554
42332
42333
25951
9573
42342
25965
9582
25968
42353
42354
42356
25973
42358
42359
9593
9596
9597
42368
42377
9609
9610
9615
26000
9617
26001
42388
42389
26006
9627
26012
26018
42402
9634
26029
26030
9646
42415
26034
42420
42421
9654
9656
26040
26041
26053
26056
26061
42445
26063
9679
42448
42450
9686
42456
26073
26074
42460
42462
9702
42472
42473
26091
9708
42477
9711
26097
42482
42484
26102
42486
42491
42492
26109
42495
42497
42501
9735
9737
26127
9744
9747
26138
42524
9758
42528
26145
42534
42535
26151
42536
42538
26155
42539
26158
42544
26162
9782
42551
9785
42560
26176
9793
26178
9794
9796
42565
26184
26186
9805
26190
26193
42582
42584
42585
42594
9829
26214
42604
9836
42605
9837
42609
26225
9842
26228
26229
26230
42619
9854
42622
9861
9863
42633
42634
9868
26253
42638
42651
26267
42652
26271
26273
42660
26279
9896
42668
9902
26286
42671
9903
9906
9911
42690
42694
26314
9934
26320
26321
42705
9937
9938
26322
42707
9942
42712
42713
26332
42719
26339
42726
26345
9961
9963
26350
26352
26353
42740
42749
42750
42751
42758
42761
26378
42770
10002
10009
26394
26395
42782
26398
26399
26401
42787
26408
26410
42796
10029
10030
42806
42807
42812
10044
10046
10052
42823
10055
26441
10060
26444
42829
10063
42832
42836
10068
26455
10076
26462
42848
10086
42855
10098
10102
42871
26488
42878
42880
26496
10113
26499
10117
42885
10125
42898
42899
26522
10140
26532
26535
42920
26540
10157
42927
26545
10162
10163
26552
26564
10182
10186
42958
10193
10198
42977
26594
42981
42982
26599
42986
42987
26605
42991
26608
42994
10235
43004
26625
10250
10256
43024
26656
43046
10289
26680
26681
10300
10304
26691
26694
26701
43087
26703
10320
43091
43094
10328
26718
26721
10337
43108
10358
26751
26761
26767
43153
43155
10390
26776
26779
43165
10410
26795
43181
10414
10417
10424
10430
43199
10431
43200
43204
26821
10438
26822
10441
43210
26827
43211
10443
10446
10455
43223
26842
43230
10465
26851
43240
10474
26864
26866
43251
43259
43260
10492
43261
26880
43264
10500
43272
10505
10506
43277
26898
43285
43290
26911
43297
26914
26915
43302
26918
43304
43307
10540
43315
43317
43320
43325
10562
10566
26950
43338
26956
43342
10574
26958
26960
26963
10583
26970
10587
26972
10588
10591
43362
26978
43365
43367
10602
26986
43373
43374
43375
43387
10622
10623
27010
43395
27012
27013
10629
43398
10632
27018
27026
27028
43413
27030
43419
10652
43420
27040
43424
27046
10666
27054
43440
27057
10674
27063
10680
43449
27066
43452
27073
43460
27083
10699
43472
27089
10710
27100
27104
43489
27107
27109
27110
10727
27113
27114
10730
43499
27115
10736
43508
10740
10741
43513
10745
27131
43515
10747
10749
43523
27142
10759
43531
27147
43534
43538
27154
27155
27158
27164
10780
27166
43552
10787
10792
10793
27178
10797
43568
27190
43583
10820
10822
27212
10830
43601
10837
43606
10844
27228
27231
43616
43618
10850
27235
10852
10855
27242
43636
27256
27260
43645
27262
43651
10884
43652
10889
43662
27280
43664
27283
43669
10906
43674
43678
43680
43681
27298
43683
27300
27301
10920
10922
10928
43697
10933
10936
10938
27323
43709
27328
43714
27343
43729
43730
10964
43736
27354
43738
43739
27356
10974
43745
27366
10984
27371
10989
10992
43760
27377
43762
10997
27382
10999
11000
43769
27391
11008
27397
27400
27401
11024
27409
11029
11035
11043
43817
27436
11052
11054
43823
43824
43825
27445
11062
11064
27453
43838
27457
11076
27479
27485
11105
43874
11107
43876
27492
43878
43881
27501
11123
11124
11130
43898
43906
27523
43909
11145
43913
27536
27541
43928
11167
43935
11170
27555
43944
43947
27563
27564
43950
27567
27568
11185
43954
11193
27578
27581
43965
11201
43969
27587
43971
43974
27594
43982
27599
27601
27602
43988
11222
27607
11229
44001
27618
27620
11236
44007
27625
11245
44016
44019
11252
11253
11263
11265
11267
27652
27653
11273
27658
27661
44052
44056
11289
11291
11294
44062
44064
44066
27687
27689
11308
27695
11313
27699
44084
27701
11320
27706
27707
27709
44095
27711
44096
27717
44102
11335
11336
44106
27735
44119
44120
27739
27742
44126
11359
27747
11366
44136
44137
11371
27756
27758
44145
11378
44148
44149
27766
27771
27772
44160
44164
44165
27783
44171
27791
11411
11412
27798
44182
44183
27802
27805
11422
11427
44195
27812
27813
11432
11437
11441
11442
27832
11448
11449
11451
44219
27837
27840
44229
27847
27848
27850
44235
27854
44242
11476
11481
27872
11488
27874
44259
27877
27878
27879
11495
27880
27882
27884
44268
27887
44272
27889
44275
44276
27897
11513
27899
11519
44288
44291
44292
11525
44295
11531
44303
11535
27923
11543
27931
27934
11552
44320
11562
11564
27955
27956
11572
11573
44343
44345
27962
44350
27967
44352
11592
27978
11594
44370
11604
27988
11605
27989
44374
44380
27997
44386
28004
28014
28016
11632
28018
44406
28025
44414
11647
28032
11653
44422
28038
44424
28043
44428
11662
11663
44440
28059
11675
44445
28065
28070
11686
28071
44457
44463
44472
11704
44477
28093
28094
44478
11710
28095
44479
11712
28099
11716
11717
44485
11719
11720
11721
28105
28106
28109
44495
11728
44497
28113
28118
44502
28119
11735
28121
44506
28123
44510
28129
11747
11749
44519
11753
11759
11763
28148
28149
11770
44542
28159
11783
44552
44553
44560
28179
44565
11807
44580
28196
44581
11817
44591
11823
11824
28215
44602
11835
28219
44606
28222
11839
28223
28228
28231
11848
11853
11855
28240
28241
11860
28258
44643
44650
28267
44652
11887
28271
11888
28274
44666
28285
44672
11909
11910
11911
11918
44689
28305
11921
28307
11923
44693
28310
44698
11934
44707
28324
11941
28326
44711
28329
28330
11947
11952
11954
44724
11957
11959
11960
44730
11962
11964
28348
28349
11967
28353
11970
11974
11976
44744
28361
44745
28364
11984
11986
11989
44757
11991
28381
44765
28385
28388
44781
28397
12016
44784
44789
44795
44799
28416
44801
28417
12034
44804
12041
12043
28427
28430
44815
12047
44816
12052
28437
12054
28442
12059
28443
44837
12069
28459
28461
28463
44855
28476
28480
28483
28490
12106
44879
44883
44884
28501
44887
44890
12127
28515
28516
44901
12136
12138
28523
12141
44915
44923
12159
12160
28549
28551
44936
28553
12169
44938
28554
12172
44941
44942
12174
28559
44945
12180
12183
44952
28569
44954
44960
12193
44962
44963
28580
28582
44967
44971
12206
28595
44982
28604
44988
12224
12227
12229
28614
28620
12237
45008
28624
12242
28626
45014
12247
28632
45017
45018
12251
12253
45021
28638
28641
45026
28642
12260
12262
28646
28647
28648
28649
45039
12276
45048
45049
28665
28666
12284
12289
45057
28674
45058
12292
28681
12304
28689
28690
28692
12310
45080
28699
28709
28711
28712
12329
28715
45101
28720
12336
12337
45107
28723
28726
12352
45123
28741
12364
12368
45137
45139
45141
12377
45145
45148
45153
28772
28774
12390
28777
45163
28781
12399
45168
12401
45170
28787
45172
45173
12405
45174
28790
45175
12407
12413
28805
45191
45193
28809
45194
45196
28813
45201
28818
12437
45207
28830
45215
28831
12452
12454
12459
12462
28850
45235
28851
12467
45243
45251
12485
45254
45258
45261
28879
12498
45270
28887
28889
12506
28895
28899
12517
45287
12519
12520
28905
45290
45293
45295
45296
12528
28914
28916
28918
12535
28919
28920
12536
45308
45309
12542
45311
12543
12544
28930
28932
12549
28934
45326
45327
12559
28944
28945
45330
28948
45333
28950
12567
28952
28953
45347
12582
45352
12587
45358
28976
45363
28982
28984
28985
45372
12605
45379
12612
12623
45393
29015
12632
12633
29020
29024
45408
12643
29027
45412
29028
12647
12649
12653
45422
12659
45429
12661
29046
45430
29053
12670
45440
29056
45442
12674
29059
45446
45454
29071
45456
45457
12689
45459
45461
12696
29080
29084
12701
12704
29089
12708
12718
29103
45488
12721
29105
12723
29108
12727
12729
45498
12737
45507
29123
45508
45509
29133
45519
29136
12753
29137
45524
45525
12759
29145
12765
45541
29158
45542
12780
45555
29182
12801
29187
45571
12808
29197
12813
29201
45587
45589
29212
45597
29216
45601
12833
12837
45605
29222
12842
45612
45615
12850
45619
29236
12854
45629
29245
12864
12870
12872
29257
29258
45642
12877
45646
45651
45657
12892
29282
12900
45674
12909
29300
29303
29307
45694
45696
12932
45702
45704
12939
29323
45708
45709
12942
12944
29332
12955
12956
12957
29342
12963
45732
12965
45734
29352
45739
45741
29361
29366
12987
29375
29376
29377
45762
12995
13000
13001
29385
13003
45774
13007
45779
45780
13013
13016
29406
45794
29411
45795
29414
45800
45801
13037
29422
13038
13042
29428
45820
29440
29441
13061
29447
45834
29451
29453
13070
45839
45840
13072
13074
29458
13076
45849
29468
45857
13090
45859
45861
45863
29480
45864
45866
45875
13112
29498
29500
29502
29509
45894
45895
13129
45900
13135
29521
13144
29530
13150
45919
29535
13152
13154
29539
13156
29541
45926
29547
45933
45935
13170
13178
45946
13180
29566
29569
45958
29574
13193
29579
29582
29584
29586
13203
45974
45975
29601
45985
29604
29609
29610
13226
13230
13234
46004
29620
46005
13238
13239
46015
29634
29636
13252
46021
46025
46030
13268
29655
46041
13275
46046
46050
29666
13284
46055
13290
29674
29676
13296
29686
13307
13314
13315
46085
13318
13319
13326
29712
46096
46099
46108
13340
29728
29729
46117
13355
29740
46124
46125
29743
29744
29746
13366
46135
13368
46141
13373
46143
46144
29764
13383
13386
46155
29771
13388
46158
46160
29777
46162
13402
46172
13405
46176
46181
13416
46184
29800
13417
29804
46191
29809
29810
46194
13426
13429
46200
29820
46205
13441
46213
29835
13464
29848
46232
13467
46240
29856
13473
13477
46250
13489
46258
29874
13491
13495
13498
46267
13501
13502
13507
29894
46278
13513
13515
46285
29904
29917
13537
13545
46314
13546
13548
46317
29936
13553
29948
29951
13568
46339
13581
46352
29969
46354
13596
46369
13602
29987
29991
13611
29997
13614
30000
13617
46386
46388
13620
13621
30012
30013
46401
30018
30020
30022
13646
46417
30035
30046
13664
46435
46439
13671
46444
46446
13682
46450
46451
13684
30071
30073
13695
13697
30085
46471
13705
30090
13709
30094
46478
46481
13717
30104
30106
46493
13729
30116
13732
30128
13747
13748
46516
13750
30134
13755
46524
13760
46531
46532
46536
30153
13770
13771
46540
30156
30157
46541
13774
30158
46542
13780
30165
13787
13792
30179
13803
13811
13814
30198
13818
13819
30207
46599
30215
13832
13837
30222
13845
13846
30230
13847
30233
46619
46621
30240
13858
30243
46629
30255
13873
46642
13874
30260
46646
30263
46653
30271
46659
30278
30280
46665
46669
30287
46674
30293
46679
13913
46690
30318
30320
46708
13945
30333
30338
46723
13955
46725
30344
13960
46730
13962
46733
13965
30350
13967
13974
30358
46745
46747
46749
13985
13992
13993
46764
30388
14004
46778
30395
46779
14011
46782
14018
46788
46789
14025
14027
46795
30412
46797
14030
14034
46805
30423
14040
46809
30425
30431
46816
14050
14051
30436
14055
14056
14057
14063
46833
14065
46836
30452
14070
46839
14075
30460
14077
46852
14089
14091
14095
14099
46871
14104
30488
14105
30490
46878
30500
14117
30502
14118
46887
30505
14123
46893
14126
46897
30514
30527
30528
30529
30541
30543
30544
14165
30550
14169
30560
14176
46946
46947
30569
14186
14189
14192
30581
14204
46973
46974
30590
30591
14209
30595
30599
30600
46985
14219
30605
46995
30612
46997
14231
14236
30622
30623
30625
47014
30631
30641
47029
30647
14263
14267
14272
30657
14274
14279
30665
47057
14290
14291
47063
14295
47068
14302
30686
30689
14306
14308
30692
47077
47079
14312
30697
14317
14319
30708
47092
30709
30712
14330
47104
14339
14341
14343
30742
14358
30744
30745
14361
30749
14372
14374
30759
14376
30762
30764
14381
47152
47154
14387
47160
30776
47162
14401
30789
47173
14406
14408
14411
14412
30799
30805
14428
47198
47200
30819
14435
14438
30824
47211
14443
14445
14449
30834
47221
30838
47226
14463
47231
47239
30855
14472
47247
30865
14481
47249
30867
30870
14486
47255
30871
14488
47258
30874
30875
14494
14500
14501
30886
14509
14518
14519
30906
14532
30917
14534
47304
30921
14539
14545
14546
30930
47316
47319
14553
30940
47328
47329
30948
14571
30958
30960
14576
30965
30968
47354
47355
30972
47357
30975
14595
47363
30980
47366
30983
30985
14611
30998
47386
31003
47391
14623
47392
47395
14631
31023
31037
47422
14655
47425
31044
47428
31045
14664
31051
47435
14669
47442
47451
14685
47454
31072
14695
14696
47465
31082
14702
31086
14704
31090
31091
47475
31096
14713
14715
31101
31102
47488
31104
31106
14725
47499
14737
14744
14746
31132
14749
47519
31141
14757
31145
31146
31151
31153
14769
14773
31160
47546
47551
14785
14789
47566
47568
14803
47571
14812
31197
14814
14815
31203
47590
47591
31208
47593
31209
47602
31219
31222
31224
47608
47611
31235
14852
31237
31241
14859
47628
47629
31248
47632
31254
14870
14871
47639
31256
47643
31264
14881
47655
14890
47658
14892
47664
14896
14900
14906
31294
14911
47680
31299
31301
31302
31306
14922
47691
14926
47695
14927
14930
31315
14931
47701
31318
31323
47708
14941
47713
31330
14947
31332
14951
47724
47729
14964
14965
47739
14972
31356
47742
14975
47748
14980
47754
31376
31378
31381
14997
47771
15004
15008
15012
47780
47781
15015
15021
15025
47794
31420
47805
47810
31427
47811
47814
47815
15049
31439
47825
31442
47827
47829
31452
15069
47838
31458
31460
31465
15082
15083
31467
15091
47861
15093
15094
47862
47865
47866
15099
31484
15102
47870
15103
47873
31491
31493
47879
15119
47888
15121
47891
15123
47897
31513
31515
15132
31517
15137
15141
31527
47912
15147
47918
47927
15171
31559
31560
15179
15180
31565
47949
15186
31572
31577
47962
31578
47970
31589
47979
31601
47986
31603
15220
15221
47991
15223
31616
15232
48001
31624
31625
31629
31640
15259
48029
15261
31651
48037
48038
31657
15279
31664
48048
48056
48057
31674
15290
31676
31679
31680
31681
48066
15300
31689
31691
15313
15316
48084
31703
15320
31706
15324
48093
48094
48095
31711
15327
31714
31718
48104
48105
48108
48116
48124
31742
31745
15362
31747
31752
48137
48141
31758
15382
15384
31770
31777
15394
31780
15403
31787
48172
31788
15408
48179
31801
15418
48188
48189
15424
31813
31815
15432
31817
48206
48208
31827
15444
31828
48221
48222
48223
15456
48225
15460
15462
31849
15466
31853
31855
48240
31856
31861
31863
48250
31866
15482
48252
31871
31872
48261
48264
48271
31888
31889
15505
15510
48278
48279
15512
48283
48285
48289
31906
48293
48294
48295
15527
31912
48299
15535
15536
48304
48306
31923
31929
48314
48318
31942
31943
15561
48332
48335
15572
31957
48345
31964
48349
31971
48355
48356
48362
31982
31985
15602
31987
48372
15604
48373
48377
31994
31996
48382
48386
48387
48388
15623
48395
48400
15633
32018
15637
48406
32026
15645
48414
15653
32053
15670
32054
32058
48444
32061
32065
15682
48452
15686
32071
32073
15690
32079
48466
48470
32087
32089
32090
48477
32094
48479
48482
15719
32106
48490
15723
32108
15728
48496
32118
15735
32119
15741
15744
48513
32131
32135
15757
32143
32144
15762
32158
48542
15779
15781
15782
32166
48551
48555
15788
32174
32177
48567
32189
15808
15810
15812
15814
15818
32205
32206
32208
48594
15834
48606
48607
32224
48613
48615
48618
32234
48624
32240
48626
15859
32243
32244
48631
32250
48637
32257
15875
48646
48647
48653
32270
15887
32273
32277
15895
48664
48669
15902
15908
15909
32294
48678
48679
32297
15917
48690
48691
48692
15928
32316
32320
15940
15941
32326
15945
48713
32330
48715
32334
48724
32342
32345
32347
48732
15965
15966
15967
32354
15970
32356
15973
32358
15976
32362
48750
48752
48755
15991
32375
48759
32379
15996
32384
32387
32388
16011
32395
16018
32404
16022
32416
32418
48802
16036
32425
48810
48814
48815
16049
48821
32444
48829
32447
32449
16067
16070
16071
48840
16072
48842
16075
32459
48852
16086
32473
48863
16098
32483
16100
32484
48869
16103
48872
48873
16107
48876
16108
48879
16111
32495
48880
32499
48883
48885
32504
16122
16125
32509
32510
32512
16130
48899
16144
32529
48917
16151
48920
48924
32542
48927
32545
48932
32552
16170
48938
16171
32566
16182
32571
32577
48962
16197
48966
48967
48976
48977
16215
32599
16220
48993
16225
32609
16231
16233
49007
49008
16240
16243
32628
32629
16246
32634
16250
49019
32639
49023
16259
16260
16263
16268
32662
16281
32667
32671
49056
16290
32675
49059
49061
49062
16300
32686
49073
32690
49076
32695
32699
32702
16320
49089
49097
16333
32720
32721
49106
49108
32725
16344
49113
16346
16348
49120
32738
49122
32742
16362
49131
16364
16370
16371
32756
16375
32763
32765
49150
7
177
210
150
471
203
220
383
