269
2
1538
3
6
1030
1034
523
15
1043
2068
1046
1052
543
544
545
547
548
1060
1061
1578
44
45
558
1584
1585
50
54
56
1080
1595
571
572
1086
1600
1603
68
580
581
1605
1093
70
1608
1098
587
1612
77
1105
1106
1619
1108
87
1624
1112
600
1114
92
1116
604
606
96
99
611
1636
102
1639
105
1129
107
108
1644
1132
1135
1651
627
119
634
124
1152
131
1668
1156
132
645
134
1672
1674
141
142
1680
1170
1172
149
665
1693
160
1185
674
1702
1703
170
1707
173
174
177
178
1207
1721
699
1214
1730
707
1732
1220
1222
1735
712
716
1745
723
727
218
1755
1245
1758
222
224
739
1763
230
1767
745
1769
754
250
1792
773
775
265
1289
1294
782
1810
787
1812
277
789
1813
790
1303
1818
1820
1822
1310
290
1830
1318
294
807
299
1324
1838
1841
1329
1330
1331
307
1333
309
1334
1341
830
1855
1344
1856
1860
325
326
1350
1351
1352
1353
1867
331
1868
1356
332
1359
1360
1876
340
852
343
1879
1884
867
868
361
874
363
1901
1392
1907
1397
887
1912
893
383
1408
897
1412
1926
1927
1417
1418
395
1939
916
1428
1944
1433
412
1437
415
417
1443
932
1956
933
1960
1449
942
1454
434
439
954
1978
443
1467
1471
960
969
457
458
463
975
467
980
2008
2014
2016
480
1506
2018
2025
2026
1002
493
1009
2036
1525
1013
1526
1527
1017
1530
1018
2042
506
1021
17
32
65
100
37
8
44
140
111
146
83
21
149
119
155
94
158
63
