285
1025
2
3
515
2057
1545
523
1549
1550
15
531
1052
543
544
545
547
548
1061
39
44
1581
558
1584
1585
54
56
1081
1082
1595
571
1084
1085
1086
575
576
1600
1088
1089
1091
580
68
581
70
1095
585
74
587
1100
77
589
1105
1108
87
1624
88
1628
604
1630
1122
98
99
611
1636
1639
617
107
108
1644
1132
1136
627
1143
634
1148
1661
1154
1668
645
134
654
142
146
1170
1171
1172
149
1686
665
1690
1693
670
160
162
1703
1192
170
173
174
1717
1207
699
1212
1726
703
1216
706
1730
707
1732
1735
200
712
1737
716
204
1745
722
1747
1237
218
1243
1756
222
224
739
1769
745
746
1775
241
1781
1792
1793
1281
1795
1285
1797
773
1803
268
1809
1810
1812
1813
277
789
790
1303
1818
1820
1825
1316
805
1830
1318
299
811
1324
1838
1327
1330
1331
309
1334
823
1341
1853
830
1855
1344
322
1348
1860
325
1350
326
1351
1353
1867
1868
1872
852
340
1878
1879
856
860
1373
867
868
1381
359
361
363
367
1393
372
885
887
378
1915
379
1404
895
1408
897
1922
1411
1412
1926
1927
1929
905
1418
1931
395
1425
1426
1939
1428
405
408
1944
409
1946
1435
412
1437
415
927
417
1443
932
1956
933
1446
1447
935
1959
1960
1452
1453
942
1454
434
439
440
953
954
1978
443
1471
960
964
456
969
458
461
1485
462
980
1493
477
480
2016
481
1506
2018
2023
488
2025
2026
1002
2027
493
2029
1006
1009
2036
1525
2039
1015
1527
506
1021
18
0
32
96
65
2
4
102
71
8
76
144
83
148
21
119
154
94
95
