240
1025
2
1538
515
3
2051
2052
6
1034
15
2065
1043
1555
532
1046
545
547
548
1061
39
1578
44
1581
1585
50
564
1595
573
1086
1091
68
581
1095
1608
73
1098
74
587
1100
83
1108
84
87
600
1114
91
604
1121
99
1636
1637
1639
617
108
1132
113
634
635
124
125
1152
1668
1156
645
1672
649
142
1679
1168
146
1172
149
1685
1686
665
153
668
1693
160
1192
170
173
1714
1715
1207
183
1721
186
698
699
1727
703
1730
707
1732
1220
1735
199
716
718
1745
209
722
1746
1748
724
727
1243
1755
222
1758
224
1767
745
1769
234
755
1792
1281
772
773
1798
776
1289
1810
274
787
1812
1813
789
277
790
1303
1818
1820
1822
805
1830
1318
1324
1838
1331
309
1333
1845
823
1341
830
1855
1860
1348
325
1350
1351
1867
331
1356
1868
1872
849
1876
340
1365
1373
863
866
1379
1380
873
874
362
363
875
1900
372
887
1912
379
891
383
1408
897
899
1412
1927
1418
395
1931
401
1428
1944
408
1945
409
412
1437
417
1442
932
1956
420
933
1446
1960
936
1454
942
1967
434
439
954
1471
448
451
964
1477
456
969
458
461
974
1998
463
467
980
480
2016
481
2023
1002
491
2028
493
498
1525
1527
2039
506
1532
2047
18
32
98
4
134
71
135
76
109
111
16
83
21
22
55
152
122
94
63
