319
2049
1538
2
515
3
6
1034
1549
1550
2062
526
15
2065
1043
2068
544
545
1570
547
548
1061
551
1577
1065
1578
44
1581
558
1070
1585
49
1587
54
1082
571
1595
1085
573
1086
63
1600
1088
1601
67
1603
579
68
580
1093
1605
581
70
1095
1608
584
1096
73
585
1098
74
587
1611
1100
589
77
81
1108
84
86
87
600
1624
1114
602
1115
604
92
93
611
1636
1639
1129
617
1131
107
108
1132
1133
113
1650
627
120
634
635
124
1148
637
126
1668
645
134
648
1672
1164
142
1168
1680
657
146
149
1173
1687
665
667
671
1695
160
1192
170
173
174
177
695
1721
1722
1210
699
1726
1727
1216
707
1220
709
197
1735
711
712
200
716
206
1745
722
723
727
215
1243
222
224
1763
739
1251
230
745
1769
1257
746
242
1779
1276
1792
1793
1794
772
773
1285
263
776
1289
1290
1805
270
782
1294
787
277
790
278
1303
281
1818
795
1307
796
1820
1822
290
1830
1833
1322
811
299
300
1838
1327
1330
1331
307
1333
309
1334
830
1855
1344
1856
1860
325
1350
1352
1866
331
1868
1356
1359
1872
849
1361
1362
338
1876
852
1365
1879
1373
863
1891
868
1381
874
362
1900
1392
1393
370
376
1401
383
1408
897
1411
1412
1413
1926
1927
395
1931
1932
1425
914
1939
916
1428
918
1944
1435
412
1437
415
927
417
1956
932
933
421
934
1447
1960
1962
428
1452
941
1454
942
434
948
436
439
1467
1980
959
1471
448
449
1986
453
969
458
1483
1997
974
467
980
982
476
477
1502
480
481
2018
2020
1509
998
2023
488
1001
1002
2026
1008
1009
498
1525
502
1527
1017
1530
2042
506
1532
1020
1021
21
99
37
5
39
135
41
108
76
143
111
146
50
114
83
119
90
122
154
27
93
94
