253
1025
1538
2
3
515
1030
6
11
15
1043
1046
534
543
544
545
547
548
1060
1061
1575
1578
44
45
1581
558
1072
1585
50
54
55
56
569
571
1595
1085
1086
1599
67
68
581
70
1608
73
1098
587
1611
1100
1108
87
1112
1114
91
604
611
99
1636
1125
1639
617
107
108
1132
1135
627
120
634
124
636
1660
1152
1668
132
645
649
1673
1674
139
142
1679
1168
146
1170
1172
1684
149
1686
665
1689
1690
670
160
1703
170
173
174
178
1206
696
1721
1722
699
1727
703
709
1735
1224
1738
716
204
207
1745
722
723
727
1240
218
1242
1754
1755
220
222
224
1249
227
1769
745
754
755
1272
250
1792
1281
773
776
1289
1803
782
787
1812
1813
277
789
790
1303
1818
1820
287
805
1830
1318
299
1324
1838
1329
1331
1333
309
1853
1855
1344
1860
325
1350
1351
1868
332
1356
849
338
852
1876
340
1879
1880
859
860
1884
1375
352
874
363
1900
1901
1396
1912
379
1408
897
1412
1413
1926
1927
1417
1418
395
1939
1428
1944
409
1945
412
1437
415
417
1442
1443
1956
421
933
1446
934
1447
1960
1452
1454
942
1967
434
439
954
1978
445
1471
960
964
1477
969
458
1483
467
980
2005
470
1501
477
1502
1503
480
481
993
2018
2023
1002
1009
2036
1525
1013
502
2039
1527
506
1532
2047
16
32
131
4
71
135
8
41
109
142
83
119
152
153
158
94
63
