180
1792
1281
2
3
773
6
1030
1289
1034
2058
15
2065
1810
1043
2067
532
1812
789
1813
277
790
1818
1052
1820
1822
1310
1314
1059
1830
1318
1578
1324
45
1838
1329
1331
309
823
56
1595
1341
1086
1855
1603
1860
325
581
1350
1351
331
1867
587
1356
332
1359
1105
81
1106
1619
1108
1110
1879
87
343
600
1112
1114
860
1884
604
863
96
99
102
1639
616
105
362
1132
1901
1135
113
1910
887
119
634
379
635
124
383
1152
1408
897
132
1668
1412
1156
1927
135
1672
136
142
1168
1427
1172
1684
1428
1944
665
1434
412
1693
1437
160
1952
1185
417
1956
1444
932
933
1702
1960
173
942
1454
434
178
946
1207
439
1720
1721
954
699
446
703
1471
1730
1220
1732
1222
1735
456
969
458
716
1486
974
1998
463
1745
467
980
1748
727
1752
218
1245
1758
222
479
2016
480
1506
1767
2025
745
1769
1002
493
1517
498
754
2036
1525
1527
506
250
1532
11
32
83
21
149
71
72
122
44
94
158
111
