300
1536
1025
1026
515
3
2052
1029
1030
6
1542
522
1034
2062
15
1043
544
33
545
547
548
1061
553
1066
1578
1579
44
1581
45
558
1584
561
1585
564
1590
54
55
1594
1082
1595
571
1083
1085
573
1086
64
1600
1089
68
580
1093
1605
70
1095
584
1096
1608
74
1098
587
1612
81
1106
1619
1108
87
1624
1112
601
1625
1114
92
604
605
98
1122
611
99
1636
1639
617
107
108
1644
1132
1133
622
1136
627
634
124
132
645
134
646
1672
649
138
1677
142
143
1680
1168
657
1171
1172
149
665
667
670
671
160
1185
1192
170
1194
1706
171
174
178
183
1721
1210
699
1726
1214
1216
192
704
707
1220
197
711
1735
200
712
1226
716
204
206
1745
722
723
1747
212
725
727
1243
1245
222
224
225
1251
232
1769
234
1773
241
754
1781
250
1792
768
1793
1281
258
1795
1285
1797
773
776
265
1289
1803
274
787
1813
789
790
1303
793
1818
1824
1830
1833
809
299
811
1838
1330
820
1333
309
1334
1339
1853
1855
1344
1856
1860
1349
837
325
326
331
1868
1356
1872
849
852
1876
1877
1879
860
1884
1373
353
868
870
360
362
876
1388
1900
1901
880
1392
370
372
379
897
1922
386
1412
1926
1927
395
1939
916
1428
917
1431
1944
1435
412
1437
414
415
417
932
1444
933
1447
935
1960
1963
1452
1454
1969
948
439
440
953
954
1467
1471
960
1986
962
964
969
457
458
461
467
980
1493
986
477
992
480
2018
996
997
2023
488
2025
2026
1002
491
1006
497
2036
1013
2038
2039
1527
1530
507
1532
509
19
96
0
129
37
69
71
135
104
42
43
76
45
78
111
149
119
55
158
95
