205
1025
2
1538
3
6
1030
1034
15
1043
532
544
545
547
548
1060
1061
1578
45
558
50
54
55
56
1595
571
1086
1603
67
68
581
1605
70
1608
1098
1611
587
1100
81
1619
1108
87
1624
1112
600
1114
1116
604
605
96
611
1636
1125
1639
616
105
107
108
1132
1135
627
633
634
1152
1668
1156
645
134
1672
142
1168
1172
1684
665
667
1693
160
674
173
178
1721
699
1727
1730
1220
709
1735
711
200
716
1745
722
723
1748
727
218
1242
222
224
1767
745
1769
754
250
1792
1281
773
1289
787
1812
789
1813
277
790
1303
1818
1820
1822
805
1830
1318
299
1324
1838
1329
1331
309
1333
823
830
1855
1344
1860
325
1350
1351
331
1868
1356
332
1359
1361
852
1876
855
343
1879
860
868
362
874
363
1901
1912
383
1408
897
1412
1926
1927
395
401
1939
916
1428
1944
1435
412
1437
415
417
1956
933
934
1960
941
942
1454
434
439
1467
445
1471
1986
964
456
969
458
1997
1998
467
980
982
480
2016
2018
998
1511
488
1002
1010
1525
1527
2040
506
1532
12
32
83
117
5
71
39
119
44
94
158
111
63
