318
1536
1025
2
515
3
1029
6
523
2062
15
1043
544
545
547
548
1061
550
44
1581
1070
558
561
1585
54
56
1080
1595
571
573
1086
1600
1089
579
67
68
580
581
1605
70
1095
1608
74
587
1611
77
1103
81
1108
85
1621
87
1624
88
604
92
93
606
96
98
99
611
1123
1636
614
1639
105
617
618
107
108
1132
1644
1133
1650
627
630
1143
631
120
1656
1145
634
124
1660
637
126
131
132
1668
645
134
1671
650
142
1680
1168
656
146
1172
149
665
1689
1178
1693
670
1183
160
674
1702
1703
1192
170
1706
1707
173
174
696
1721
1722
699
703
1216
192
709
197
1222
711
1735
200
712
1224
1738
716
204
206
1745
722
1237
727
1754
1243
222
224
225
226
739
1251
230
745
1769
1775
241
1269
1272
1792
1281
1794
772
1285
773
1799
776
1803
782
1294
787
277
1813
789
790
1303
281
1818
1307
1820
1822
1313
1830
1318
807
1833
811
299
1324
1838
1841
1330
1331
307
309
316
830
1342
1855
1344
1856
1860
325
1350
326
1352
1868
1872
1360
849
338
1875
1876
852
340
1878
1879
1880
859
860
1373
866
1379
868
361
874
363
1900
1392
1906
370
1907
372
1396
1397
1402
891
379
1404
893
383
1408
897
899
1412
1413
1926
1927
1417
395
1931
1422
1426
1939
1428
916
1944
408
1945
1435
412
1437
415
417
1441
1442
1444
932
420
1956
421
933
1447
936
1960
1452
942
1454
434
948
437
1974
439
954
1978
1467
443
1980
1469
1471
960
962
451
969
458
1483
461
980
1492
982
477
2014
1502
1503
480
481
2017
2018
1509
2023
2025
1002
1009
2036
1013
1526
502
1527
506
2042
1530
1532
1021
23
96
129
65
98
99
131
100
5
37
135
71
8
41
44
76
112
114
83
119
56
152
90
94
