296
1025
2
1538
515
3
1540
6
1034
522
11
523
1550
2062
15
1043
2067
1563
31
544
545
1570
547
548
1060
1061
550
1066
44
558
1070
1585
50
1589
54
1080
1595
571
1085
573
1086
575
67
68
1604
580
581
70
1608
587
77
589
81
1108
85
87
1624
88
1625
604
605
1120
1634
100
1636
102
1639
617
618
107
1132
1644
627
1143
1145
634
124
131
132
1156
645
134
1671
1160
1672
649
141
142
1679
1168
657
1171
1172
149
1173
1687
665
1693
671
160
1185
161
170
1707
1195
173
174
1717
694
695
1721
1723
699
1727
1216
1730
1220
709
1735
712
1224
716
1745
722
723
1748
727
1752
1242
1243
1245
222
224
225
226
739
230
742
1767
745
1769
1773
244
1792
1281
1793
1795
773
1285
776
264
1803
1294
782
270
787
1812
1813
277
790
1818
1307
1820
1825
1316
1830
1318
299
300
1837
1838
1330
1331
309
1334
823
1336
1853
830
1855
1344
1857
1860
325
1350
326
1351
331
843
1868
334
1360
849
340
852
1876
1878
1879
859
860
1891
868
361
1897
874
362
363
875
1900
876
370
1907
372
1397
1909
379
1404
380
383
1408
897
1922
1412
1926
1927
395
1420
1422
913
1426
1939
1428
918
1944
408
1945
412
1437
417
1443
932
1956
1444
933
935
1960
1452
941
942
1454
432
434
947
1974
439
440
953
954
443
1467
1471
960
962
964
456
457
969
458
461
462
2001
980
469
2016
480
481
2018
483
2023
2025
1513
1001
2026
1002
493
1006
1009
2033
2036
1525
1013
1526
1527
506
1532
1021
2047
20
32
65
34
100
135
71
111
143
81
83
51
149
119
152
56
25
93
94
31
95
