239
512
2049
521
1547
1035
13
1037
527
18
2070
537
2075
1052
2079
32
550
1062
39
553
42
554
2091
557
45
1584
1586
2099
1076
1590
54
1592
2107
60
575
576
2114
70
1095
1097
1613
77
2125
1106
85
1110
87
1113
2137
2140
1631
1119
1634
1126
2150
2153
1646
1134
623
116
2164
2165
633
637
2175
2177
642
1156
1159
1162
651
1164
143
2191
1167
2192
659
1172
2197
1174
2199
1688
152
1691
156
157
670
1183
2209
161
2210
162
2214
1191
1193
2218
1195
1196
172
1708
2220
2222
2226
178
180
1720
185
1722
189
1728
1730
1219
2244
708
710
2246
1735
1737
713
2250
2252
1743
1746
211
1747
732
1761
227
230
743
1255
750
1264
754
1778
245
248
1275
254
1280
262
264
1288
274
1298
277
1815
281
1306
283
1820
286
801
1315
1829
1831
1320
1322
307
1340
829
833
322
1859
836
325
1862
1866
1358
1871
338
341
343
1367
1880
857
1376
867
356
1381
359
1386
1899
878
1903
1904
1393
1909
1400
1405
384
389
901
903
392
393
913
401
1425
1938
1431
920
923
1951
1444
423
1961
1453
941
433
949
1974
1977
954
1978
956
1981
447
1983
960
1477
1479
1484
1491
981
2005
984
985
1499
1505
2019
485
1512
1001
1515
2028
496
2038
2042
1535
3
57
123
95
