1018
2052
4100
4101
2057
4106
4107
12
14
2065
2066
19
23
2071
25
2075
4125
4126
31
33
4130
35
4132
4133
40
2090
4142
4145
4147
2100
55
2103
56
4154
4158
2112
4166
2121
2123
76
2125
4175
4176
4177
81
2131
83
4185
90
2140
94
2142
95
96
4193
98
2147
2149
102
110
115
117
2166
2167
121
122
2171
2172
2174
128
4228
2180
2181
134
135
2185
142
4239
2192
4241
2194
147
154
2205
2206
166
2214
168
2217
4265
4267
2220
173
2221
4271
4272
2225
2228
4276
182
4278
4282
2240
4290
2243
195
197
4296
201
2250
4301
2261
2268
223
2271
2272
4321
226
2274
4324
229
4331
2284
2286
239
2290
242
4338
243
4342
2296
248
249
2301
2302
254
2306
4354
261
4358
2313
267
4364
270
273
274
4373
4378
2331
2333
2334
2335
288
2342
4392
4398
2351
2352
2355
2363
316
4412
2365
4415
4417
2374
2375
4425
2379
333
4431
4432
2386
4434
2387
342
4440
2393
345
2394
2395
352
354
2403
4455
361
2410
2411
363
4459
4462
2414
4463
4465
4469
376
4474
2427
4475
2428
385
4483
4486
2443
2445
398
4496
4499
2452
2453
408
409
4509
4510
420
422
4519
4520
426
2478
4528
4529
2484
2485
4533
4535
2488
2490
443
2491
446
4544
449
4547
452
2501
4550
456
2504
2505
4553
462
2511
465
4561
4562
2515
474
476
4573
4574
479
2528
484
2533
4582
487
492
494
2543
4595
4596
501
2549
4598
504
2552
506
4603
2556
4610
4611
4615
2572
529
532
536
2588
4637
543
546
4643
2600
4648
4649
4650
2605
558
2607
2609
562
4660
564
4663
569
570
572
4668
2622
2624
4672
2626
578
4675
4676
2628
582
4679
4682
2635
2641
2643
2645
2646
600
4699
2652
605
2654
4704
609
4712
4713
619
4716
2671
2672
2673
4723
627
2676
628
2677
2681
634
4732
2686
2690
643
4739
2692
646
2696
4746
650
4747
2700
4750
4751
2704
4753
660
2710
666
667
2717
4768
2721
2722
2726
679
2730
2734
687
4783
2735
689
2738
4789
2742
695
699
700
2748
2750
2751
4800
2754
707
708
710
4810
2762
4811
2763
4812
4814
2768
721
4821
727
2776
4825
735
2784
2788
4838
4840
4843
748
753
2801
4851
2805
758
760
761
762
2812
764
2813
4863
2816
772
2820
4869
2821
4870
2822
2823
4872
4874
4875
780
2829
784
2838
4887
800
801
2851
2852
2853
2854
2858
2863
4913
821
4918
825
4921
2874
827
2875
831
2882
4930
2883
4931
2886
2887
4937
2892
4946
4949
2903
856
4954
861
862
2910
4958
866
2914
2915
868
2916
4965
4969
874
4970
2927
880
2930
4983
889
4986
4987
891
894
2944
896
4992
4994
4995
901
5000
904
906
5003
907
910
2960
5010
2963
919
5016
2968
921
2970
925
5022
2979
931
932
2980
934
5034
2987
942
5038
5039
943
2993
947
5044
2999
3001
953
957
959
5055
960
963
5063
3017
3021
5072
981
5078
982
3034
5085
990
5087
3039
995
3043
3044
996
5093
3045
997
998
5094
3046
5095
3048
3057
1010
3058
3060
1013
5111
1019
3067
5115
3070
1023
1024
5123
5125
1029
3080
1038
3091
3093
1047
5147
3101
1055
1056
5153
1057
5157
1063
5159
1069
5165
5167
1071
1073
1074
1079
1082
1085
1086
5182
3134
1088
1089
3139
5192
1096
1097
3145
1098
1100
3148
1105
3157
1111
5207
3160
1115
3165
5214
1118
5219
1124
5227
3181
3182
1134
1136
5235
5237
3189
5239
1143
1145
5242
1148
5245
5248
3200
5250
3204
5252
5253
5254
3208
1160
3210
3213
5264
3217
1174
5270
1177
5275
1180
1182
5280
3232
5281
3234
1186
1192
3244
1200
1201
3251
3252
5301
3254
5303
1207
3256
5309
1213
5311
1216
1217
3267
1224
1226
3274
5323
1235
5332
5334
5335
3287
1241
5337
3289
3292
5341
3295
5343
5346
1251
3300
1256
3307
1263
3312
1268
5365
3320
5370
5372
3325
3326
3327
1281
3330
3331
1284
1292
5389
5391
1298
3348
5398
5399
5400
5401
1315
5411
1317
1318
1319
3367
3370
5421
1326
5422
1332
1334
5438
5440
3397
1351
1353
1355
5452
5453
5454
5457
3410
5458
1364
3414
3415
1369
3418
5469
1374
1377
5474
3428
1380
1382
1383
1384
5480
5484
5485
1389
3438
5488
5490
5493
5494
1398
5496
3448
5505
3457
3461
1415
1416
3466
1421
3471
1424
5520
5523
3477
3480
1433
1434
1435
1436
1437
1440
1441
5538
5542
1452
5550
5555
1459
3510
1462
1463
3513
5561
3514
5567
5569
1473
1475
3523
1477
5574
1478
5576
1481
5578
3530
3531
3539
3546
1500
3549
3554
1507
3562
1519
3569
3571
1527
1528
3577
1530
3580
1532
1533
1535
3583
1540
3589
1543
3593
3594
1548
1550
1552
1554
3607
1560
1564
1569
1576
3626
3627
3629
1582
3632
3638
3639
3641
1594
3643
3645
3653
1611
1614
3666
1619
3668
3670
3672
1626
3674
3680
3682
1636
1637
1640
1642
3692
1648
3697
1650
3700
1656
1657
3707
1660
1662
1663
1664
3717
1670
1671
3719
1672
3728
1683
1684
3732
3736
3738
1699
1700
1701
3750
1703
3752
1707
3761
1723
1725
1733
3786
3793
3795
3798
1753
3804
3807
1766
1767
1769
3818
1775
3825
3826
3838
1791
1792
3842
3847
3848
3854
1810
1815
1816
3865
1817
1819
1820
1823
3873
3877
1829
1834
3886
3890
3891
1845
3894
1849
1851
3907
3908
3911
1865
1867
3917
1870
1872
1873
3938
3944
3949
3951
3954
1909
3958
1913
1915
3963
3967
3969
3970
3971
3978
3980
3981
3983
3984
3991
3997
3999
4004
1956
1959
4007
1960
4008
4009
1961
4017
1970
1973
4029
1981
1983
4032
1984
4033
4034
4035
1989
4039
4040
1999
2003
2004
4052
4053
2007
4055
4056
4058
2011
4062
4063
4066
2019
2020
2022
4073
4076
2029
2033
4082
2036
4084
4085
2037
4090
2043
2046
21
323
100
68
199
107
203
11
108
175
303
305
274
114
339
54
87
411
251
92
380
255
