1053
4098
2052
4101
2057
4106
2065
23
4121
27
4123
4125
2077
4126
2081
33
4130
4131
4133
38
39
40
2090
45
4142
2094
2095
4145
4147
2100
4149
55
2103
4152
56
4154
65
67
2116
4166
2122
2123
2125
4175
2130
82
83
2131
4181
4185
90
2140
4188
94
4193
2147
102
4199
4202
4203
4205
2158
113
116
2165
2168
4217
122
2172
124
4223
4225
129
2177
130
2179
2185
4236
2188
141
2194
147
4245
4248
157
2206
159
4257
2214
4262
168
2217
4267
2220
4271
4272
178
4274
4276
2228
182
184
186
4282
2234
2239
2240
195
197
4293
201
4299
212
2261
4309
2265
4315
2268
223
4320
4321
226
4324
229
2277
2287
239
2290
4338
242
4339
2296
248
249
251
4348
252
253
4350
2306
259
4357
4358
2312
2313
4363
2318
273
2322
276
4378
2334
2335
290
2341
2342
4393
4395
4396
303
304
307
2355
4403
2357
313
316
4412
4413
2366
323
324
2375
327
4425
4431
4432
2386
4434
2392
4440
345
4443
2396
352
357
4455
2409
361
2410
2411
363
4461
2414
4462
4466
374
379
4480
385
2435
2436
4484
2443
2445
398
404
2452
4501
2453
406
4502
407
2458
410
4509
414
416
420
4520
426
433
4531
2484
2488
4536
440
2490
2491
443
2493
446
448
4547
452
4550
456
2505
457
4554
4556
2509
4561
465
4562
2515
4563
4567
2522
2523
4573
4574
2529
4579
484
490
4586
492
494
2543
4595
2552
506
2556
2557
4606
4610
515
4615
520
2568
4622
527
529
530
2579
4628
2582
2584
536
537
4634
4637
4638
543
2592
4641
4643
549
4649
4650
554
2604
2605
558
2607
2608
562
2613
4664
569
572
2621
2624
4673
578
2626
4675
2628
4676
580
2629
582
4679
4680
2633
589
593
4692
4693
2645
4699
603
4700
2652
608
4704
609
2658
4707
611
615
4712
4713
4714
4716
2671
2673
4721
2676
634
2687
4736
2690
2692
646
647
4747
2702
4750
4751
2704
4753
4756
660
666
2714
667
2716
4764
670
2718
2723
2724
2726
679
680
4777
683
2734
4783
687
2737
4785
2738
693
2741
695
699
702
2750
4799
4801
2754
4803
2755
2757
2760
2762
4814
2766
4815
4819
4821
729
734
735
736
2784
4838
2792
745
4842
751
2801
4851
2805
758
2809
761
765
4863
767
2818
772
2820
2821
773
4872
777
4875
779
780
784
786
4883
789
2838
4887
2842
2845
797
798
2848
801
803
2851
4899
804
2853
2854
2855
2856
2858
4906
2863
2864
4913
821
4917
4918
825
2874
2875
2878
831
4928
837
4934
4935
840
4936
841
4937
843
2891
4946
4947
2901
4949
856
4952
2906
861
2910
864
2914
866
868
4967
4969
4970
874
875
877
2927
879
2929
4982
889
4987
2941
896
4992
2945
4994
4996
901
2953
906
907
911
2960
914
5011
2963
5013
921
2970
5019
2972
5022
928
5029
935
5031
5032
2984
5034
938
5035
5038
943
2993
947
5044
2998
950
2999
3008
3012
5061
967
5063
3021
3023
980
5076
5078
982
3033
5081
5083
3035
3039
993
3044
996
5093
3045
5094
3046
998
3048
3051
3053
3054
1010
1011
3060
1012
1013
3062
1014
5111
1015
5114
5115
1019
1020
3071
5121
5123
1031
3080
3083
5136
5139
3091
3093
3100
5148
3101
5153
3107
5155
1060
1063
1065
1069
1071
5167
1073
1074
5170
1075
1079
3129
5177
3130
5180
3133
3134
1086
5182
1088
1089
3139
1096
1098
3153
5206
1111
5207
1114
5210
5211
1115
3165
5215
3167
5216
1121
1124
3174
5225
5227
3181
3182
3183
1136
1137
1139
1145
5241
5242
1147
3195
1148
3199
5248
3204
5252
5253
3208
1160
3210
5259
3212
5262
1168
5264
3217
5266
3219
5270
1174
3223
1177
1178
3228
3229
1182
5278
3231
1183
3234
1186
1190
1192
5289
5291
1200
5297
3251
3252
5301
5303
1207
3256
5307
3259
1212
3260
5309
5311
1218
5314
3267
5316
3270
5320
5323
3278
5329
1235
5334
5335
1241
3292
5340
3295
5344
1251
3303
1256
3307
1260
1263
1268
5365
3320
3322
5370
3324
5372
3325
3327
1281
3329
5377
3331
5382
3338
5387
3339
5388
3340
1292
1293
5391
1297
1298
1299
3348
5397
5398
3350
1302
1303
5400
3355
1307
1308
3358
1310
5408
5410
1314
1315
5411
1317
1319
1320
5417
1326
3374
1327
5427
1332
1333
1334
5433
5435
5436
3388
5439
5441
3394
3396
3397
5447
3400
1353
1355
3404
5452
1362
5459
1363
1364
5463
3415
3418
1370
3424
1377
5474
3428
1383
1385
5484
1389
5485
3439
5491
1396
1398
5494
5495
5496
1409
3461
3465
3466
5515
1421
3471
1424
3472
1426
1427
3477
1430
1431
3480
1434
1437
5536
5542
1449
5553
5555
1459
1461
5560
3513
3515
1468
3516
5566
5569
3523
5572
3526
3530
5578
3532
3537
3539
3541
1500
3549
1507
3559
3561
3564
1517
1519
3572
1527
3577
1530
3580
1533
3581
1535
1536
1540
3589
3591
3594
3595
1550
3599
1552
3602
3607
3609
3610
3611
1563
3612
1569
3624
1576
3625
3627
3629
3633
1594
3643
3644
1603
3655
1609
3660
1614
3666
1619
1620
3669
1626
3677
1631
1636
3685
3691
1650
3698
3702
1656
3711
3717
1670
3719
1671
3722
1676
3727
1680
3728
3730
1684
1688
3738
1691
1700
1701
3750
1703
1704
3753
1706
1707
3758
3761
3763
1716
1721
1723
1725
3777
3786
3787
3792
1744
1753
1756
3811
1766
1770
1775
1777
3826
3827
1781
3832
3834
3837
3842
1795
1797
1802
1803
3854
1810
3859
3860
1812
1816
1817
1818
3868
1820
1823
1828
1834
3882
1837
3886
1840
3889
3890
1843
1844
3898
1851
3901
3902
1858
3911
3913
3917
1870
3921
1873
1874
3927
1886
1904
1907
3959
3965
3970
1925
3978
3981
3983
3984
1941
3992
3999
1951
4003
1955
4004
4005
1960
1961
1963
4017
1972
4020
1977
4029
1982
4032
1984
4033
4035
1990
4039
4048
4051
2004
2007
4056
4058
2010
2011
4063
4064
2017
4066
2019
4067
2022
4071
2023
4074
4075
2028
4078
2031
2033
2036
4085
2037
4090
2043
4091
2046
4094
23
257
131
323
68
100
292
229
134
198
199
361
107
300
76
77
14
305
401
121
153
221
94
287
