1197
4101
4107
4108
2065
4117
23
2072
25
26
27
4126
2078
31
2080
2081
4131
35
4132
4133
2085
38
39
2090
4140
4142
2094
2095
4145
2100
55
56
4154
2114
66
2115
2116
2122
4177
2130
2131
4181
4185
90
2140
94
4193
2147
4197
102
4202
4205
2157
2160
112
113
2163
2165
118
2166
2167
2168
122
4218
2171
4220
124
2172
4225
129
131
4228
2181
135
2183
137
4236
4239
2192
4241
2193
146
147
153
154
4251
2206
4261
2214
166
168
2217
173
2222
4272
2225
178
4274
4275
4276
180
181
182
2231
184
2234
4282
2238
2239
4290
195
197
4296
2250
204
4301
2256
4309
2263
2265
2268
220
2269
2270
223
224
4320
2273
4321
226
4324
2277
232
4331
2286
2287
242
2290
4338
243
246
2296
248
249
2297
4348
252
4350
4351
2306
258
259
2308
2309
4358
2313
4364
2318
4368
273
4369
2322
274
4370
2327
4378
2333
2334
290
2342
2347
4396
2348
4397
2350
4398
303
305
2356
4407
313
2361
315
316
4412
2366
4416
4417
2375
327
4424
4428
333
4431
4432
2384
4434
2386
2387
4438
342
344
4441
2394
4443
2397
352
353
2403
355
357
2410
2411
4459
4460
2414
4463
4465
372
4469
374
379
2428
4478
383
4480
385
2434
2435
4483
2437
390
2443
2445
4499
2451
2452
404
4501
405
406
410
4509
414
416
2465
418
4515
420
422
2471
426
430
4526
431
2484
2488
2491
2493
446
4544
452
2501
456
2505
457
2506
4554
4556
2508
2509
461
4561
465
466
4562
4563
2515
469
2518
4567
2520
474
2523
476
4573
478
2529
484
485
4582
2536
4586
493
494
2543
496
2546
499
501
2549
504
4600
506
4603
508
4605
512
4609
4610
516
2564
4613
4615
2568
523
4620
2572
2576
530
2579
532
4628
4632
536
537
2587
4637
4638
543
544
4643
2597
549
4647
552
4649
4650
554
556
4652
2605
2606
2608
4659
4660
2616
569
570
571
4667
572
4669
574
2622
4673
578
2626
580
4676
4679
4680
2633
4681
4683
593
4689
594
4691
4694
600
4697
4699
2651
605
606
4702
608
609
4708
2660
4712
2665
4714
2667
4716
621
2672
4720
627
2676
4724
632
4732
637
639
4739
2692
4742
647
649
4747
4751
2704
4753
4756
660
2712
2714
666
2715
667
4764
2717
2721
2726
679
2727
4777
2731
2732
2734
4783
691
2739
692
693
4789
694
695
697
699
700
2751
704
4800
2754
2755
4803
707
708
2756
2757
710
4806
4810
4811
2763
4813
4815
2768
720
721
2772
4821
2776
4826
2781
735
2784
4835
2790
4838
743
2792
745
746
748
4849
753
2801
4851
757
2808
762
4859
765
4863
2817
2818
772
2821
2823
4872
2824
777
778
4874
779
4875
780
4878
783
2834
4883
789
4887
2842
794
4892
797
2845
4893
2848
801
2851
803
2853
4901
2855
4904
2858
4906
2859
2863
2864
4913
821
825
4921
2875
829
2878
2882
835
4934
4935
840
4936
4937
844
845
2894
2896
4947
2899
4949
2901
2903
856
861
864
2915
4963
2916
2917
4966
870
4969
874
4970
875
4971
877
879
881
2930
4982
4983
4987
891
2944
4992
901
2950
5000
906
5007
911
917
918
5016
921
2971
5022
2974
927
5025
2977
2978
5027
2979
931
2980
932
933
934
5031
5032
2984
5035
2987
942
943
5039
2992
947
5044
2997
950
2999
5048
953
958
959
5056
960
963
3011
3013
5063
967
5065
5067
5068
5074
980
3029
981
5078
3030
988
5085
3039
5087
3042
3044
996
5093
5094
3046
3048
3054
5103
3057
1010
3060
3061
1015
5111
5114
5115
1019
3067
3070
3071
1023
1024
5121
5123
5125
1031
5127
3080
1032
5134
5136
3089
3091
5139
1043
3093
5147
3100
3102
3103
1055
5153
1057
1060
3109
5158
3110
1065
1067
1069
1071
1073
3122
5171
1075
1076
5172
3125
1079
5176
3129
3130
5180
3133
3134
5182
1086
1089
3139
3141
1094
5192
1096
1097
5195
3148
5197
1102
3150
3153
3155
5206
5207
1111
1112
5210
5211
5214
1118
5215
3167
5216
1120
3172
1127
5225
5227
3180
3181
1133
3182
5232
3189
5239
3192
1144
1147
5243
5248
3204
1160
3210
5259
3216
1168
5264
5266
3219
1174
5270
3222
3223
1177
1180
3228
3229
1182
1183
5279
3234
1186
3239
3241
5289
5291
3244
1200
1201
3252
5301
1206
5303
1207
3259
1212
5309
5311
3263
1218
3267
5316
1221
3270
5320
1224
3273
1226
5323
1232
1235
5332
5334
3287
1239
1241
3292
3295
5343
5344
5346
1251
3300
3301
1255
1256
3307
1260
5356
5357
1263
5359
1268
5370
3322
3324
3325
3326
1278
5374
1281
3329
3330
3331
1284
5382
3339
3340
1292
1293
5389
3342
5391
1296
1298
1299
3348
5397
3350
5398
5400
5401
3355
1307
3357
3358
1310
3359
1314
1315
5411
1317
3366
1318
1320
3370
5421
3374
5422
1326
1327
5423
3376
1332
5428
5429
5431
1335
5435
3388
5438
5441
5442
3394
3396
1348
3397
1349
3399
5447
3400
1355
5452
5453
3410
5458
3411
3412
3413
5461
3414
3417
3418
1370
5469
1374
3424
1377
1381
1382
1383
5479
1384
1385
5484
3436
1389
5488
1392
1396
5493
5494
5498
3453
3456
5505
1413
3461
5515
1420
3471
3472
1424
5524
1430
1431
3480
1432
1434
1436
1440
5536
1441
5537
5538
5540
3492
1446
5543
3499
1452
1453
1454
5550
5553
1458
5555
3507
1460
3510
1463
3513
1468
3516
5566
1473
5569
3523
5572
3526
5574
5576
1481
3530
5578
3532
1484
3533
3536
3537
1489
3539
3541
1493
3545
1500
3549
3554
1507
3559
3561
3562
3563
1519
3569
1521
1524
1525
1528
3577
1530
3580
1533
3581
3582
1536
1537
1540
1543
3593
3594
3596
1550
3602
1558
3609
1562
3610
3616
1569
3618
3624
3626
3627
3628
3629
1582
1594
3643
3644
3646
1604
3653
1609
3657
1610
1614
3662
3663
3666
1619
1620
3670
3674
1631
1633
3682
3683
1636
1637
3692
1648
1649
3698
1653
3702
1656
1657
3709
1662
3711
3712
1665
3717
3719
1671
1672
3722
1676
3727
1679
1680
3730
1683
3732
3738
1693
3745
1699
1700
1701
3750
3751
1703
3752
3753
1707
3757
3758
1712
3763
3765
3770
1723
3773
1726
1728
3777
1730
1742
3792
3793
3795
1756
3813
1766
1770
3818
3819
1775
3826
3830
3834
1787
3847
3848
1801
1803
3854
1810
3859
1815
1816
3865
1819
3868
1823
3871
1826
3877
1834
1837
1840
3890
3891
1844
1849
1851
3900
3901
3902
3907
3913
3915
3917
1870
1872
1873
1875
3927
1886
1888
3944
3951
1904
3953
1907
1909
3958
3961
1914
1915
1920
3970
3978
3980
1939
1943
3992
3993
1946
1951
1954
4003
4004
1956
4009
1961
1963
1964
4016
4017
1969
4020
4023
4025
4029
1983
1984
1986
4035
1989
1999
4051
2003
4052
2004
2007
4056
4058
2014
4062
4067
2023
2031
2033
4082
2036
2037
2039
4088
4091
2043
26
65
386
323
68
198
328
203
76
77
142
79
274
277
344
92
348
94
225
229
300
175
240
371
55
57
63
