1025
2051
4103
2057
4108
2065
4113
23
25
27
29
4126
4129
4131
4133
39
4137
2090
2093
4142
4145
4146
2103
56
63
2114
67
4163
71
72
2121
2122
2124
4174
4177
4178
2131
88
89
90
4186
2139
4188
2140
97
2147
4202
4203
2158
4208
2160
113
115
2166
122
2171
4220
4223
2177
4225
2178
4228
2183
136
2187
2188
4236
4239
4241
2194
147
4248
153
157
2206
159
4257
4261
2214
4262
168
4264
2217
4272
178
2232
2234
4284
2239
197
2249
2250
4298
2251
205
4310
217
4315
2268
222
223
4320
224
2273
4321
226
4322
4323
4324
2287
4336
2290
242
4339
244
4342
246
2296
249
4346
251
4348
253
4350
2306
4354
4357
4358
2313
4363
4364
4370
277
4378
4379
288
4388
2341
2342
295
296
2347
4396
303
2352
304
2355
4403
2357
2358
2359
314
317
4413
2366
4415
4417
324
4422
327
4430
4431
4432
2385
4433
2386
4434
2387
4435
341
342
343
4442
2394
2396
2397
352
355
357
358
361
2410
2411
4459
364
2414
366
4462
2415
4466
4468
2422
377
2428
4480
385
2435
2436
4487
2443
2445
398
2449
4499
4502
406
407
414
2466
420
2471
424
426
433
2484
437
2488
4537
2491
2492
2493
446
4544
448
4547
452
2501
454
4551
457
4553
4554
4556
2508
461
4567
2520
474
476
4573
478
4574
2528
2529
4580
4582
490
2542
2543
499
501
506
2556
4610
4613
4614
2568
520
4616
523
2572
2573
4622
530
536
4637
543
2592
2593
545
4641
2595
4644
550
4649
4650
2606
2613
2614
568
2621
4669
2622
578
2628
4680
4681
589
593
594
4690
4691
4692
4693
4695
2651
603
605
609
4706
4707
611
2659
2661
614
4714
2667
2671
627
2676
2678
4728
4732
2687
4736
2689
4739
2692
4742
2698
653
2702
4751
4753
659
4756
4761
2714
666
667
4764
668
2716
674
2722
675
2724
4773
2726
679
4777
683
2734
4783
2737
691
693
2741
695
2743
4792
2745
2746
699
700
702
2750
2752
4801
2754
2755
4803
710
4810
2762
4811
716
2767
721
4818
4819
2773
4821
727
2776
729
732
2781
734
4830
735
736
4836
2790
2792
746
748
749
753
4849
4851
758
2806
762
4859
2812
765
4863
767
2818
771
772
2821
2823
4872
777
4874
4875
779
2828
780
783
786
4884
4887
798
2846
4896
2848
803
2851
804
808
2856
2858
810
2861
813
2863
4911
4913
2867
823
824
825
4921
2877
2878
4928
834
2883
4934
840
4937
841
843
2891
2892
845
4946
851
852
2901
4949
856
2906
861
2910
865
2914
2917
4966
4967
874
4970
875
2924
877
879
2927
2929
4977
2930
882
4982
889
2937
4987
891
904
2953
5003
907
5004
5007
914
5016
2969
921
5017
5019
5022
2975
927
929
5027
2979
932
2980
933
5031
5035
2989
941
943
947
5044
2997
2998
2999
959
962
5063
971
3021
5074
980
5077
3029
981
5078
982
5081
5084
993
994
996
3044
5093
3045
3046
3047
1001
3051
5099
3053
5103
1010
5106
1014
5111
5115
1019
1020
1021
3070
1024
5121
5123
3080
3084
5136
5139
3092
3093
1047
3100
5151
5153
5154
3107
1065
5164
1069
5165
3117
1071
3120
5168
1074
1075
1078
1079
3130
3133
3134
1086
5182
1089
1090
3139
3140
1096
5192
1102
3153
5206
3158
1111
5207
3160
5210
1114
5211
1115
3165
5215
5216
1121
5217
5219
3173
3174
5222
1127
3177
5227
1132
3181
3182
1134
1136
1139
3189
1147
3199
1151
5248
3204
5252
1160
3210
1166
5262
1168
3219
5267
3222
5271
3224
3225
1177
1178
1180
3229
1182
3231
1183
3233
3234
1190
5287
3240
3241
3244
1197
1200
5297
5303
1208
5307
1211
3260
1212
5309
3261
5311
1217
1218
5318
1224
5320
5323
3278
1235
5332
5333
5334
5336
1241
5338
3291
3292
5343
3295
5344
1251
1256
3305
5356
1260
1263
1268
5372
1279
3327
1281
5377
5379
1284
5382
1288
3338
3340
1292
5388
5391
1295
1297
5398
1302
3350
1303
5401
1307
3355
1308
1310
3358
3359
3360
5408
1315
3364
1317
1318
5417
3370
3372
5421
1326
3374
5425
3377
5427
3380
5429
1333
3382
3388
5436
1341
3389
5438
5441
5442
1346
3396
3397
5446
5447
1352
3400
3402
3403
3404
5453
3405
5454
5456
5458
1362
1363
3414
5463
5464
1370
3418
5469
1374
5471
1375
3424
1377
5478
1382
1383
1384
1387
5483
5484
5485
1389
3439
3443
1396
1398
5494
5495
5496
3451
5505
1409
3457
3465
3467
5515
5519
1424
3472
3477
3478
3480
5528
1434
3482
1436
5536
1440
1441
5538
5540
5543
3504
5555
1459
1461
3510
1463
5560
3513
1468
3516
5566
5569
1475
3523
5572
1477
1478
5578
3530
1486
3539
1492
3545
3547
3548
3549
3551
3553
3558
1511
1515
1517
1519
1533
3581
1536
3585
1540
3590
1544
3595
1547
1550
3599
1560
3609
3610
1563
1566
1569
1571
3624
3626
3627
1580
1582
3631
3633
1587
1594
3643
3651
1609
1610
1611
3660
1614
3666
1619
1620
3670
3672
3676
3677
3679
3680
3684
3691
1644
3693
1648
1649
3702
1656
1657
1658
3717
3719
1672
1680
3730
1687
1688
3738
1691
3740
1692
3748
1700
1701
3749
3750
1703
3752
3753
1707
3757
3758
1713
3763
1715
1716
3765
1718
1720
1721
1722
3773
3776
3777
1735
3785
1741
1744
3792
1753
1757
3810
1764
1766
1770
1775
3828
1781
1785
3837
3838
3841
3843
3845
1803
1805
3854
1810
3861
3865
3868
1823
3873
3877
1837
1840
3889
1841
3890
1843
1844
3901
3902
1858
3914
3917
3920
3921
1873
1874
1884
3934
1891
3939
3950
1902
3951
1904
1905
1909
3959
1913
3962
3965
1920
3970
1927
3978
3980
3984
3987
3988
1943
3997
1954
4003
4004
4016
1972
4025
1977
4029
1981
1982
4036
1990
1994
1995
4045
1998
2002
2011
4059
4063
4066
4067
2028
4076
2033
4082
2036
4086
2043
4091
2044
2045
4094
21
96
323
132
134
230
168
297
203
77
401
180
55
216
121
122
315
188
316
221
94
350
