976
0
4101
2057
4108
12
14
2065
2066
19
4117
2069
4118
23
4121
25
2075
27
28
2077
4126
2080
4131
4133
2085
40
2090
45
4143
4145
4146
4148
2103
55
4152
56
4158
65
2121
2122
2123
75
76
81
4177
2131
90
4188
2140
4189
95
2149
102
4205
2159
2160
2163
2165
2166
4217
2173
4224
128
2176
4225
130
4228
133
2183
4233
4236
2188
142
4239
145
4241
147
4244
4245
4247
4248
157
2206
4254
161
166
2214
4262
168
2217
174
2222
4272
178
180
2231
2234
187
2239
2241
195
4293
201
2250
2256
211
212
4312
2268
2270
223
2272
4320
4321
226
4324
229
2284
4335
2288
240
2290
242
2296
248
249
4346
252
4349
2302
4350
4351
2306
258
261
2309
4358
4360
2312
2313
4364
4367
273
274
276
279
2327
280
4378
2333
2334
4386
4388
293
2342
4392
4394
2347
4397
2351
303
2355
307
4407
2362
4415
2367
4417
322
327
4425
4432
337
2387
342
4439
2393
4441
2394
2395
352
361
2409
2410
4459
4460
4461
2414
4462
4463
2418
4470
2427
4480
4481
385
2435
4486
390
4487
2443
2445
398
4494
4496
400
4497
4499
2452
2458
4507
418
4515
420
2470
4519
426
2477
431
434
2484
4533
2485
2491
2493
446
4544
4547
452
2501
4551
2506
4556
2509
4562
4563
471
2523
476
4573
4574
479
2529
4579
484
4582
2536
4588
2542
494
2543
497
499
4596
500
501
506
4606
4607
4608
515
2563
2564
4615
2568
2572
530
4634
2588
4637
2593
549
4645
4647
4648
552
4649
4650
554
2604
4653
558
4663
567
2616
4664
4668
2622
4671
2623
4672
2624
578
2628
2631
4680
4681
2635
2641
593
594
4690
2643
4691
4699
2651
4700
604
2653
605
4702
2657
612
615
4714
2667
4721
627
4723
2677
629
630
2681
4732
637
2686
2690
2692
4745
4746
4747
653
4751
4753
659
4756
2709
662
666
667
2718
2726
679
4777
4778
2734
4785
2738
4789
2742
695
2745
699
2748
700
2750
4799
4800
704
2754
707
708
2756
2758
2760
4810
4811
716
2766
721
4818
4821
4827
2781
2789
4838
743
2792
745
746
4843
748
751
753
754
4851
757
758
760
2809
762
765
4863
2818
771
772
2820
2821
4870
2823
4872
4874
4875
780
2829
786
789
4887
2847
2848
801
803
2863
4913
819
4918
824
4921
825
827
2882
835
4937
4947
4949
4951
2904
856
4954
859
861
2914
4963
4965
4966
870
874
4970
877
2927
2930
4982
889
4987
891
2941
4996
2949
903
5000
904
906
910
2960
915
5011
5013
5016
5017
921
2972
5022
927
928
930
2979
2980
932
933
5029
936
938
942
5039
943
2994
5044
2997
2998
950
951
5048
959
5061
5063
3023
5074
980
5076
3029
5078
5080
3033
3034
3035
988
5087
3043
3044
996
3045
997
3048
5097
1004
5106
1010
1011
1012
5114
5115
1019
3070
1023
3071
1024
1031
3083
5136
3089
3091
3093
3099
5148
3102
1055
1056
5153
5155
3107
5157
5161
3115
1067
5165
1069
1071
1073
1074
3122
1079
3127
3129
5177
3130
3131
1085
3133
5182
3134
1086
1088
1089
3137
3139
1094
3142
5192
1096
1097
1098
5194
1100
1101
3150
3151
5206
1111
5207
3159
3160
1114
5210
1115
3167
5216
3174
1129
5227
1131
1133
3183
1136
1137
5235
3187
5237
3189
1143
5241
3194
1147
1149
5248
5250
5252
3204
5254
1160
5257
5264
3217
5266
3219
1174
1177
3229
1182
5278
1183
5279
5280
3234
3243
3244
5294
1199
1200
3252
5303
1211
3260
1212
3262
5314
5316
3270
1224
5320
3273
5329
1235
5332
5334
1241
5337
3292
3293
3295
5343
1251
1252
3303
1256
3306
5355
1260
5359
1263
3313
1268
3322
3327
1281
5377
5382
3340
1292
1293
5391
5398
1302
3351
5401
3355
3360
1313
1315
1317
3366
1319
1327
3376
5425
1332
1333
5429
5431
5433
5436
5438
5439
5440
5442
3396
3397
3398
5447
3400
3401
1355
3403
5452
5453
1357
5458
3410
3412
3417
3418
3420
1374
3424
1377
1378
1382
1383
1384
5482
5484
3438
5490
1394
3443
1395
1396
5494
1398
5496
1401
5503
3456
5505
5506
5513
3465
5515
1420
3469
5519
1424
3472
5523
5524
3477
1430
1433
1434
1436
1437
1442
5538
3491
3492
3493
1446
1447
3499
1452
5550
1454
1457
5555
1463
3512
5560
5561
3513
1468
5566
5569
3523
5572
5577
1481
3530
3532
3533
3536
3539
3545
1500
3549
3551
1514
1515
1519
1521
3571
1524
3574
1532
1533
3581
1536
3587
1540
3590
1543
3591
3595
1548
3596
1550
3599
1553
1554
3609
3611
1563
3612
1565
3613
1566
1569
3624
3625
3626
3627
1583
3633
1587
1588
3638
3639
1594
1599
3648
3650
1603
3655
3660
1614
3666
1619
3668
3670
3672
3676
3680
3682
3695
1648
1653
3707
1660
1664
3712
1665
3719
1672
1683
1684
3738
3740
1701
3750
3751
1704
1706
1707
3757
3758
3761
3763
3765
1724
3776
3777
1730
3787
3788
3792
1758
3811
1766
1767
1770
1775
1777
3826
3830
3832
1785
3841
1795
1799
1802
3851
3854
1810
3859
3860
1812
3862
1816
1817
3865
3868
1821
1823
3873
1826
1828
3877
1830
3882
3890
1843
1844
3893
3894
1847
3896
3898
1851
3900
3908
3910
1865
1867
3917
3919
1872
3920
1874
1875
3924
1883
1886
3944
1900
3951
1909
3965
1920
1925
1926
1931
3980
3981
3984
1941
1943
3998
4000
4003
4005
1961
1963
4017
4023
4027
4029
1981
1984
4034
1990
1991
1995
2004
4053
2005
4058
2010
2011
4060
4064
2017
4066
2018
2019
2020
2022
4071
2023
2028
4079
2033
4082
2037
4086
4088
2041
2043
4091
4095
21
257
225
161
323
292
102
297
234
203
108
77
301
240
369
83
51
248
153
409
251
380
