1068
2050
4101
2057
2058
2059
4107
4108
4109
14
4113
19
4117
2070
22
4121
2075
2078
2080
2081
4130
4131
36
4133
40
45
4142
4145
2103
55
63
4160
67
2116
4166
72
4168
2121
2123
81
83
89
91
4188
95
2149
4197
102
4202
4203
4205
2158
2160
2163
115
2164
4214
122
4221
128
2177
134
136
2185
4234
2188
142
2192
2194
153
2203
2206
4255
159
2207
164
4261
166
167
168
2217
2220
173
2222
4272
2225
178
4275
4276
180
2232
2234
2238
4289
4290
197
201
2256
4305
2261
4310
217
4315
4320
4321
226
4322
2274
4323
229
4330
4331
2284
2286
2287
4336
2290
242
243
4339
246
2295
2296
248
251
4348
253
4350
2302
4351
2306
4354
258
4355
261
2309
4358
2312
273
274
2322
2326
2327
2328
4379
4380
2334
2335
288
2337
2341
293
4392
296
4394
2347
4396
303
304
2352
2355
307
4403
4404
4407
2361
315
316
4413
317
2367
4415
324
327
4425
331
333
2382
4431
4432
4433
4434
2386
2387
341
342
343
4439
4440
4441
346
2396
2399
352
2403
4451
2409
2410
2411
2413
4461
4462
4463
4466
4470
2422
374
2424
2427
2428
2429
2432
384
2433
2434
389
4486
390
4487
2443
398
4496
402
2451
2452
2453
4501
4502
406
2457
411
4508
413
414
418
4515
420
2471
426
4530
2485
4535
4536
4537
2492
446
4544
451
2501
4549
2505
457
4554
2506
2508
462
4561
4562
4563
467
4564
2523
476
479
482
484
2536
4588
4589
494
2543
2545
499
4596
2552
4603
2556
512
4610
515
2564
2568
4622
2576
532
2584
536
4637
543
2592
2594
4643
4645
4647
4648
552
4649
4650
2602
4654
559
561
562
4660
2613
4663
568
2616
4667
572
2621
4669
2624
4672
4675
582
4681
589
2641
593
594
2643
4691
4692
4693
603
2652
4702
4704
609
611
614
615
617
4715
2667
621
623
2671
2672
2673
4723
2676
2677
4732
637
639
4736
2689
4739
2692
646
649
2698
4747
651
4750
4751
2704
4753
2708
666
2714
667
4764
2717
671
2720
673
2721
674
2723
2724
2734
693
4789
2742
2743
695
697
2748
701
702
2751
704
2752
4800
4801
2755
707
4803
2756
708
2758
2759
2760
4814
2767
4815
2768
4818
725
727
728
2776
732
2781
4830
2789
2790
4838
743
744
746
2796
753
4849
757
2805
758
4855
761
2809
4861
768
2818
772
2820
4870
4872
776
777
4875
779
784
786
789
2838
4889
798
4896
800
801
803
2851
804
2856
810
2863
4914
2867
821
4918
2872
829
2878
4928
834
2882
2883
835
4934
4936
2889
4937
845
4946
4947
2901
856
4954
861
2910
2914
4963
2916
4965
4967
4969
874
877
879
2927
4982
2935
4983
2937
4987
2941
5000
5001
2953
906
5003
907
5005
910
914
2970
5019
5022
926
2975
5025
2980
933
5029
934
5031
5035
941
2989
942
5038
5039
943
947
2997
5046
2998
2999
952
5048
953
3005
959
5059
967
5064
5065
971
3021
975
3023
5072
3026
5074
3029
981
5078
5080
984
3033
5081
3034
5083
988
5085
5087
3039
993
3043
3045
997
5093
5094
3046
3048
1001
5099
3054
5103
1009
1010
3060
1012
1013
1014
5114
1021
1023
5123
1030
1031
3080
3083
1039
3089
5139
3091
1045
1047
5144
3100
1055
5151
1056
1057
1059
3107
3110
1065
1067
5164
5165
1069
5167
1071
1073
1074
1075
5173
5174
3129
5177
1085
5181
3134
1086
1088
1089
3139
3141
3142
5192
1098
1100
3153
5204
3158
1111
5207
1112
3160
1115
3163
5211
5214
1118
3169
1123
1124
5220
5222
1128
5224
5227
3181
1133
3182
3183
1136
1137
1139
5237
5241
5242
1146
5246
3199
5250
3204
5252
5253
3205
5254
1160
1162
3210
1166
3215
1168
3217
5266
1170
5267
5273
1182
5280
3234
3245
5294
1200
3251
3252
3254
5303
3256
1208
5307
5309
3261
3263
3265
1218
3267
5316
1224
3273
3274
3281
5329
1235
3284
5334
1238
5335
5337
3289
3291
3292
5343
3295
5344
1251
5347
5355
1260
5359
1265
1268
5365
3320
3322
3326
3327
1281
5377
1282
3330
3331
1288
3338
1292
5389
3342
5391
1295
3350
5398
3351
1303
5400
5401
1306
1308
3357
1309
3358
1310
3359
5408
1315
1317
3366
1319
3369
3370
3372
3374
1326
1329
1332
3380
5429
1334
5431
5436
5437
1341
3389
5438
5439
5440
5441
3397
5447
1355
5452
1357
5454
1361
3410
1362
1364
3412
5461
3414
3415
3417
3420
1377
3428
1382
1383
5485
3438
3439
3440
3442
5490
3443
3444
5492
1398
5496
3452
3456
1409
1410
3461
3468
1420
1421
1424
1426
5524
3477
1430
1433
1434
1436
1437
5536
1441
3492
1446
5542
5543
3499
5550
1454
5555
5556
1461
3510
5560
5561
3516
1471
5569
5571
1477
5574
5576
1481
3530
5578
3532
3533
1486
3536
1493
1497
1500
1505
1507
3561
3562
3565
1519
3569
3571
1527
1528
3577
1532
3580
1533
3581
1535
1540
3590
1543
3593
3595
1548
3596
1550
3599
1559
3607
3610
3612
3614
1566
3616
1572
3626
1580
3629
1582
3633
3639
3643
1597
1602
1608
1609
3657
3660
1614
3666
3668
1620
3672
3677
3680
1634
1636
3684
1638
1640
3692
1648
3702
1655
1656
3705
1658
3706
3707
1660
1662
3711
1664
3712
3716
3717
3719
1680
3728
1682
3730
1683
1684
1688
3738
3746
1700
1701
3750
1703
1704
3753
3757
1717
3765
1721
3770
1723
1730
1732
3783
3786
1741
3792
1744
3793
3796
1753
3809
3811
1766
1767
1768
3819
1775
1777
3826
1781
3830
3837
3847
1802
1803
3859
3861
3862
1816
3865
3870
1823
3873
1826
3875
3877
3878
1834
3883
1837
3886
1840
1844
3900
3901
3902
1857
3908
1861
3911
3914
1867
3917
1870
3919
3920
1873
1874
1875
3928
1881
1888
3939
3941
3944
1896
1909
1910
3958
1913
3961
3962
1915
3965
1920
3973
1927
3978
3981
3983
3984
3988
1943
1947
3997
3999
4002
4003
4004
4005
1960
4009
4016
1969
1972
4023
1981
1984
4034
4035
1990
1991
1992
4041
1995
1999
4050
2004
4052
4055
4058
2012
4062
4063
2017
4066
4067
2020
2022
4071
2028
4081
4082
2036
2037
2043
2044
2045
22
225
257
100
38
327
328
108
240
401
177
115
86
23
121
154
315
251
220
92
286
350
94
