1130
2
2051
2052
4101
4106
4107
4108
14
15
2065
18
19
23
24
4121
27
4123
2077
4126
2078
2079
2081
4130
4131
4133
4137
41
2090
4142
4145
4147
53
55
2104
56
4154
4157
4159
2112
67
2115
4166
72
2122
2123
2124
78
4175
81
4177
83
2131
85
90
4187
2140
2143
4194
2147
4197
102
4199
4202
107
4203
2158
2160
113
2164
4213
4216
122
4220
4225
2178
134
135
2185
4233
4234
2187
4236
141
2192
2194
147
2197
4245
4248
4251
2206
2211
2214
168
4267
2220
4268
173
4271
4272
2225
4274
4276
2228
2234
191
2240
4290
197
4293
2249
201
2251
4299
205
207
213
2261
4312
2268
222
223
4320
226
227
4324
229
2279
2282
4332
4333
2286
239
4337
242
4338
2290
244
2296
249
2300
253
4350
2303
2306
2307
4356
261
2310
2313
267
2316
273
274
275
4374
4378
2334
2335
4387
4388
295
296
297
2347
4395
2348
4396
2351
303
2352
2355
309
4408
2361
316
318
4415
4417
2370
327
333
4430
2383
336
2384
2385
4434
2386
2387
4440
344
2393
2394
346
2396
348
2397
352
2401
2403
4453
357
4455
361
2410
2411
363
364
4460
2414
4462
2415
2418
372
2421
2422
4470
2427
2428
4478
382
383
2432
4480
385
386
2435
4484
389
4487
392
2441
4489
2443
2444
2445
4493
4494
2448
2452
2453
406
2455
4504
4510
2467
420
4520
2474
426
430
432
433
2484
4533
2490
443
2491
2493
446
4544
448
449
4547
452
2501
4550
2505
457
4554
2507
4556
2509
4560
4561
465
4562
4563
474
2524
476
4573
4574
479
2527
2529
484
486
492
493
494
2543
496
498
4595
499
4596
2552
504
4600
506
4603
2556
4610
4614
2568
522
2572
4623
529
4625
530
2579
532
2582
2584
543
2592
2593
545
4641
2595
4643
4649
4650
4651
557
558
2607
562
4660
2614
4663
4666
572
2621
2624
578
4675
4676
2629
582
4680
4681
587
4683
2638
2640
593
594
4691
4692
2645
2646
4694
4695
2649
2652
2655
4704
2657
4707
4712
4713
2665
4714
2667
4717
4719
2673
2674
4723
627
2676
4726
632
4728
634
4732
2685
638
2690
2692
646
4747
4750
4751
2704
4752
4756
2709
2712
665
666
2714
667
2715
2716
4766
4767
675
676
2726
679
4777
2734
686
4782
4783
687
2737
694
695
4792
4795
699
2748
2750
2754
4803
708
709
4806
710
2762
4814
719
2768
4818
4821
2778
4828
733
4830
2784
2786
739
4835
2789
2792
746
4842
2796
4844
4849
753
4851
2805
758
761
2812
765
4863
4866
772
2820
4870
4872
778
4875
2828
780
782
784
786
2834
4883
2838
4890
798
2846
800
2848
801
802
803
4899
806
2854
808
2856
2859
2861
4910
4913
819
821
4918
825
2874
2877
2878
831
2883
836
837
838
4934
4937
4938
843
4946
851
2901
2904
856
4952
859
2910
866
2914
868
4964
2916
4969
4970
874
882
4982
4983
2937
889
4987
4990
2942
896
4994
4996
2950
2952
2953
906
5003
907
5004
908
910
2960
5009
2963
917
5014
921
2970
5022
2975
5025
930
2980
932
933
934
5031
5034
5035
942
5038
5039
2992
2993
947
5044
3003
5053
5056
5058
3011
3013
5063
5074
3026
980
5077
3029
3030
5078
982
3035
5083
5084
3037
5085
3038
3039
5087
992
3042
996
5093
3045
997
998
3047
5095
3048
1003
1004
3054
5103
1010
3060
1013
5111
3064
1019
5115
5121
5123
5125
1031
1033
5130
5135
5136
5141
1045
5145
1050
3100
3101
1055
5153
1062
3111
1063
1065
1068
1069
1070
5167
3120
5168
5169
1073
1074
3124
1078
1079
3130
1085
3133
1086
5182
1088
1089
3139
3140
5188
1095
1096
1097
1098
1100
5197
1104
1106
3155
3157
5206
1111
5207
1112
5210
5211
1115
3165
5214
5216
1124
3174
1128
5224
3178
5227
1131
1132
3181
1134
1136
1140
5238
1144
1145
5242
1147
1148
3198
5248
3204
5253
5254
3208
3212
3217
3218
3219
5270
1174
3225
1177
1179
5275
3229
1182
1183
5279
5280
5282
3234
3239
1192
3241
5294
5295
1200
3251
3252
1207
5303
3256
1209
1210
5309
5311
1217
5314
3267
1220
3270
3272
5320
1224
3274
5323
1231
5328
1235
5334
5335
5337
1241
5338
3291
3292
5340
5341
3295
1251
3301
1256
1260
5357
3310
1263
1266
1268
5365
5367
3320
1273
5370
3322
5372
3326
1281
3329
3330
1282
3331
5382
1286
1290
3340
1292
5389
3341
5391
5392
1298
3346
5395
5396
1302
5398
1303
5400
5401
3355
1308
3358
1310
1311
3359
1315
1317
3366
1319
1320
5417
3370
3371
3372
5422
1326
3375
3376
3377
1332
5429
1333
1334
5436
5441
1347
3396
3397
3399
3400
1353
5452
3405
1362
1363
1364
3414
3415
3418
3420
5469
3422
3424
1377
1379
3428
5478
1383
1384
3432
5483
5484
3438
1393
1394
1396
1398
3448
5496
5503
3461
1413
1415
3465
3466
1418
5515
1420
1421
3469
1424
3472
3473
3477
3478
5528
3481
1434
3482
1436
1437
5536
1441
5539
1446
5542
1449
1451
1453
5550
1458
5555
1459
1461
1462
3513
5563
1467
1468
5566
3521
5572
5574
3527
5576
3530
5578
3534
1491
3539
1494
1497
3545
3548
1500
1501
1503
3551
3553
3558
1510
3559
1513
3561
3562
3563
1516
1519
3569
3570
1524
1527
1528
3580
3582
3583
1536
3589
3593
3594
1550
1552
1558
3607
3609
1562
1563
3613
1569
1571
1576
3624
3627
3629
1582
3633
3643
3645
3646
1599
1602
3651
1604
1607
1609
3658
1612
3663
3666
1619
1620
1626
3679
1634
1636
3685
1644
3692
1649
1650
1656
1662
3715
1670
1671
3719
1677
1680
3728
3730
1684
3738
1691
1699
1700
3750
3757
3758
1715
3763
3765
1720
1723
1728
3777
3785
3786
3787
1740
3789
3793
3796
3800
1753
1757
1760
1762
1764
3814
1766
1767
3816
1770
1771
3819
1774
1775
1779
3827
3828
1781
3836
3837
1789
3838
3841
1797
1803
3853
1807
3855
1810
3860
1816
1817
1818
1820
3868
1823
3872
3873
3877
3878
1834
3882
3886
1838
1840
3889
3890
1844
3895
3897
3901
3902
3911
3917
1873
3934
3937
1895
3944
3950
1905
3957
1910
3958
1914
1915
1920
3971
3981
3983
3984
1936
1938
1939
1943
3991
1948
3996
3997
1950
3999
4000
4002
4004
1960
4009
1961
1963
1973
1974
1981
4029
1982
4031
4032
1984
4033
4035
1988
4039
1992
4041
1995
1999
4048
4052
2004
4056
2011
4060
2014
4062
4063
2015
4066
2022
2023
4074
2033
4082
2035
2036
2037
4086
2039
4090
4091
2046
25
0
322
131
323
199
139
395
204
333
77
337
345
92
29
100
38
107
108
49
307
308
57
122
187
316
