1050
4101
4103
2057
4106
4107
12
14
2065
4113
2066
2067
4118
23
4121
27
2075
2077
4125
4126
4127
33
4130
4131
4133
40
2090
2094
46
4145
50
4146
4147
2100
4151
55
2103
56
4158
63
2112
67
2117
4166
71
2121
2122
75
2123
4174
4175
4177
2131
83
4181
89
90
2140
4189
95
4192
97
2147
2149
4197
102
4203
2158
4208
115
122
2173
125
128
4225
2179
2183
136
2185
137
4236
142
2194
147
4248
2202
157
4254
2206
2208
2214
166
168
2217
2220
2221
173
4272
2225
178
4276
4280
2232
2234
187
2239
4290
195
4296
204
211
2261
217
2268
223
4320
4321
226
4324
229
2284
2286
4335
2290
242
2296
249
2297
252
2302
256
2306
260
4357
4358
263
2313
4364
4366
2318
273
2322
4378
2334
2335
290
4388
293
4392
4393
4394
4396
303
2351
2352
309
4407
313
4412
316
317
4415
4416
2372
327
4424
4425
333
4433
4434
4435
4440
2392
345
2394
2395
352
2403
357
2406
360
361
2410
2411
364
2414
367
4466
2418
4468
2422
2428
4476
4480
385
386
2435
2436
4486
2443
398
4496
2452
2453
4501
410
414
2462
420
4519
426
2478
2483
2484
2485
4533
2488
440
2490
443
2492
2493
446
4544
2499
452
4550
4551
457
2505
4553
4554
2508
4556
2509
465
4561
4562
476
4573
4574
479
2529
482
484
4580
4585
4586
492
2542
494
2543
500
4596
501
4599
504
2552
506
4603
2556
2557
512
4610
4613
4615
2568
4622
530
536
2588
543
2592
4641
2594
4643
4645
549
4648
4649
554
4650
558
562
4659
4660
2615
570
572
4668
4669
4672
4675
582
2631
4680
589
592
593
2641
4689
4690
2643
4692
4693
603
4699
2652
605
4701
4704
609
4705
4707
4708
613
4712
4713
4714
4720
2673
2674
4723
2676
2677
2678
2681
634
4732
636
2686
2689
2690
4739
2692
645
4741
646
647
4745
4747
653
4750
4751
2704
4753
4756
662
663
2714
667
2717
674
2723
2724
2726
679
4777
2732
2734
687
2737
4786
2741
2742
695
2743
2745
699
4795
702
703
4801
2754
4803
707
2755
708
2757
710
2758
2762
2764
716
4814
2767
2768
723
2772
2773
4821
732
735
2784
2789
2790
4838
4839
2792
744
745
2793
4842
4843
2801
753
4849
4851
2805
758
760
761
4859
2812
765
4863
772
773
2821
4870
4872
4875
780
2829
784
786
4884
788
4886
2838
2841
2842
794
798
2848
800
801
2851
803
804
807
2856
2857
810
4906
2863
4913
2867
821
825
2873
2874
827
831
4928
833
4934
4936
4937
843
845
4946
4949
856
4954
2908
861
2910
2914
2916
868
4965
4966
4967
874
4970
875
879
2927
4982
4983
889
4987
896
2945
4996
903
5000
2953
907
2960
914
2963
919
5016
2969
921
2970
5022
927
2978
5026
2980
933
934
5031
5035
941
5038
942
5039
947
5044
2997
950
2999
953
955
3005
959
3008
962
963
5063
5064
971
3021
980
5078
982
5080
3034
988
5085
5086
3039
5087
994
3043
996
3044
3045
5094
998
3048
1001
1010
3060
5111
5115
1019
1023
5123
1031
1032
3084
3085
5136
3090
3091
3100
3101
1056
5153
1057
3107
5157
1065
1069
5165
5166
5167
1073
1074
3122
5170
1075
5172
1079
3130
5180
3133
1085
3134
5182
1086
1088
1089
3139
1094
1096
3144
5193
5194
1098
3151
5206
3158
5207
1111
3160
5210
3165
1118
5214
5216
1120
5217
5219
1124
5222
5227
3181
3182
1139
5235
5237
5238
1143
5240
3193
5242
1147
3195
1148
5248
5250
3204
5252
5253
1160
3208
1167
1168
3217
5267
3219
1174
3224
1177
1180
3229
1182
1183
3234
5283
3240
5291
3244
1201
3251
5303
1208
3256
5307
1211
3260
5309
5311
1217
3267
5320
1224
3274
5323
3279
1235
5334
5335
1239
1241
3292
3295
1251
3300
1256
1260
1263
3313
1268
5365
3320
5370
5372
3325
1278
3326
1279
5377
1281
3330
3331
1284
5382
5385
3338
3339
5387
1292
3340
5389
1293
5391
1295
5395
1299
3350
1303
5400
5401
3355
1308
1310
3358
3360
1314
5410
1315
1317
3365
1318
1319
1320
5417
3370
3372
5421
1326
3374
3377
3380
1332
5428
1333
1334
3384
3388
5436
3389
1341
5438
5440
5441
5442
3396
3397
5447
1352
3400
1353
1355
3405
1362
3410
5459
3414
3415
3418
1370
5468
5469
3424
1377
3428
5477
1382
1383
5484
1389
1396
5496
3451
5500
3461
1414
3466
5515
1421
1424
3472
3477
1433
1434
1436
1437
5534
1441
3490
5538
3493
5542
5546
1452
5550
5553
5555
5556
1461
3510
1462
5560
5561
3513
1468
5566
5569
1475
3523
5572
1478
3526
5574
5576
3530
1483
3532
5580
1486
3537
3539
1491
1493
1496
3548
1500
3549
3551
3553
3561
1514
3562
3564
3566
1519
3569
1521
3571
1524
1527
1528
3577
1530
1532
3580
1533
3581
1535
3583
1536
1540
3590
1543
1544
3593
3595
1548
1550
1551
3599
1554
3609
3612
1566
1569
1571
3624
3627
3629
1582
3633
1587
3638
3639
1594
3643
3644
3646
1599
3650
3660
1614
3663
3666
1619
1620
3668
3672
3676
3677
1631
3680
3684
1636
1637
3692
3693
3698
1650
1653
1656
3707
1660
1662
1664
1665
1670
3719
1671
3722
3726
3727
1680
3728
3730
1683
1688
3738
1691
1692
3740
3745
1699
1700
1701
1707
3758
3763
1718
1723
1726
3776
3777
1734
3786
3788
1741
3792
3793
1753
3810
1763
1766
1770
3819
1775
3826
1785
1786
1787
3837
1809
1810
3859
3862
1816
3865
1817
3868
1820
1823
3877
1834
1840
3890
3891
1843
3894
1851
3907
3908
1864
1867
3917
3919
3920
1873
1879
3933
1886
3938
3939
1895
3953
1909
3958
3962
1914
1915
3965
3971
1927
3983
3984
3985
3992
3999
1954
1960
1961
4009
1966
4014
4016
4020
1975
4025
4029
1981
1982
1983
1984
4033
4034
1986
4035
1990
4039
4041
1994
1995
4045
1998
4046
1999
4051
2004
4052
4053
4056
4060
4062
4066
4067
2019
2020
2022
4072
2025
4075
2028
2031
2033
2036
4084
2037
4086
4090
4091
2043
2044
2046
20
161
323
100
230
297
107
76
77
14
79
276
374
248
121
281
26
251
92
380
350
