1363
4096
0
2051
4101
2053
4103
2057
4107
4108
4110
14
4112
2065
18
2067
4116
2071
23
2072
2073
25
26
27
2075
29
4126
2078
31
32
2081
4130
4131
35
2083
36
4132
4133
2085
2086
39
2087
4137
2090
2091
4142
2095
4145
2100
55
4151
56
60
61
4160
2112
2113
66
2115
67
4166
71
72
2121
2122
2123
2124
4174
4177
2130
83
2131
2134
4185
4186
90
2140
95
96
4193
98
2147
2149
102
4203
4204
2158
4208
2160
2162
4211
4212
2165
4213
4215
120
2168
122
2171
124
4220
2172
2173
126
128
4225
2178
2181
2185
2187
4236
142
2192
2194
146
147
2197
4247
4248
154
4251
2203
157
2206
160
166
2214
168
4264
4265
2217
2218
4266
2220
2221
2223
4272
2225
178
4274
4275
4276
182
4280
2234
4284
2239
193
4291
2247
4296
4297
2249
4298
2251
204
2252
4301
205
2254
207
209
2261
215
2263
2268
222
223
4319
4320
2272
226
4324
2277
229
2278
4327
2283
2284
4333
2286
4336
241
242
2290
4338
243
244
245
246
4342
248
2296
249
2302
4350
4353
2306
4354
259
4358
2313
2314
2316
270
4366
4368
2321
274
4370
4378
2332
2334
2335
4384
288
4388
295
296
4392
4394
2347
4396
4397
4398
303
2351
2352
2354
2355
307
2356
309
316
4412
2366
318
319
4415
4417
4422
2374
327
2375
4425
4430
4431
2383
2384
2386
4434
341
4438
344
4440
2395
2397
2399
352
2402
354
2403
357
2410
2411
4460
2414
4462
367
2415
368
4466
372
4468
4469
374
2424
4472
2428
4478
383
4480
385
2435
4483
387
4484
388
2436
4486
2439
4488
2443
2445
398
2447
4496
2449
4499
2452
404
2453
4501
408
409
4507
416
2467
420
2468
2469
422
4519
424
426
430
2478
431
433
2484
437
2485
4535
2488
2491
2493
446
2495
2496
4544
449
2499
4547
452
2501
4550
4551
2503
456
457
2505
4554
2507
4556
462
463
2512
4561
465
2513
4562
4563
467
4567
2520
4568
4572
476
4573
4574
2526
479
4576
2528
2529
482
4578
4580
2532
484
489
4588
493
2543
496
4595
499
4596
2549
4598
4600
2552
504
506
512
2560
4610
515
4611
4613
4614
4615
4616
521
2569
530
2579
532
4629
4636
541
543
4641
2593
545
4643
2595
549
2599
4648
4649
4650
562
566
2614
2616
4665
570
4666
2619
572
4669
2623
4672
578
4675
580
4676
582
4678
4680
2633
4681
4683
592
593
2641
594
4691
2643
4692
4694
4695
600
2648
601
4699
2652
605
2655
4704
608
4705
609
2659
2661
4712
2665
4713
4714
619
2667
621
623
4719
2672
2673
2674
627
4723
2676
2677
2679
4728
635
4732
2690
4739
2692
645
646
4743
2698
4747
4748
2700
652
653
4750
654
4751
4753
2706
659
4756
663
2712
2714
2715
667
668
4765
675
2726
679
4777
2734
686
4783
4786
4788
2741
694
2742
695
4791
4792
2745
699
4795
2750
2751
704
2754
4803
707
2755
710
4806
712
2762
714
2763
4814
2767
719
4818
2772
2773
4821
728
2776
730
4828
2781
4830
735
4838
4839
2792
746
4843
4846
2798
2799
753
4849
2801
4851
2805
758
4856
761
762
4859
765
766
4863
771
772
2821
4869
4872
777
778
4874
4875
780
2828
783
784
785
2834
4884
789
2838
4887
2845
4893
798
2846
800
2848
801
2850
2851
803
2856
808
2859
812
813
2861
2863
4911
4913
2868
2869
821
4918
2870
824
825
2877
833
4930
2883
837
4934
4935
840
4937
2890
843
845
2895
4946
850
4947
851
2899
4949
2901
2903
4952
856
4954
859
4956
2910
4961
865
2914
4964
870
4969
4970
874
875
4974
879
882
4982
889
2937
890
4987
2944
4995
4996
2950
5000
2953
5003
911
5009
2962
917
2965
919
5016
2969
5017
921
2970
924
5022
929
931
2980
932
5029
934
5031
2984
5032
5035
2987
2988
2989
5038
942
5039
947
5044
950
2999
955
5053
957
959
5056
960
962
3010
3011
963
3013
967
5063
3025
5074
980
981
5077
5078
3030
5080
3033
3034
5084
3039
5087
994
3042
995
3043
996
3044
5093
3045
997
5094
3047
3048
1000
1003
3055
5103
3057
1010
5111
1015
5114
1019
5115
3071
5123
5125
1031
3080
3082
3084
1036
3085
5136
3091
3092
3093
1047
5145
3098
5147
3099
3100
1055
1056
5153
5154
1060
3109
5160
1065
1068
5164
5165
1069
5167
3120
5168
5169
1078
1079
5176
3130
3133
5181
1085
5182
3134
1086
1088
3136
1089
3140
1093
3143
1096
1097
1098
1100
3148
5197
1101
3155
5204
5206
5207
1111
1112
5210
5215
5216
5217
5219
1124
1125
3174
1128
3177
5227
1132
3181
3182
1134
1140
5239
1144
3192
5240
5242
1147
3199
5248
3200
5250
3204
5253
5259
5264
3217
5266
3219
3223
5271
3224
1177
3225
1179
1180
1181
3229
1182
5279
1183
3234
5283
3238
5287
3240
5288
1192
5291
3245
1197
5294
1200
1201
3251
1203
3252
3254
5302
5303
3256
1209
3260
1212
5309
3261
5312
1217
5318
1223
3271
1224
5320
3274
3275
5323
3282
1235
5334
5335
3289
1241
1243
3291
3292
1244
5341
5343
3295
5346
1251
3299
3300
3301
1256
1260
5357
1263
1268
5364
5365
3320
5370
3322
5372
3324
1278
1279
3327
1281
3329
5377
3331
1284
5382
3335
1292
3340
5391
3343
5392
5395
5397
1302
3350
1303
5400
5401
3355
1308
3358
1310
5410
1314
1315
3364
1317
5413
1318
1319
5417
1321
3370
5421
5422
1326
3374
3376
3377
5425
5426
1332
3380
1333
5429
1334
3386
5435
3388
3389
5440
5441
3394
1347
3396
3397
3399
1352
3400
3402
3403
1355
3405
5454
3408
5456
5457
1364
1365
3414
3415
5465
3418
3419
5469
3422
1375
3424
1377
5473
1378
3428
1382
5478
1383
3433
5483
5484
5485
5488
1393
3442
3443
1396
5493
1398
5496
3451
5502
5505
1410
3458
5509
1413
3462
1415
5513
3465
5515
5516
1421
5519
3471
1424
3472
3476
3477
3478
1431
3480
5528
1433
1434
3482
1436
1437
5536
5537
5538
3491
1445
5542
5543
1451
1452
1453
1458
5555
3509
5557
1461
3510
5561
3513
1468
5565
5566
1473
3523
1475
5572
1476
1477
1478
3526
1482
1483
5579
3532
3535
3539
1492
3545
3548
1505
3553
1507
1509
3558
1511
3561
3565
1519
3571
1527
3577
1529
1530
3579
1532
1533
3581
3582
1535
1536
1537
3585
3590
1544
3593
1547
3597
1550
1551
1552
3602
1555
1558
1560
3609
1562
1563
3612
1564
1566
3615
1569
1571
1573
3621
1574
3624
3626
3627
3629
3631
3633
1587
1594
3643
3645
3646
1602
1604
3653
3658
1611
3662
3666
1619
3668
3672
3674
3676
3679
3680
3681
3682
1636
1637
1644
3693
1648
1649
3698
3699
1655
1656
1657
3707
1660
1664
3714
3716
3719
1674
3722
1676
1679
1680
3728
3730
1683
3732
1689
3737
3738
1691
1692
3741
3742
3743
1698
1699
1700
3749
1701
3750
1703
3751
3752
3754
1707
3757
3758
3763
3765
1718
1719
1720
3770
1723
1725
1728
3777
1732
3784
3785
3786
3791
3792
3795
1747
3797
3800
1756
1757
1760
3810
1763
1764
1766
1769
1770
3818
3820
1775
3824
3826
3828
1781
3837
3838
3841
3845
3847
3848
1805
3854
1808
1809
1810
3859
3860
1815
3865
1819
3868
1823
3873
3877
1834
1840
3890
3891
1844
1847
3895
3896
1849
3901
3907
3908
3911
3913
3914
1867
3917
1869
1870
1872
1873
1874
3923
3927
1879
1884
1886
3934
1895
3944
3950
1902
3951
1903
1904
3953
1905
3954
1907
1909
1913
3963
1920
3969
3970
3971
1934
3983
3984
1939
3987
1943
3997
1950
3999
4004
1956
4005
1959
1960
4009
1963
4016
1975
1981
4029
1982
4034
4035
4036
1989
1994
1995
1998
2003
4052
2005
4055
4060
2014
4063
4066
2020
2022
2023
4073
4076
2029
2033
4082
2035
2036
4084
2037
4086
2039
4087
4091
2045
30
323
324
132
261
198
139
77
398
16
274
276
409
282
220
412
348
100
230
38
44
300
175
114
180
120
57
122
251
59
316
