991
4098
3
4100
4101
4107
4108
2064
2066
18
4118
25
2075
2077
31
4130
4131
2083
4132
2085
4133
38
39
40
4145
4146
55
4153
4154
2112
66
67
4166
2123
4172
4174
2129
83
4181
4186
4188
95
99
2149
4197
102
4202
4203
2158
4207
2159
113
2165
2166
2167
122
124
2175
4223
128
129
4225
4228
2185
4237
142
4239
2192
4241
2194
147
148
4244
4245
4247
4248
154
2204
157
159
4257
166
2214
2217
2220
173
174
4272
178
4276
182
184
4284
188
4290
2242
4291
195
2244
4296
201
4298
2250
2252
4301
210
2261
4309
2265
221
4320
4321
226
229
2284
2286
2288
2289
4338
2290
243
2296
248
4344
4348
2302
255
2306
4358
2312
4364
270
2318
273
2322
280
2333
2334
2335
290
293
2342
4396
4397
303
2355
307
2357
313
316
4413
2366
4414
4415
4417
2372
327
4424
4425
333
4431
4432
2385
4434
2386
342
4440
4443
2397
352
2403
2409
2410
4459
2411
364
4461
4462
367
4466
371
4469
379
2428
4483
2437
4486
4489
2443
398
4496
400
2449
4499
2452
2453
407
4506
410
4507
414
420
423
426
431
2485
437
438
2488
2491
446
4544
4551
456
457
2505
4554
4561
465
4562
2514
4563
2520
4568
2523
476
479
2528
4576
4579
484
2532
485
4582
4586
494
2543
496
4596
2549
501
504
2552
506
4603
508
511
512
4609
4610
4615
4616
2568
2569
4622
532
4628
536
537
538
4636
4637
4638
543
2592
4641
4643
549
4648
552
4649
553
4650
554
2605
558
2608
562
4660
572
2621
2622
4671
4672
2624
4675
580
4677
582
2633
585
2635
4685
593
2641
4689
2642
4691
2643
4692
4693
603
2651
4699
2652
605
2654
4704
608
4705
4706
611
4708
612
615
623
2673
4723
2676
2677
630
4728
4732
2692
2693
646
647
4747
4750
4751
2704
4753
659
2714
666
667
668
2717
674
2723
2724
683
2732
2734
4783
2741
2742
2745
699
700
702
4801
4803
707
2755
708
2757
2760
2761
2762
4810
2763
4811
4815
2768
721
2772
2776
729
730
4830
2784
4838
742
745
4843
749
2799
753
2805
758
761
2809
766
4862
772
2820
2821
2823
777
4874
784
786
789
2838
4887
2842
797
2845
798
799
2847
800
801
2851
803
804
4901
2855
2856
4906
4910
2863
2864
4917
821
4918
824
4921
2874
4928
2883
837
4934
840
4936
4937
2891
843
845
4947
852
4949
856
2905
4953
4954
4956
4957
861
864
2914
2916
4967
4969
874
4970
875
4971
2927
879
2930
883
4980
4982
4983
4987
891
2941
2949
5000
2953
906
914
5017
2970
5019
5022
927
931
2979
2980
932
5029
934
5031
5032
5035
2988
2989
942
5038
5039
943
2992
947
948
2998
2999
953
960
963
971
3023
981
5078
3033
3034
5085
5087
3039
3043
3045
5094
3048
5097
3053
3054
3056
3057
3060
1012
1014
1015
5115
1020
3070
1023
5120
1024
3074
3080
3083
1036
5134
1041
5138
3091
3092
3093
5147
3100
3101
1055
1056
1057
5153
3107
3108
1065
3116
5165
1069
5167
1071
1073
1074
1076
3125
3129
5177
5180
1085
1086
3134
1088
1089
3139
1094
5192
1097
1098
3147
3148
3150
1111
5207
1114
1115
5214
1118
5215
5216
1120
5219
1124
5225
5227
3181
3182
3183
1137
3185
5235
1139
3189
5239
5241
5242
5250
3204
5253
1160
5259
5262
5264
3217
3219
3222
3228
3229
1182
3234
1190
3238
5286
5287
3241
5291
3243
3244
5294
1200
1201
5298
3251
3252
5301
3256
5307
3259
3260
5309
5311
3267
3270
1222
1224
3274
5323
3278
5329
1235
5332
5334
5335
1239
1241
3292
3295
5346
1251
3300
1260
1266
1268
5364
5365
3320
5370
3322
5372
3325
3326
5374
3327
1281
5377
3330
3331
1284
5380
5382
3339
5389
1293
1296
1297
1299
3350
5398
5400
5401
1308
3358
1310
1318
1319
1320
3370
5421
1326
3374
5422
5423
5425
5427
1332
1334
1335
5436
5438
5439
5440
5441
1348
3397
1349
5447
3400
3402
1355
5453
5456
1362
5458
3410
3414
3415
1370
1374
1375
1377
3428
1382
1383
1384
1385
1389
5488
1392
5493
5494
1398
5496
1401
5499
1403
5505
3461
5509
5513
1421
5519
3471
3475
3476
3477
1433
1434
1436
1437
1441
5538
1442
1446
5542
1448
3497
1452
5553
5555
1459
3509
1461
3510
1463
5560
5561
1469
5569
3523
5574
3526
5576
3530
1489
3537
3539
1492
3541
1500
3549
1505
3559
3562
1515
1519
1521
3569
3571
3572
1524
1527
1528
3577
1530
1532
3580
1533
3581
1535
3585
1540
1543
3593
3595
3597
1550
3599
1552
3612
3626
3627
3629
1582
3633
3636
3638
1594
3643
3644
1598
3653
1614
3663
3664
3665
3666
3668
1620
3670
3672
3674
3676
3677
3680
1636
3687
3692
1647
1648
3698
3701
1656
1657
3707
1660
1662
3711
1664
3719
1672
1673
3722
3727
3728
1680
3730
1683
3732
1685
1689
3738
1690
1691
3742
1699
1700
1701
3749
3750
1704
3752
3753
3763
3765
1720
1722
1723
1725
3777
1732
3781
3786
3791
3792
3793
3795
3811
3818
3820
1775
1777
3826
1778
1781
3829
3834
1787
3837
3838
3839
1802
3854
3860
3861
1813
3862
1815
1816
1817
1819
1823
3877
3879
1837
1840
3890
3891
1848
3901
1858
3907
3908
3911
3914
1870
1872
1873
1874
1882
1883
3947
3948
1902
3951
1904
1909
3958
1914
1915
3964
3965
3970
1926
3980
3983
3984
3987
3992
3997
3999
1951
1952
1953
1955
1956
4004
4005
1960
4009
1963
4017
4020
1977
1981
1984
4034
4035
1989
4037
1990
1999
2001
4051
2004
4052
4055
4056
2011
4062
4063
2017
4066
4067
2020
2021
2022
2023
4071
4073
2028
2031
4079
2036
2037
4086
2041
2043
2045
4094
22
128
257
258
132
100
229
357
203
76
301
142
175
79
178
148
310
121
25
251
92
412
221
