1219
10240
2048
10241
4099
10245
4102
8
6152
10249
10
6155
10255
6160
4112
8210
2067
20
2070
6170
8220
4125
4127
32
6177
4132
10278
2086
4135
10279
10280
4139
44
8236
4140
6191
8239
8240
48
10290
51
10292
4150
56
2106
8250
66
2115
10308
8264
2121
4170
4172
6220
2124
4173
10319
2128
8274
6228
4180
2133
4186
8282
4188
4189
4190
8287
6239
2144
6241
6243
6244
8294
4198
10343
8296
10345
8297
4202
10348
10350
4207
2160
6259
6260
2165
6261
4213
8312
10365
10367
130
4226
134
137
8331
2189
8337
2196
148
10389
6294
4246
6295
151
6300
10398
159
10401
6307
164
2213
4263
10408
8363
6316
4271
179
2232
6330
2238
4287
10432
194
4292
6341
198
2250
204
6352
10448
2259
213
2261
6357
2262
10454
8411
8413
10462
2271
10465
8418
10467
4325
10470
2280
6376
10473
2281
6378
10474
235
2285
2286
10480
6384
6385
6389
8438
6391
4345
6398
10498
258
6405
10507
10511
4368
273
4369
4371
277
278
279
4375
8473
10522
6428
8476
284
2334
2337
10530
2339
292
294
2349
304
4400
6451
2355
308
8501
6458
6461
6463
6464
2370
6467
2377
8521
10569
2382
6483
8533
10582
4438
2391
4442
6491
8539
10590
2399
4447
8550
363
2416
4465
10612
8564
373
6518
4471
2425
4474
380
6525
382
384
2437
2439
8584
10632
2443
4492
401
4498
6546
2451
6552
10649
410
8602
8604
6556
6558
8609
6561
10659
8612
10660
2470
10665
4522
427
4525
2478
2480
2485
4536
2488
4538
4539
10684
445
2493
6590
4542
8639
6592
4548
4551
457
6601
6605
4558
2513
8657
466
2516
10708
6612
2517
4566
10710
4569
4573
8675
4580
10726
6633
2538
4589
4596
502
6648
6649
10747
10749
2559
10752
2560
2562
6658
6662
8714
6666
6667
8715
526
8720
8723
6676
6677
2581
10774
535
536
8730
10781
8733
6685
542
8735
4640
4642
10787
10788
548
8741
2597
551
2599
552
4649
8749
8750
4655
561
2611
8756
8757
567
10808
2618
571
4669
574
8770
8771
579
10820
8772
581
10822
2635
10827
4684
8781
2639
8785
4691
6740
2644
4692
6744
10842
2650
10845
2654
6751
608
8802
2658
2661
2662
8806
4712
8809
6762
8811
4716
2672
10864
2675
2678
633
4732
6781
4734
2687
639
2688
2689
4737
4738
10885
6789
2695
2696
10890
651
2700
10892
2701
2702
6799
10895
656
8854
2711
664
2718
4767
4769
10914
10917
681
8874
10923
10924
4784
8881
8883
8886
8888
6841
2746
2748
700
8894
10942
8895
2754
6850
708
6852
4807
8904
4809
8908
10956
10957
2769
6866
6870
10966
8918
6872
6874
6875
10971
2781
6878
10975
2784
6883
8935
10983
2792
744
10985
8937
10986
4844
2796
6892
4845
6894
4846
6895
10992
6898
2802
4851
756
4852
6901
8951
6904
11002
2811
765
769
4868
2823
11015
6919
2825
8969
11022
4878
11023
8976
787
11027
8980
2838
790
4887
792
11034
11035
4892
4894
8992
4898
802
2853
11047
808
11049
6953
11053
9006
2863
6959
9009
6962
6963
4915
11060
6967
2873
2875
6973
2878
9022
2880
6976
11073
11074
11075
2884
6981
11079
9033
9034
6987
2892
2896
9042
11092
2900
4948
854
4954
2908
11102
11103
4961
865
2914
11106
4963
870
9066
4971
876
4973
9071
2929
7026
2930
886
2935
4984
891
9084
4988
11133
2944
898
9093
903
9096
2952
5001
11145
5002
9098
2955
7051
7052
5006
5007
7056
2962
7059
2965
11157
7062
11164
11165
7069
11166
5022
7074
930
5028
933
2981
11173
936
937
5035
11180
11181
2991
9136
2998
951
3000
11195
9150
3008
7107
3012
11204
3014
5062
11208
970
3019
9165
3021
3023
7119
3025
978
9170
3028
9173
983
984
9176
9177
985
3035
987
7131
9181
9185
3041
11234
3048
1000
5099
9195
9196
11245
5102
1006
9199
11249
1009
9202
7154
3062
5111
3064
11259
7166
1023
1024
9218
7170
3075
3077
3082
11275
1035
9229
9230
7183
11281
3093
1047
5153
1058
7202
1060
1062
3112
11304
11305
1071
11315
11320
3130
5180
5183
7231
5185
9282
7237
7239
9287
9288
9293
5205
9302
5208
1114
7259
7260
5212
7262
5215
7264
3168
5217
7269
3173
1127
5223
1128
1130
1134
3183
5234
1140
7284
3191
7290
9338
1146
1148
5246
3200
1154
5251
5254
5256
5257
9354
1167
1168
9362
7318
5274
9371
9372
1180
7326
9375
5279
5283
9379
1189
9384
1194
7338
3243
5298
5301
3255
7352
7356
7357
1213
3262
9408
9410
1218
1221
5319
3272
1226
5323
5324
9420
5328
1235
5331
5333
3285
1241
5338
1250
9451
5355
1267
7413
1270
9463
1273
7419
5377
9474
3331
9475
9478
5387
7436
5389
5390
7440
7441
9492
3351
1303
5401
3353
9497
3354
9498
7450
3355
9500
5408
5410
5413
3366
7464
5417
9514
1324
3372
5421
1325
1329
3378
7477
7478
9527
3385
5433
5434
5435
7484
7485
3389
1342
5439
1344
9536
5444
3396
3399
7496
5451
9551
1362
5458
1366
3416
3419
1376
5472
1379
1380
5478
9575
1387
9580
3440
5489
1395
9591
5495
1405
1406
3457
1409
1411
3460
3462
3463
1415
9609
3466
9611
7564
5521
3474
5523
9619
5525
3477
7579
5531
9634
1445
1446
7590
3494
9639
7593
5547
9645
3501
3502
5552
1458
5554
7603
3508
1460
3509
3511
1466
1468
5564
9660
3518
3519
1474
3523
3525
7622
5575
7623
1481
5578
5583
3543
1500
3549
9696
1508
7654
3560
3561
9708
3565
1517
5615
1520
9714
3571
5619
3572
9716
1528
9722
7678
7680
3584
1537
5634
3587
5641
3595
9742
9743
5653
9750
3607
7704
5657
9753
3612
7708
1566
1567
7715
1575
3624
3629
5678
3632
3635
1588
7732
1589
5686
5687
3644
1602
1607
5703
7751
7753
5710
5711
9808
3665
3666
1619
3669
5718
5720
3673
1625
9818
1627
9821
3680
3681
1634
5731
1635
7781
9831
3690
3691
7791
3699
5747
3700
7807
5761
9858
1667
7813
7814
5769
9865
9866
1676
3727
3733
1687
9881
1690
5789
5795
1700
9895
5801
7849
7852
3758
7856
7857
1714
9908
5813
9911
1720
1721
1722
1724
3773
7872
3776
9921
3778
1731
7882
5835
3788
9932
5839
1745
7891
1749
1751
3801
7900
3804
5853
7901
5855
1761
7905
1762
9960
7913
9963
3820
7917
9966
3823
1775
7920
1778
3837
7933
1791
5890
7941
9989
5897
7946
10001
7953
10007
5912
1822
10016
3872
1828
1829
5925
5927
7975
5928
3881
7978
7979
1838
7982
3886
7984
10034
3890
7990
3896
5946
10042
1852
3900
7996
3901
10046
3903
3904
3906
1859
8004
3912
5962
8019
1875
10068
5973
5975
1882
10076
8032
1891
1893
8037
5990
3944
3946
5995
10093
8047
1903
3952
6000
3953
1906
8056
1917
10109
1922
8067
3973
3974
8072
6026
10124
3983
8081
1937
1938
6036
1941
10133
1943
10137
10140
3999
4000
1955
4004
4010
1963
10156
1964
8109
4013
4014
6066
6067
10164
4021
10165
8118
8123
10172
8126
4033
8131
4036
1989
8135
8138
10186
10187
1997
10190
6095
6097
4050
10194
6098
10196
8150
2006
6104
6115
10214
4070
2022
4071
8167
6120
6121
10219
8171
4076
4078
6129
4082
2034
8178
4083
2035
2036
8184
2040
2044
8190
3
179
43
47
