278
0
2
3
515
1030
2054
6
1543
2057
524
15
16
2065
1043
26
539
547
548
1060
1061
1573
39
1065
1578
44
45
1581
558
564
1078
1079
1081
1595
1084
573
1085
1086
68
581
70
1095
1608
72
585
1098
74
587
1611
1100
77
1104
81
1106
1619
1108
87
600
1112
1624
1114
602
604
1630
1121
1636
1637
102
1639
617
1129
1132
108
113
635
124
1148
1150
1152
132
645
134
136
137
140
142
1168
1172
1686
665
1690
668
1693
671
160
1696
1185
161
1701
1192
170
172
173
688
177
178
183
1720
1721
699
1726
1727
706
709
711
712
200
1737
716
1743
1745
1746
723
1747
725
727
1751
1243
1245
222
224
736
1763
1253
1769
745
746
1778
754
755
1270
250
765
767
1792
768
1793
772
773
1797
1285
1289
271
1296
784
787
277
790
1303
1307
1820
290
1830
299
1838
1327
1331
309
1853
830
1855
1860
1348
325
1350
332
1868
1356
1872
336
1364
1365
1878
1367
1884
1373
863
866
1379
1381
870
874
363
1901
1389
1393
1394
371
1910
1915
891
1408
897
1411
899
1412
1925
1927
905
395
1931
1934
401
1428
1431
407
1944
408
1945
409
1946
1435
1437
1440
417
932
1956
1444
1446
1447
1960
936
1452
1454
942
434
439
1464
954
1980
956
446
1471
1472
448
962
964
1477
457
969
458
974
465
1491
467
980
476
477
479
480
481
1511
2023
2025
1002
491
2027
2029
1009
498
2036
1525
1527
2039
1017
506
1532
1533
1021
22
2
98
4
5
107
76
78
47
144
145
146
19
83
149
55
152
154
122
60
158
94
126
