278
1025
2049
1538
515
3
2052
2056
1545
11
523
1550
15
2065
1043
542
544
545
547
548
1060
1066
44
1070
1582
558
1584
1585
50
564
1589
54
56
1081
1595
1084
1085
1086
1599
1600
1089
577
67
68
1604
584
1608
1098
1611
587
77
81
87
1624
600
1114
604
605
1630
1120
96
98
99
1123
1636
614
1639
105
618
108
1132
113
1143
1656
1145
634
635
124
1661
1154
134
1671
1160
1673
650
1674
139
142
657
1170
1172
1684
1685
1687
665
1693
670
671
1183
1190
1703
170
687
1206
695
183
1721
186
699
1212
1730
709
711
1735
200
1736
712
1737
716
1745
1747
723
1237
215
727
218
1243
222
224
739
1769
745
1775
752
241
244
1274
1792
1281
1795
772
1285
1797
773
264
1289
1291
782
1809
787
1811
1812
1813
789
790
1818
1822
1313
1318
1830
807
299
300
1324
301
1838
1330
1333
309
823
827
1339
316
1853
1857
1860
325
1350
326
1351
1353
843
1356
1868
334
1873
340
1876
1878
1879
859
860
863
1891
868
873
1897
361
874
363
367
372
885
1400
1404
897
1922
1411
1927
1416
905
1929
1417
1418
395
1420
1422
401
1428
1944
1946
1435
412
1437
1441
417
1444
932
421
1446
423
1447
1959
1960
1452
941
1454
944
947
439
953
954
443
1469
1471
960
448
456
969
458
461
1485
462
974
467
980
469
470
2014
2016
480
483
997
2023
488
489
2025
1001
1513
1002
491
2027
1009
498
1525
1527
506
1532
511
19
32
96
33
65
130
2
5
69
71
8
44
142
144
51
55
56
25
122
93
