273
1025
1538
514
515
3
2052
1030
2054
1542
523
2062
527
15
1043
532
1051
545
547
548
1060
1061
552
1578
44
1581
45
1070
50
564
1590
1079
1595
60
573
1085
1086
63
576
1600
64
1601
68
1605
1606
1096
1608
1098
74
1611
587
77
81
1108
1621
87
1624
1112
1114
92
1116
604
93
96
1636
1637
1639
105
617
619
1132
1133
1135
1136
629
119
633
634
124
637
1150
1152
645
134
142
1680
1168
657
146
1172
1685
1693
160
162
674
1702
1192
170
172
173
174
178
1206
695
183
186
699
1212
194
709
1735
711
200
712
714
716
1745
723
1747
212
1748
1237
727
218
1243
222
224
1249
739
1251
1253
745
1769
1771
748
753
754
1270
250
767
1792
1281
772
1797
773
1289
782
1296
273
787
1812
1813
790
1303
1818
1820
1822
1311
1825
1314
805
1830
1318
809
299
811
1838
1841
1329
1330
307
308
1333
823
1848
1855
1860
325
1350
1351
1352
1868
1356
1872
1362
340
1876
1364
1878
1367
860
1373
353
868
873
361
1385
874
363
1901
879
1392
369
884
1404
1916
383
1408
897
1924
1925
902
1927
1929
395
1933
401
916
1428
1431
1944
1435
412
1437
927
1440
416
417
418
932
1956
933
1960
1452
942
430
1454
948
439
1464
443
1980
956
960
1472
1986
1475
964
456
969
458
1483
971
972
461
462
467
980
982
477
480
2019
2023
488
1002
1009
1011
1525
1527
504
2042
1530
506
1020
18
128
32
65
5
37
133
71
104
44
76
47
114
83
147
148
55
158
127
