263
1536
1538
2
515
3
6
1030
1034
11
1550
2062
15
1043
542
544
1570
547
548
1065
1578
1066
45
1581
558
50
54
56
1595
571
1085
573
1086
1599
1088
576
1603
68
581
70
584
1608
585
1098
587
589
1619
1108
85
87
1112
1624
1626
1114
604
93
1120
96
99
611
1636
1639
1129
105
618
107
108
1644
1132
110
1135
1650
627
119
1145
634
1149
1152
1668
1156
1671
1672
649
1673
139
142
1168
1173
1687
665
1183
160
674
1702
1192
170
173
174
687
177
178
1206
695
1721
699
1726
1214
1220
1222
1735
716
206
207
1745
722
723
215
727
1240
218
1242
1758
222
224
227
1763
1767
745
1769
746
754
1273
250
1276
1792
1794
772
1285
773
262
776
1289
779
782
273
1812
789
1813
277
790
1303
281
1818
1307
1820
1822
290
1830
1318
1322
299
1324
300
1838
1327
1329
1331
1333
309
1334
1853
830
1855
1344
1856
1860
325
1350
1351
331
332
1356
1868
1359
1361
1362
852
1876
1879
343
859
1884
352
1381
873
362
363
1901
1393
370
372
890
1408
897
1922
1412
1926
1927
395
1422
1425
914
1939
1428
1431
1944
412
1437
927
415
417
1442
1956
933
421
1960
939
428
941
942
1454
1967
434
947
439
953
954
1980
447
1471
960
453
969
458
1483
467
980
480
2016
481
2018
1509
2023
488
1001
490
1006
1527
1015
2039
1017
506
1532
1021
21
32
64
128
129
161
44
109
142
14
111
146
83
151
119
56
24
154
90
93
158
94
