125
1025
1538
2
515
3
773
6
11
787
1813
1046
790
26
1820
1822
545
290
547
548
805
1830
299
1324
558
1838
1585
1331
309
1333
54
571
1595
1085
1086
1855
1599
1344
68
1860
581
325
1350
1608
587
849
1108
852
1876
340
1879
87
604
860
1379
1636
1639
1129
874
363
108
1900
1132
1650
627
1912
634
891
124
1408
897
899
1412
645
1927
139
395
142
1168
1939
1172
1428
149
1944
665
1437
415
160
417
1956
420
421
933
1960
936
1452
173
942
1454
177
434
439
1721
699
1727
1471
960
1735
969
458
1745
470
727
1242
222
480
2018
1763
745
1769
1002
234
1527
1017
506
1532
9
98
146
83
119
135
71
142
94
63
