290
1536
1025
1538
515
3
2052
6
1032
1545
1034
2058
523
1548
1550
15
2065
1043
531
532
31
544
545
547
548
1060
1061
1575
1577
1578
1066
44
1581
558
1070
47
50
564
56
1080
1082
1595
1085
573
1086
1088
1089
577
68
1604
70
1095
584
585
1098
587
1611
77
1616
81
1108
1621
87
1624
600
1625
1114
1626
604
1116
605
1118
96
1120
98
1122
99
1636
102
1639
105
108
1132
1133
1136
113
629
1143
634
635
636
124
1154
131
132
645
646
1672
648
142
1168
1684
1172
1687
665
1693
670
671
160
1185
1192
170
1194
1707
171
174
1206
695
183
1721
699
1730
1220
197
709
1735
711
200
712
714
202
716
204
1745
723
214
727
1240
1752
1243
1245
222
224
225
230
1767
1257
233
1769
745
1773
241
1781
1273
1792
1281
772
1285
773
1289
1294
273
1809
274
787
1812
1813
789
790
1303
1818
1822
1310
1830
1831
299
811
1324
300
1838
309
823
1338
1339
316
1855
1860
325
1350
1351
1866
331
1868
1356
1360
338
1876
343
860
863
1891
868
362
874
367
879
1907
885
1397
1400
379
1403
1405
897
1412
1927
1930
395
1931
1420
1427
916
1428
1944
1435
412
924
1437
417
1441
932
1444
421
933
1446
1447
1960
428
1452
941
1454
947
439
440
953
954
956
1471
448
960
1985
962
452
964
1991
456
969
457
458
461
974
462
467
980
2005
1493
982
1501
1504
480
2016
993
1505
2017
2023
2025
1001
2026
1002
1517
498
2036
1525
1526
2039
1527
2040
2042
506
1020
1532
19
32
96
0
129
67
100
5
71
44
12
111
15
117
149
55
153
25
122
93
