345
1538
515
3
2052
1029
6
522
1034
15
2068
1046
542
544
545
33
1570
547
548
1060
36
1061
39
553
1065
1066
44
1581
558
1585
1587
564
54
1590
1078
1080
1082
571
1595
572
573
1085
1086
64
576
1088
68
580
1604
70
1095
1608
585
587
1100
1616
81
1617
1108
87
599
1624
601
1625
604
605
98
1122
99
611
1123
1636
614
102
1639
1129
618
107
1644
1132
108
1133
622
1136
627
1143
1145
1147
124
1665
131
132
645
134
1671
1672
649
1674
138
650
142
1679
1168
146
1171
149
1686
665
1690
667
1691
1693
670
1185
1186
1701
681
170
1707
174
177
1714
1717
1206
695
183
1721
1210
186
699
1726
1727
1216
704
1220
711
1735
200
712
1737
1225
714
202
204
716
1743
1745
722
723
1747
725
1239
727
1752
1755
1245
222
224
739
1763
230
745
1769
746
748
1773
751
241
1778
1781
1792
768
1793
258
1795
1285
1797
773
776
1803
1294
274
787
1812
789
1813
790
1303
793
1818
1313
290
1830
1318
809
811
1837
1838
1327
1330
1333
309
1334
1335
1848
313
1849
316
1855
1344
1348
1860
1349
325
326
328
1354
331
843
1868
1360
849
852
1876
1877
854
1878
1879
859
353
868
1381
870
361
873
362
874
363
876
1388
1900
879
367
1903
880
370
1907
372
1908
885
1397
887
1912
1400
1403
897
1922
1411
1412
1926
1927
1929
395
1931
1420
1933
397
1422
1936
1939
1428
405
1431
408
1944
409
1435
923
412
1437
415
417
1444
932
933
1446
1447
935
1960
1963
1451
1452
1454
1969
1974
439
440
1977
954
1467
956
1469
1471
960
1986
962
964
453
969
457
458
1483
465
980
1493
1496
2011
477
480
2016
481
2018
996
2023
2025
2026
1002
491
1006
2033
1009
2036
1525
1013
2038
1526
1527
1017
2042
506
1532
1020
2044
1021
509
1535
24
96
0
32
33
67
4
100
135
104
42
75
43
78
111
146
149
119
55
56
154
157
127
63
95
