231
1025
2
515
3
1540
1030
522
523
15
27
31
544
34
547
548
1061
552
1066
1578
44
45
558
1585
54
55
56
1082
1595
571
573
1085
1086
1600
67
1604
580
68
581
1608
587
81
1108
87
1112
1624
1114
1628
604
1116
1125
1639
617
618
107
108
1644
1132
1135
1136
627
1143
1656
1145
634
124
1152
1668
645
1671
142
1168
657
1170
1172
1684
149
665
1693
160
161
162
1703
170
1195
173
687
178
1716
694
1721
1210
1723
699
1730
709
1735
1224
712
716
1745
722
212
727
218
1243
222
224
225
229
743
1768
1769
745
746
754
755
250
766
1792
1281
772
773
1285
776
1803
1809
787
1812
789
277
1813
790
1303
1818
1307
1820
1314
1830
1318
1324
1838
1329
1330
1331
820
309
823
1336
830
1855
1344
1860
325
1350
326
1351
1353
843
1868
332
334
1876
852
340
342
1878
1879
859
860
352
874
363
1901
370
372
1909
380
1408
897
1411
1412
1924
1926
1927
1418
395
1426
1939
1428
1944
1945
412
1437
417
1443
932
1956
1444
933
1960
942
1454
434
439
954
1470
959
1471
960
456
969
458
461
467
980
480
2016
481
2018
2023
488
2025
1002
493
1009
2035
1525
1013
1527
1532
1021
15
32
71
8
108
81
83
148
119
56
152
25
91
60
158
94
