301
2048
1536
1025
2
1538
515
3
6
11
15
2067
1043
1046
26
1052
544
545
33
547
548
36
550
552
1066
1070
558
1071
1585
564
54
56
1081
569
570
1595
59
572
573
1085
1086
1599
63
579
67
68
581
1608
73
587
1611
589
81
1105
1108
87
1624
604
605
1630
96
99
1636
614
1639
615
105
1129
618
108
1132
1133
110
1648
1650
627
1656
1145
634
124
1661
637
1154
1668
645
134
1671
135
1673
649
137
138
650
139
142
1680
1168
146
1172
1173
149
1685
1176
665
1178
668
1693
670
1183
160
674
1702
1703
169
170
173
174
1713
177
1207
1721
699
1723
1212
1727
703
707
1732
709
197
1222
711
1735
1736
200
712
1737
716
1745
722
1747
727
1240
1755
222
224
1763
745
1769
1775
242
1273
1792
1281
1794
1285
773
776
782
1810
787
1813
277
789
790
1303
281
793
1818
1307
1820
1822
1313
290
1830
1318
807
811
299
1324
1838
1331
309
1333
1852
1341
830
1855
1860
1349
325
837
1350
1352
328
1867
849
1876
340
1878
1879
860
353
866
1379
867
868
1380
874
363
1900
1906
883
372
887
1912
891
379
383
1408
897
1922
1411
899
1412
1927
1929
1417
395
1933
1422
399
1428
1944
1433
1434
1946
1435
412
1437
927
1952
417
1442
1444
932
420
1956
421
933
1446
1447
936
1960
938
1452
429
942
1454
944
434
1974
439
954
1978
1980
956
1469
1471
960
1986
962
451
457
969
458
1483
461
975
980
982
470
477
2014
480
483
1509
2023
488
2025
1002
2026
491
493
1006
1527
1017
506
2042
1532
1021
509
22
64
97
98
5
135
71
72
104
8
43
44
142
144
114
146
83
19
21
56
90
94
63
