311
1536
1025
2
1538
515
3
6
1034
2058
523
15
2065
18
1043
2067
532
1046
27
544
545
547
548
1060
1061
1573
550
1066
1578
44
1581
558
559
1583
47
1585
561
1077
54
1082
1595
571
572
1085
573
1086
1603
67
580
68
1605
581
70
1608
1098
587
1611
1100
77
589
81
1108
1109
87
1624
600
1625
1114
604
99
611
1636
102
1639
107
1132
108
1644
1133
113
1649
627
634
635
124
1660
1666
1668
132
1156
645
134
1672
1160
649
1674
141
142
1679
1168
1171
1172
149
665
1693
670
160
1185
170
1194
173
175
687
1715
696
1721
1210
698
699
703
1730
707
1220
709
1735
712
1224
1738
716
204
1745
722
723
1748
727
1752
1243
1755
1245
222
1758
224
226
739
1252
1767
743
1769
745
234
746
1773
244
1269
1792
1281
1795
1285
773
1798
776
264
1289
1803
787
1812
789
277
1813
790
1303
1818
1820
1822
1824
1830
1318
808
809
299
1838
1330
1331
309
823
824
1336
1339
1342
830
1855
1344
1857
1860
325
1350
326
1351
841
331
1868
844
1356
334
1359
849
340
852
1876
1878
1366
1879
1880
1371
860
1373
863
868
361
1897
874
362
363
1900
1396
1909
1912
379
380
1404
383
1408
897
1922
1412
1924
1926
1927
395
1426
403
1939
1428
1943
1944
412
1437
415
927
417
1442
1443
932
1956
1444
933
934
1960
1452
941
1454
942
434
439
953
954
443
1467
1470
1471
448
960
1985
1986
962
456
969
457
458
1997
974
1998
1999
464
2001
467
980
472
1503
2015
480
2016
2018
483
998
2023
488
2025
1513
1002
2026
493
1009
498
1011
2036
1525
1013
1527
1532
1021
2047
19
32
129
65
131
135
39
71
139
111
81
83
51
149
119
122
91
156
94
63
