317
1538
2
3
515
6
1030
2057
15
2065
1043
1046
26
539
1052
544
545
547
548
1060
1061
1573
1065
1578
44
45
558
1587
564
54
55
56
570
1595
571
59
572
1084
1085
573
1086
1600
1602
67
579
68
580
581
1093
1605
70
1608
585
73
1098
1611
587
1105
81
1619
1108
87
1624
600
1112
1114
92
604
605
606
96
99
611
1636
614
102
1639
105
1129
617
618
107
1644
108
1132
113
627
631
119
1145
635
1660
124
1152
132
644
645
134
1671
136
137
650
651
140
142
1680
1168
656
1172
1176
665
667
668
1693
670
160
674
1702
170
173
688
177
178
1207
696
1720
1721
1210
1723
699
1726
703
1732
709
1222
711
1224
200
712
1738
716
1745
722
723
1747
212
726
727
1751
1755
222
224
225
1763
227
745
1769
746
1775
754
1272
250
1792
1285
773
776
265
1289
1803
1291
1810
787
277
790
1303
1818
1307
1820
1313
290
1830
1320
1838
1327
816
1330
1331
309
1334
1341
830
1342
1855
1856
1344
832
322
1860
325
1350
327
1867
1356
1868
332
852
1876
340
1879
1880
859
1884
863
352
1890
866
867
1379
868
1380
1381
874
363
876
1901
877
1392
1393
370
883
372
1396
1910
887
1912
891
1915
383
1408
897
899
1412
1926
1927
905
395
1422
911
1426
1939
916
1428
1944
1945
1435
1437
415
1441
417
1442
1443
932
1956
1444
934
1958
936
1960
938
1963
1452
942
1454
944
434
439
954
1467
956
1469
446
1471
448
962
969
458
974
463
467
1491
980
477
1503
479
480
481
1506
2018
2023
1511
2025
1513
1002
2026
493
1009
498
2036
1013
1525
1527
504
1017
1530
506
1532
1021
509
19
98
2
131
37
5
44
146
19
83
21
119
56
152
154
122
60
94
158
63
