185
1792
1281
2
3
773
522
1803
527
1043
2067
1812
532
1813
790
1303
1818
1820
1822
544
547
1830
1318
556
558
1838
1330
50
1331
309
54
1334
823
1336
56
571
1595
1085
1342
1086
1855
1344
1856
1600
578
67
579
580
68
1860
1605
581
325
326
70
1350
1351
1608
1611
587
78
81
852
1108
1876
1879
87
1880
1624
859
860
92
604
1116
606
1887
96
99
611
102
1639
105
1385
107
1644
1132
367
1136
1392
370
627
1396
1909
629
1143
633
634
379
380
1660
383
1408
897
132
1412
1926
1927
650
395
142
1680
1168
1426
1939
1172
916
1428
1944
1434
1435
667
1693
1437
670
415
160
1441
417
674
162
1442
1443
1956
932
933
934
1960
170
173
942
1454
434
439
696
1721
1467
1981
703
1471
962
1730
709
1222
1735
711
1224
456
200
712
969
1738
458
716
1745
980
222
1503
2015
2016
224
480
2018
488
2025
745
1769
1002
493
2036
1013
1525
1527
1272
1530
506
1532
11
32
81
131
83
148
37
5
119
71
44
94
