244
1025
2049
2
3
515
6
11
15
2065
1043
2067
534
1052
542
545
547
548
1060
1061
39
1578
1066
44
1581
46
558
1585
1082
1595
59
1085
1086
1599
579
68
581
70
1095
1608
585
1098
74
587
1611
1100
77
81
1105
1108
87
600
1624
1114
604
1121
1122
99
611
1636
1637
1639
617
1132
622
1136
113
1650
1143
633
634
635
124
1152
644
645
1673
650
142
1168
1172
149
1686
665
1690
1693
160
170
173
174
1207
1721
699
1726
703
707
1732
709
1735
711
200
1224
716
1745
722
723
1748
727
1243
222
224
745
1769
234
746
1775
1780
1277
1792
773
1289
1803
782
1809
273
1810
1813
277
790
1303
1307
1820
805
1830
299
811
1324
1838
1327
1331
309
1845
1335
1339
1853
830
1855
1348
1860
325
1350
326
1867
1868
1356
1872
849
1365
860
1373
863
866
1379
868
1381
1900
883
372
887
891
379
380
1408
897
1922
899
1412
1927
393
395
1931
401
1426
1428
408
1944
409
1434
1435
1437
927
415
417
1443
932
1956
420
421
933
1446
1447
936
1960
1452
942
1454
943
434
1974
439
953
954
1471
448
960
962
451
964
969
458
1483
461
974
463
467
980
1493
470
2015
480
481
2023
2025
489
2026
1002
493
1009
498
1525
1527
506
1532
1021
509
15
0
98
4
5
71
135
76
142
81
83
115
21
154
122
94
