290
1025
2
1538
3
515
1029
6
1034
522
1550
15
1043
1046
537
544
33
545
547
36
548
1060
37
550
553
1577
1066
44
1581
558
1070
1585
54
1595
571
1085
1086
1600
1089
1601
579
1603
68
580
1604
581
1605
70
1606
1095
1608
1096
74
587
589
1617
81
1108
87
1624
600
604
92
606
1120
96
98
1123
99
611
1636
614
1639
105
617
618
107
1132
1644
1133
627
1141
1143
1145
634
124
637
1668
1156
645
1671
1672
138
142
1680
1168
1172
149
1687
665
667
1693
670
671
1183
160
674
1702
1192
170
173
688
695
1721
1210
698
699
194
1220
197
1222
1735
1223
711
712
200
714
716
204
1745
722
723
211
1748
727
1243
222
224
1251
1252
1767
1769
745
234
748
1775
241
1792
772
1285
773
1797
1803
782
1809
787
1813
789
277
790
1303
793
1818
1307
1820
1822
1313
1830
811
1324
300
1838
1841
1330
1331
307
309
1333
1334
1848
1855
1344
1856
1860
837
1349
325
1350
326
328
1352
843
331
1868
1359
1872
849
1361
1876
852
1877
1879
343
859
860
1373
1891
868
361
362
874
1900
1388
876
879
880
1392
370
372
1398
887
1402
383
1408
897
1924
1412
1926
1927
395
1422
914
1939
916
1428
1431
1944
1435
412
1437
415
927
417
1442
418
1444
932
1956
933
1957
1446
1960
938
941
1454
942
1969
434
948
1974
439
953
954
1469
1471
1987
964
969
458
1483
461
464
978
980
982
477
480
2018
2023
2025
1001
1002
2038
1527
504
506
1530
507
1532
1020
509
17
96
37
135
71
42
43
44
76
111
114
83
119
56
57
93
94
127
