268
2
3
2051
1029
6
1030
1034
15
18
1043
532
539
545
547
1572
1061
550
1578
1066
44
45
558
1585
50
564
54
55
1082
571
1595
1086
1600
1089
67
1603
580
68
1605
1093
70
1095
1608
1096
74
587
1611
1106
1619
1108
87
1112
1625
1114
604
92
1122
98
99
611
1636
1125
102
1639
617
1643
107
1132
1644
1135
1136
627
634
1660
124
1152
1666
132
1156
1668
645
1672
649
650
142
1679
1168
1680
1172
1684
149
1176
665
667
670
160
1185
170
173
178
1716
696
1720
1721
699
1214
703
1730
1220
709
1735
1224
200
712
1738
716
204
1745
723
1748
212
1238
727
1752
218
1243
1245
222
224
225
1251
1252
745
1769
234
1773
241
754
1781
1272
250
1792
1281
773
1289
1803
1807
1809
274
787
1812
789
1813
277
790
1303
1818
1820
1822
1314
805
1830
1318
811
1324
1838
1329
309
1334
823
1339
1342
1855
1344
1856
1860
325
326
1350
1351
331
1868
1356
332
1359
1872
849
852
1876
1879
1880
859
1371
1884
860
352
866
1379
868
362
1900
876
1901
367
1392
1396
891
379
383
1408
899
1412
1926
1927
1418
395
1426
1939
1428
916
1944
1435
412
1437
415
417
1442
932
1956
420
933
934
1447
1960
936
1963
1454
942
439
953
954
1467
1471
451
456
969
458
461
1998
467
980
1493
480
2016
2018
2023
2025
1002
2026
1011
2036
1525
1013
1527
506
1530
507
1532
2047
15
32
0
96
98
131
37
135
71
76
111
19
83
149
119
158
