233
1536
1025
2
3
6
1545
1034
2058
15
2065
1043
532
544
33
545
547
548
36
1061
1575
1066
1578
44
1581
558
561
50
56
1082
1595
573
1600
1089
1602
68
581
1605
1093
1095
584
1096
1608
74
1098
587
81
1108
87
1624
600
1114
92
606
96
98
1122
1123
99
1636
614
1639
105
617
618
108
1132
1133
1136
113
627
1143
1145
634
635
124
645
1671
1672
650
142
1168
1680
1172
1684
665
1693
670
671
160
1192
170
1194
1706
174
1721
699
1730
1220
1735
711
200
712
204
206
1745
723
727
1752
1243
222
224
225
1251
1767
745
1769
241
1781
1792
1281
773
776
1289
1291
1809
273
787
1812
1813
789
790
1303
1818
1307
1822
1824
1313
1830
1318
299
811
1324
1838
1331
309
823
1339
830
1855
1856
1860
325
1349
837
1350
1351
328
843
331
1868
1872
1876
1365
1879
343
859
860
1373
863
868
1385
362
367
372
887
897
1412
1927
395
397
1427
916
1428
1944
412
1437
417
1444
421
933
1447
1960
938
1452
1454
434
948
439
953
954
1980
1469
1471
448
456
969
458
461
974
467
980
2005
1493
1501
2016
480
993
2023
2025
2026
1002
1517
498
1525
2038
2039
1527
504
506
2042
1530
1532
509
14
32
96
0
129
37
71
43
44
76
111
56
153
122
94
