241
1025
1026
2
515
3
6
1030
1034
523
15
1043
539
544
545
547
548
1061
1066
1578
44
45
558
1585
54
55
1081
1082
571
1595
1085
1086
575
67
579
68
580
581
70
1095
1608
1098
587
1611
77
589
81
1619
1108
87
1624
88
1112
1114
604
1630
1122
611
1636
614
1639
618
107
1643
108
1644
1132
622
1136
627
1145
633
634
124
1661
645
134
1671
1672
650
142
1168
1171
1684
149
665
667
1693
160
170
174
178
1720
1721
699
1212
1214
1216
706
1731
1220
709
1735
711
200
712
1737
716
1745
722
723
727
222
224
1249
739
1767
1769
745
234
1775
754
1781
250
1792
1281
1795
1797
773
1289
782
1809
1813
789
790
1303
1818
1820
1313
1825
1314
1316
1830
811
299
1324
1838
1331
309
1334
1339
1853
830
1855
1344
1860
325
331
1868
1356
849
852
340
1878
1879
859
860
1884
352
866
1890
868
361
362
363
876
1900
1901
370
372
885
891
1404
895
383
897
1922
1411
899
1412
1926
1927
401
1939
1428
1944
1435
412
1437
415
417
932
1444
420
933
1446
934
935
1447
1959
1960
936
1452
1454
434
439
954
443
1467
1469
445
1471
960
451
964
969
458
464
467
980
1493
477
480
2018
1511
2026
1002
1006
1009
1527
506
1532
13
0
65
98
5
71
135
111
144
119
56
94
158
95
