207
2
515
3
1030
6
1542
522
1034
15
1043
2067
532
26
547
1066
1578
45
558
50
54
55
56
1595
571
573
1086
67
1603
68
580
581
1608
1098
587
81
1106
1619
1108
87
1624
1112
1625
1114
604
96
1125
102
1639
616
105
1129
107
1644
1132
1133
1135
627
1143
1655
119
634
1152
132
1668
1156
134
1672
649
142
1168
1172
1684
665
1693
157
160
1185
674
173
177
178
1721
699
1214
1730
1220
709
1222
1735
1224
716
1745
722
1747
723
1748
727
1752
218
1245
1758
222
1763
1767
1769
745
1773
754
250
1792
1281
773
776
1289
1803
1812
1813
277
789
790
1818
1820
1310
1822
290
1314
805
1318
1830
1324
1838
1329
1331
820
309
823
1336
830
1855
1344
1860
325
1350
326
1351
331
1356
332
1359
852
1879
343
860
1884
362
1901
1909
379
380
383
1408
897
1412
1926
1927
1426
1939
1428
1944
1433
412
1437
415
1443
1444
1956
932
933
1960
942
1454
434
439
954
1467
445
1471
962
456
969
458
1998
467
980
2016
480
2018
2023
2025
493
2036
1525
1013
1527
1017
506
1532
12
32
81
146
83
149
71
119
104
44
94
158
111
