322
2
515
3
2051
6
1030
1542
1034
15
1041
2067
1043
539
544
545
33
547
1059
548
36
1060
1061
550
38
1066
42
1578
45
1070
1585
50
564
54
56
569
570
1082
1595
573
1086
63
579
67
1603
68
581
1095
1608
73
1098
587
1611
589
80
81
1106
1619
1108
87
1624
600
1112
1114
604
605
1630
96
1122
1636
1125
614
1639
1129
105
618
1643
108
1132
1133
1136
1650
627
116
1141
119
1656
1145
634
124
1661
637
127
1152
1666
1668
1156
645
134
1671
135
1672
137
649
138
650
142
1679
1168
146
1170
1172
1173
149
1176
665
1690
668
156
1693
670
1183
160
674
1702
1703
1192
170
173
1710
177
178
1720
1721
699
1730
706
1220
709
197
1222
711
1735
1736
200
712
1737
716
1745
1747
723
1238
727
1752
218
222
1758
224
225
1249
1763
1766
1767
745
1769
234
747
1775
242
754
1781
250
1792
258
773
1797
776
1289
782
1812
277
789
1813
790
1303
793
1818
1307
1820
284
1822
1313
290
1314
1830
1318
807
811
1324
1838
1329
1331
819
309
1333
1845
1339
830
1855
1343
1860
1349
325
837
1350
1351
1352
328
1353
331
1868
1356
332
1359
849
1876
1878
1879
343
1884
352
353
866
1379
868
1380
870
1383
362
363
1900
1901
372
887
891
383
1408
897
1922
1411
899
1412
1927
1929
1417
1418
909
1422
399
1428
1944
1434
1946
1435
412
1437
927
417
1442
1444
420
1956
932
933
1446
1447
1960
936
938
1452
942
1454
944
432
434
1974
439
954
1978
956
1469
1471
1986
451
964
457
969
458
1483
467
980
1493
982
477
2014
480
2016
997
2023
1511
1002
2026
1006
1011
1525
1527
1017
506
2042
1532
1020
509
2047
21
64
32
0
98
5
135
72
104
8
43
44
111
144
114
146
82
83
19
56
94
158
