170
1792
1281
2
3
2051
773
6
1289
1034
2058
1803
15
2065
18
1043
532
1812
277
789
1813
790
1818
1307
1820
1822
1830
1318
550
1578
1324
1838
558
1585
50
1331
309
1845
823
1595
1086
1855
1603
1860
68
325
581
1350
70
1351
1608
331
587
1611
1356
1359
81
849
1108
87
1624
1880
600
1114
604
860
863
866
1379
99
102
1639
362
1132
1900
113
1396
633
634
891
635
379
124
1660
383
1408
1152
897
1666
899
1412
1668
132
1156
1927
1672
1418
650
142
1679
1168
1172
1428
149
1944
665
1435
412
1437
1693
670
160
417
1441
1442
1956
932
420
933
1960
936
173
942
1454
434
1715
439
696
1721
699
1471
703
962
1730
451
1220
709
711
1735
200
456
1224
969
458
1738
716
1998
974
1745
467
723
1748
980
727
222
480
2016
1252
1767
745
1769
1002
234
498
1011
1525
1527
1272
506
1532
2047
10
32
98
83
131
5
71
135
122
94
111
