1257
4098
6146
6148
6149
10246
6152
10256
6160
6164
2070
22
4121
10266
28
6172
6174
4127
35
36
37
6187
8236
6189
48
8241
8244
4150
2106
8251
10304
2114
67
10309
8261
4167
72
4171
4173
10319
4176
8274
2133
86
2136
2137
10330
10331
2140
4190
8287
6239
2144
102
10347
4204
2156
6254
10351
4207
6256
4208
2165
6262
10362
2176
2178
8323
10374
2184
6280
137
6282
4235
8333
2191
10386
4244
148
2196
2198
6295
2202
4251
2204
10396
2205
10398
159
6304
4257
10403
10406
166
2214
2217
4266
4267
4271
2225
8370
2230
184
2236
2241
8385
8387
4292
10436
2245
10439
2249
204
4302
10447
2258
211
6357
217
219
220
6364
2270
2271
2274
228
8421
231
6376
2281
6384
6385
241
10482
2290
8435
8436
244
2294
10487
10488
4350
254
10498
8452
6404
6405
263
4359
2313
266
8458
8459
2316
10511
6416
273
274
4371
2324
8469
8473
10522
4378
283
8478
2334
2336
6433
2337
8481
10529
10530
290
4390
10536
8488
10539
8492
10541
10543
2352
2354
308
309
10553
6458
316
8509
6462
318
6463
8512
4417
10562
2370
4418
2373
2375
2377
6473
8523
10571
4428
2384
4432
338
8530
10579
8531
2389
10582
2391
2392
4440
348
2396
2399
4447
352
10594
360
362
10603
2412
4461
6509
365
2416
6518
10614
8567
6527
8576
2433
10625
4482
8579
2439
8584
8585
4492
397
6541
10637
2445
400
10640
10643
407
410
8604
4510
6561
8610
6571
427
428
2479
8627
436
8630
438
2488
10681
4538
6589
445
2494
8638
8639
4544
4547
8644
4551
6600
6601
457
10698
8650
4554
458
8653
2511
464
466
2515
10708
10710
8662
2519
471
6620
482
8676
2532
2533
10726
8680
6633
4585
490
2538
8692
8694
6649
508
2556
8703
6655
2560
6660
8710
8712
2569
6666
522
524
4621
526
2576
8721
2579
6677
2581
535
4632
538
10778
4636
542
2590
10783
4640
4641
545
548
10789
2598
8742
8743
2600
10793
10794
10795
556
8750
10801
2611
563
4659
8757
2614
6710
8760
4664
10808
2618
2619
6717
574
2625
8770
8771
10819
8775
8777
4684
4686
2639
591
6736
10832
8785
2642
10836
4694
2648
10841
6745
4697
8795
8796
2654
607
6751
2656
6754
615
6759
2664
8811
4717
4720
8818
6771
2678
10872
10874
636
4734
8831
2687
2688
10881
2689
642
4738
644
6788
10885
8838
2695
10891
652
6797
4752
2704
6805
6810
4767
8864
4770
8867
678
6822
681
2729
2730
6826
10925
686
10926
6830
4783
2736
10928
8881
8883
4787
4789
8885
10933
8886
695
6841
2747
10942
4800
8899
10947
8900
6852
2756
6853
710
2759
2761
8908
8910
6862
4814
8912
720
2769
6866
6870
10966
6871
8922
6874
10971
10972
733
8926
4831
6881
2788
4838
10986
747
2796
6892
6893
2800
6898
4851
2803
756
6900
4854
10998
6904
6906
4860
11006
4863
2817
11022
6927
8980
788
6933
4887
792
8985
11034
6943
11040
802
4899
6947
4900
2853
6950
11047
11048
6953
4910
2863
9012
6965
4919
2871
9015
4920
2876
831
6975
4931
4932
6981
11077
2888
4939
2892
844
9037
11085
2894
848
6994
11092
6997
853
9045
11098
4954
7003
2908
861
4958
11102
864
11105
865
7011
4964
869
11109
870
9063
11114
2923
4971
7019
876
4973
7024
9073
7026
4978
9075
9079
889
11131
9084
11133
9087
7041
4994
7042
9097
5004
911
2960
2962
7061
2965
11157
9111
11162
9115
2972
5021
11166
9118
2976
7072
7074
930
11175
7081
7082
5034
11179
5035
2991
9136
9137
9139
11191
5050
5051
956
11196
5053
9150
5054
958
11199
7105
11203
3012
966
11207
969
5065
9162
971
11216
978
5076
981
985
5081
9181
9182
3038
9185
3041
9188
11237
11238
5096
3048
5097
1003
7147
1004
1009
7154
11250
11251
5111
7164
11261
9214
3072
11269
1030
11271
9223
5128
1032
5129
1034
1035
9229
5134
11278
3088
11281
5138
1043
7188
5140
9236
3093
5143
1047
7193
1049
7199
5153
7203
9252
11301
1062
1066
3115
5165
7214
5166
1071
9263
5168
1072
5169
7217
3122
3125
11319
3129
9273
7225
1082
7230
9280
7232
5185
3137
5190
3143
9288
9290
9292
1103
9295
9303
5211
9310
7263
7264
5217
7268
1125
1127
3175
7274
1131
5229
9328
9330
7282
5234
3192
7289
9341
5246
3201
5249
5256
5258
3211
7308
7311
3216
1168
5264
3217
3218
1171
7316
3224
3225
1180
9375
7329
1186
1187
1195
1197
3245
7349
3255
5307
7356
1213
3262
1215
7359
1218
1219
9412
1220
1221
5319
3272
3279
7377
9425
1235
5333
5336
5338
7388
5341
7391
7392
7393
3298
5347
9443
3304
9451
1260
9454
5359
5365
9462
9463
1271
9468
5374
3326
5377
1282
3332
5387
9483
7436
5392
3345
7442
3347
1299
7444
1301
1304
5401
3354
9501
7459
3366
5414
1318
1319
7464
3370
9514
5421
3376
3377
7474
1333
7478
9527
3384
3385
1338
1340
5440
1344
7488
3394
5444
1349
7496
7498
7501
5455
1362
7506
5459
7508
7509
1366
7511
1370
5466
7514
3419
9564
1374
3423
1376
5473
9571
1379
7524
9573
9574
9575
5480
3432
1388
1395
1403
1406
7552
3457
5506
3463
1415
1417
9609
3466
1419
5515
5516
5518
9616
7572
1432
7578
3482
7583
9634
7586
3491
1445
7592
5545
5548
3501
5549
5550
1456
7601
1459
7604
3508
3509
7605
3511
7607
1466
9658
7614
5566
7617
9666
3523
1475
3524
7622
7626
9677
7629
5581
7643
3547
5596
1500
3551
3552
9697
7649
5602
7654
5607
3565
7662
5616
9714
5618
7670
3574
7671
1528
7673
1530
9722
3585
7683
7685
9734
7686
9736
3592
3596
5646
1553
3602
3607
9751
9752
3612
9756
1570
1571
5668
9768
5673
5674
9770
9772
3629
5678
7726
9776
3635
1588
7733
5686
1591
5687
5690
5691
3645
5693
1600
5702
1607
3655
7754
3660
3661
1614
1616
5712
9809
3666
1619
5715
1621
7766
9816
1629
3678
1632
1634
5730
3683
9827
7781
7783
1643
3692
7790
9839
5744
3697
9843
5747
1652
3702
5752
1656
9852
1662
9855
5762
3716
1669
7815
7816
9866
9867
3724
5774
7825
9875
1684
9876
1690
5786
3740
5789
9888
1699
1700
9897
1709
9904
3761
5809
5811
9910
1719
9912
1721
5817
1722
3771
3773
1725
1731
7877
9926
1735
9927
9928
3786
9933
1742
5838
9941
1750
7899
5853
7901
3805
3808
1763
5860
7909
7910
5863
7912
7913
7915
9964
7916
5869
7918
1774
1775
3825
1781
1784
1787
1788
7933
3838
1791
1793
5893
7954
5912
10008
10010
3867
1819
7965
10013
10015
10016
3873
7970
1829
7973
5925
5928
3881
3886
10032
5937
10033
10034
1843
7990
10039
3899
3900
1852
3903
3904
3906
8004
10054
5959
3912
1865
1873
5970
8019
1877
5973
3936
3939
8037
5989
8043
3948
5997
10094
1906
10100
3956
8052
6004
3957
3959
10104
3962
3964
10108
3965
10111
1920
3970
3976
6024
10120
6026
1932
1933
3982
3984
1937
10129
3987
1939
8084
1943
8087
6039
1944
1945
8089
10140
3996
4001
4004
6052
6054
8103
4010
1963
10155
10156
1964
4014
10158
4015
10160
8114
10163
6067
10166
10168
6074
6075
10171
4031
8128
10181
6087
8136
10186
6091
8140
1999
8143
4047
6096
10194
6105
10201
4057
10203
10206
10208
10212
8165
4071
2023
10219
6123
8172
6125
2029
4078
8178
6131
2036
4084
4085
6134
2039
2040
4089
8187
8189
4093
6142
3
176
161
175
