153
1795
515
1284
1797
9
1034
11
1547
268
525
527
1039
1556
533
1302
790
1303
23
538
795
540
1052
1309
1821
286
800
1824
803
1059
1827
39
808
1579
1325
1070
47
1074
1588
565
566
1334
568
1593
1594
1339
573
63
1088
1345
1350
840
1102
1106
850
1620
340
84
1111
93
1631
355
356
1636
1125
1637
1638
870
358
104
1386
875
1387
366
1136
1393
1141
1145
377
1659
1403
637
127
128
640
1666
386
644
391
395
139
1419
1166
143
1167
656
1680
913
658
915
410
1442
676
165
1190
679
1193
170
1451
1452
944
176
1716
949
183
695
1721
1466
445
1470
1474
1730
708
1732
968
1736
1485
1742
1743
1746
1491
1235
469
1238
985
1245
734
481
738
739
1508
229
1512
745
1005
1776
1264
1523
1269
757
1017
1529
1021
254
2
37
125
