141
515
1284
1797
1546
1290
527
1553
1810
19
1556
532
533
1306
1052
796
542
1055
1824
1312
1826
803
1827
804
1317
38
39
1063
810
555
1323
45
1582
1328
48
819
1587
566
568
1593
1339
828
1597
1342
320
834
70
583
585
1098
1611
1614
335
336
850
1106
595
340
1620
1111
857
1370
858
1627
1374
1638
105
1386
1387
366
1649
1142
1143
632
1657
1658
891
637
381
128
1666
898
388
644
1160
138
1419
139
143
913
1685
1689
1695
159
417
161
1702
170
683
428
1196
1712
433
1458
949
695
1720
1721
704
960
193
1473
1474
451
1221
454
1478
967
712
1485
1741
1742
1490
1749
469
472
217
1500
1758
481
738
1508
1256
1512
1515
1774
1523
755
1525
1529
1021
1023
2
124
159
