157
1795
1284
772
1028
517
774
1032
1545
265
1292
1804
13
782
1807
1296
273
1042
1556
532
1559
1560
1562
1818
794
1819
540
1564
1566
287
1059
1060
1061
1829
1831
553
297
554
44
814
558
1071
311
312
57
1084
1344
832
577
833
580
1350
1095
72
329
76
845
1358
1616
1361
850
1620
89
1369
1114
607
96
353
355
1636
869
359
1385
1386
107
620
1391
1136
881
370
1141
1653
1403
1669
647
136
904
1417
905
395
396
1678
1166
910
657
1170
1426
1174
662
1434
1691
157
926
671
415
672
1441
673
165
1189
421
422
678
935
430
1712
688
1462
438
698
1722
955
1211
700
191
450
194
963
1731
969
457
1225
458
202
460
463
977
465
210
725
1238
475
1501
1504
993
1766
487
1771
1004
1782
503
761
1018
1019
763
1020
1532
1023
2
90
43
