135
768
1797
1542
1290
1293
527
533
25
538
1306
1052
796
1310
1824
1570
290
1827
1317
293
1319
39
1835
299
1583
816
48
1328
307
819
1077
1593
1339
1597
320
65
1092
326
839
1610
1611
77
1614
591
335
340
1365
1110
1111
857
860
1374
97
1125
1638
871
1387
878
366
1136
624
1393
1139
631
1143
1658
381
637
128
1666
1411
388
644
390
1160
1417
1419
139
397
911
143
913
1689
154
668
1183
159
1695
1194
170
428
177
946
691
180
949
1720
1209
1721
699
188
704
448
193
451
453
1221
454
711
1736
456
971
1741
1485
464
1749
469
217
1500
481
738
740
1508
1256
235
1515
1776
752
240
1523
248
1529
1021
766
510
1791
2
116
159
