1233
2
2052
4101
4103
4106
2058
4107
4108
2065
2069
2071
23
24
25
4122
2075
28
29
4126
4127
2080
33
4130
4131
4133
39
4137
2090
44
4142
48
4145
2100
55
2103
56
4154
2110
4159
67
2117
2118
71
2122
2124
78
4177
2130
2131
4183
89
4185
4186
90
4187
2140
4189
94
95
2143
96
4193
4194
98
2147
2149
4197
102
4203
107
2158
4208
117
2166
4216
122
125
2173
2174
4223
128
4225
4227
4228
134
135
4236
142
4239
4241
145
2194
147
2197
2200
2204
2205
2206
2208
4258
2211
4261
166
2214
168
4264
2217
4265
4267
2220
173
2222
4271
4272
176
4274
4275
180
4276
2228
2230
182
4280
2234
4282
4284
4286
2239
2240
2241
4290
4291
2243
4293
197
2245
4296
2249
4298
2250
204
4304
213
4316
2268
2270
223
4320
2272
4321
226
2274
4324
2277
2282
2284
4332
2286
239
4337
242
4338
2290
2296
249
4345
2300
2301
4350
2302
4351
256
4353
2306
4356
2309
4357
4358
2313
267
4364
270
273
4376
4378
2333
289
4387
2342
295
4392
4394
2347
4397
4398
303
2352
2355
4404
2361
2363
316
2366
4415
320
4417
322
2372
326
327
4423
4424
4425
2379
333
4430
4431
337
4434
2386
342
2394
2397
352
2401
354
2403
4453
2406
4455
360
2410
4459
2411
363
4460
2414
367
4463
4465
4468
376
377
4474
2428
4476
2429
382
2432
385
2436
390
4486
2440
2441
4489
2443
396
2445
4494
398
4496
2449
4499
2453
406
408
4504
409
2461
4509
2462
418
420
4519
2474
428
432
4529
433
434
2484
437
2485
4533
2487
2488
2491
446
448
4545
4547
452
4550
4551
456
2508
462
2511
465
4562
2515
469
2517
4567
471
2519
2520
474
476
4574
479
2527
2528
2530
484
4580
4582
2536
4585
4590
494
2543
496
498
499
4595
4596
501
4598
4599
504
506
4603
2556
4604
2564
4613
2567
4615
2568
4616
4617
2572
4623
529
2579
532
4637
2590
2592
4641
545
2596
4647
4648
4649
4650
4651
4653
2606
2607
2609
564
4660
2614
567
2616
569
570
2621
4669
2622
4672
2624
578
2626
4676
2629
582
4679
584
4681
587
2638
590
4689
593
2641
4691
2643
4692
2645
2646
2651
603
4699
604
2652
605
4701
4702
2657
609
4707
4713
2667
619
4716
4717
4719
627
4723
2676
628
2677
632
2683
4732
637
2686
4739
2692
4741
645
649
4747
2700
2704
4752
4753
659
660
662
2710
4760
4761
666
667
668
4764
2717
4767
4768
675
2726
679
4778
2734
4782
4783
2737
2741
4789
2742
695
4792
2745
4795
699
700
2750
4800
2754
4803
2756
4804
708
710
4810
714
4811
4814
2767
719
2768
721
4821
725
2773
4828
733
4829
4830
735
741
4838
745
4842
4843
748
2801
4851
4856
4859
2812
2813
4863
771
2820
2821
2823
4872
777
4874
4875
780
2828
783
786
4883
788
4884
4886
4887
792
2841
2846
2847
803
2853
2854
807
2856
808
4905
2858
813
2861
4910
2863
4913
819
4918
824
4921
2873
825
2875
828
2879
2881
2882
4930
2883
837
838
4934
2888
4937
843
845
2896
4946
4947
2901
4949
854
856
2904
4954
2908
861
862
2910
864
865
2914
866
4963
2915
2916
4965
870
874
4970
875
2927
880
2930
2932
2933
4982
4983
889
4987
891
4990
2943
4992
4993
4994
2947
4995
901
5000
2953
5003
907
5004
2956
5010
5014
5017
921
2969
2970
5022
2978
5026
2979
2980
932
934
936
5032
5035
940
2989
942
943
2992
2993
2994
5044
950
2999
5048
3001
5056
5058
962
963
3015
5063
5064
5074
3029
5077
5078
982
3034
3035
3037
5085
5086
3038
5087
3039
992
994
995
3043
996
3044
5093
998
3047
3048
1004
3054
5103
3058
1010
3060
1013
5111
5115
1019
3070
1024
5125
1029
1031
1033
3084
3089
3090
1042
3091
3092
3093
5141
1050
3101
3102
1055
1056
5153
1057
3107
5159
3111
3115
5165
1069
5166
1070
1071
5168
1073
1074
1078
1079
5175
5177
1085
3134
1086
1088
3137
1089
3139
5192
1096
1097
5193
5194
1098
1100
5197
1104
1111
3159
5207
5210
5211
1115
5214
1118
5217
5219
1125
3174
5223
1129
5227
1131
1132
3181
1133
1134
3187
3189
5237
1141
5238
3190
1145
5242
5245
5248
3200
5250
5251
3204
1160
5257
3210
5264
3217
3218
3219
1174
5270
1177
1180
1181
3229
1182
5279
5281
1186
3234
3240
5291
3244
1199
3252
5301
3254
1207
3259
3260
5309
1213
5313
1217
3267
1221
3270
1224
3272
3273
1226
5323
3279
1235
5332
5334
1241
5337
3289
3292
3293
5342
3295
1251
5347
3302
1256
1258
3307
1260
3309
5359
1263
3316
1268
5365
3322
5372
3326
3327
1279
1281
5377
3329
3330
3331
1284
5381
1286
5382
5385
1290
5387
1292
5389
5391
3344
5392
3346
1298
5395
3348
5398
1302
1303
5400
5401
1308
1309
1311
1315
5411
3365
1317
1320
5417
3370
5421
1326
3375
1327
3376
5425
1332
3380
5429
5431
3388
5438
5440
5442
3394
5444
3397
5446
3398
5447
3400
1352
3401
3402
1355
3403
5452
3405
5453
5454
5456
5457
5458
3410
3413
5461
3414
3417
3418
5466
3419
5469
1374
1375
1377
5474
5477
1382
1383
1384
5483
5484
1389
5485
1391
1395
3443
5493
5494
5496
3451
5500
3456
1408
5505
3457
3461
1415
1416
3465
3466
3469
5519
3471
1424
5524
1430
3478
3480
5528
1433
3481
1434
3482
1436
5534
1441
5538
3490
5540
5546
3499
1452
5555
1461
3510
1462
1463
5560
5561
3513
5563
1467
5566
1470
5569
1475
3523
5574
1478
5576
1480
3530
3532
3533
3536
3537
3539
1491
1492
1496
3545
1500
3549
1503
1507
1510
1513
3562
1516
3566
1519
3569
3571
3572
1524
1527
1528
3577
1532
3580
1533
3581
3583
3585
3587
1540
3589
3590
1544
3593
3594
3595
1550
3599
1552
1560
1563
1564
3613
1565
1569
1571
1575
1576
3626
3627
3629
1581
1582
3633
1587
3637
1594
3645
3646
3648
3650
1611
3660
1614
3666
1619
3668
1620
3670
3672
3674
1626
3676
3680
1635
3692
1644
3693
1647
1648
1657
3707
1660
3709
1662
1664
3715
3716
3719
1671
1672
1675
3738
1691
1692
1699
1700
3749
1701
3751
3752
3757
3759
3763
3765
1718
1720
1722
1724
1725
3777
3787
3789
3791
3792
3793
1746
1761
3810
1764
3814
1766
1769
1771
1774
1775
3826
1779
3828
1781
3830
1786
3837
3838
3841
3843
1799
3853
3854
1810
3859
3860
1816
3864
3865
1823
3873
3877
1830
3878
1834
1838
3890
3891
3893
3897
1851
3902
3908
3911
1864
3914
1867
3917
1870
1873
1875
3934
3937
3938
1892
1895
1896
3944
3949
1902
3951
1904
1905
3954
1910
3958
1912
1914
1915
3963
3965
1917
1920
3969
3973
3980
3984
3985
3987
3991
1948
3997
4004
1959
1960
1961
4009
1963
4016
4017
1970
4019
1973
4023
4029
1981
4034
4035
1988
1990
4039
4040
4041
1994
1998
4046
1999
4047
2004
4052
4053
2007
4055
4058
2011
2013
2014
4062
2018
4066
2020
4069
2022
4072
4073
2028
4077
2029
2030
2033
4082
2036
2037
4086
4087
2039
2044
2045
2046
26
323
132
68
198
199
203
395
333
13
85
24
88
26
347
156
92
29
161
102
230
170
240
114
54
251
316
