1340
2
2052
4101
2053
6
4103
2057
4105
4106
2059
4107
4108
2060
15
2063
4112
2071
24
4121
25
2075
27
2076
2078
2079
4127
31
2081
33
2083
4131
4133
38
41
4140
45
4142
2094
2095
4145
2100
4149
53
55
4154
2107
60
66
2115
67
70
71
72
2122
4181
4184
4185
89
91
2141
4189
94
4190
2143
96
4193
98
4199
107
4208
113
115
116
2164
117
4217
122
4218
2172
124
2173
125
2174
129
130
135
2187
2188
4236
4237
2192
147
4245
149
153
4251
2203
4255
2208
2211
2212
4261
4264
2217
2219
4268
173
2223
4272
177
178
4274
4276
180
182
184
2234
186
4282
190
2239
193
4290
2243
195
4293
197
4296
2249
2252
204
2254
2255
209
212
4309
213
2264
2265
2268
4319
2271
4320
2272
2274
226
4324
2278
2282
235
2284
2286
4336
2288
241
2290
4338
4339
245
4342
2296
249
252
2301
4350
256
2306
4354
259
2307
4357
4358
2311
4359
264
2313
266
4363
2318
271
273
4369
2322
4370
2324
276
277
4378
2334
2335
288
290
2342
4394
4396
2348
4397
4398
4399
303
2353
2354
306
2355
309
4408
2361
313
4409
2363
4412
316
2366
2367
4415
4417
323
2372
4422
327
328
2379
333
2382
4430
4431
336
2384
2386
4434
341
342
344
2393
4441
346
4443
2396
349
352
2401
2402
354
2403
4453
357
2406
2408
2410
2411
364
4460
2414
4463
368
4465
2419
4468
372
2422
374
376
2424
4472
2426
4474
379
2428
4476
382
4478
383
4480
2432
2435
387
4485
4487
2443
2445
4493
4494
398
2452
409
410
4508
4509
413
2462
414
418
420
2468
2469
2470
4519
424
4520
426
2474
430
4529
433
4531
2484
2488
2491
2493
448
2496
4551
456
2505
457
4554
2508
4556
2509
462
2511
463
465
4561
4562
4563
2515
4564
4567
4568
474
2523
476
2524
4573
479
4576
2529
482
4579
2532
484
4580
4586
490
493
494
2543
4593
2546
4598
4599
4600
4602
4603
509
4606
511
515
4612
516
4613
4615
2568
520
4616
2569
2572
4621
527
4623
4625
530
2579
532
4628
537
4634
4636
540
4637
541
4638
2591
543
4639
544
2592
4643
549
4649
4650
554
4651
2604
2605
2607
4656
2608
2609
4660
564
4662
569
572
2621
4673
578
2626
580
582
4679
2632
4680
2633
587
4683
591
4689
593
4691
595
2646
4694
2649
4697
4699
4700
4701
2654
608
2657
609
2658
4707
2659
2661
617
2665
4713
4714
619
620
4716
4719
623
627
2675
628
2679
635
4732
2686
2687
4741
4743
647
4747
653
2702
654
4751
655
2704
4753
660
4756
2710
2712
4760
2714
666
2715
4763
2717
670
2718
4767
4768
679
2727
680
4777
2734
4783
4784
2737
2739
4789
694
695
2745
4793
699
4795
2750
704
4803
2755
708
2757
710
4809
714
4813
2766
2767
719
4815
2768
725
2773
730
2780
734
4830
735
2784
736
4834
740
4838
2792
745
2798
751
2799
2801
753
756
758
4855
4856
762
4859
2813
765
767
771
4868
772
2821
4869
2824
4873
778
4874
782
783
786
2834
4883
4884
788
4886
2842
4892
797
2845
4896
2848
801
805
2853
807
2855
4906
2858
2859
2863
4911
2864
4913
819
821
4918
825
2873
2875
2877
4926
2878
2881
2882
4930
2883
2885
837
840
841
2889
4938
2892
845
2895
2896
4946
2901
856
4956
2908
860
862
2910
864
4960
2915
2916
2918
872
4969
4970
879
880
2929
4982
4983
2937
889
890
4987
4992
901
2950
2953
906
913
2961
5010
5011
5013
917
5014
2969
5017
2972
5022
2975
928
5025
929
2978
5026
2980
933
934
935
5031
2984
5032
938
5035
2988
942
5039
2998
2999
3001
953
3003
957
5056
962
963
3011
5061
3013
965
5064
5065
971
5068
3021
3026
980
981
5078
983
3035
3037
5085
5086
5087
992
994
3042
995
3043
3044
5093
5094
3048
1000
5096
3051
1004
3054
3055
1010
3058
1011
3060
3062
1014
1015
5112
3067
5121
1025
5123
5125
1029
1030
1033
5129
3082
1036
3084
5136
3090
1042
3091
1047
5144
5145
3098
5148
3100
1055
1056
1057
5154
5155
1060
1061
5159
1065
1067
5164
1069
5165
1070
5166
1071
1073
5174
1079
5177
3130
5180
1085
3133
3134
1086
5182
3139
1092
3140
3143
5193
5194
5197
1104
1105
3155
5206
1111
5207
3160
1114
3165
5214
3167
5216
1121
5217
5220
3172
1124
1125
1127
1128
5224
5225
3177
1131
5227
3179
3180
3181
3182
1134
3189
5237
1143
1144
5240
5242
1146
1147
5245
3199
3204
1160
3210
5259
5264
1168
5265
5266
1170
3219
5270
5271
1178
3228
1180
5277
3229
1182
5278
3231
5279
1183
5281
3234
1186
5285
3238
3240
1192
5289
5291
1196
3244
1197
5294
3246
5297
3252
5301
3254
1207
5303
3257
3259
3260
1212
1213
5309
3261
3263
1215
1217
3267
5316
1221
3270
5318
1223
1224
3272
5320
3273
1226
3274
3276
3279
3280
3281
3284
1238
1241
3289
3291
3292
5343
1247
3295
3296
1251
3301
5352
3307
1260
5357
3310
1266
5364
1268
1273
5372
3325
5374
3326
3327
1279
1281
1282
3330
3331
5382
5385
3338
3339
1292
5388
3340
5389
1293
5391
3343
5392
3344
3345
1298
1299
5395
3348
5397
5398
3350
1302
5400
3355
1309
1310
3358
1314
1315
5411
5412
3364
3365
5413
3366
1318
1320
5417
3370
3371
5421
1326
3374
3375
1327
3376
3377
3380
1332
1333
3388
5436
5441
3394
1347
1348
3396
5445
3399
5447
1352
3400
5449
1355
3403
3404
5452
3405
5454
5457
3410
1362
1363
5461
3413
3414
5463
3418
1370
3419
3420
5469
3424
1377
5474
1378
1379
5477
1383
5479
1385
1389
3443
5491
1396
3444
5494
5495
5496
3451
5499
5500
5502
3456
3457
5509
1413
3461
1415
1416
5515
5516
1420
3469
3471
5519
1424
3472
1427
1431
1432
3480
3481
1434
5532
1436
1437
5534
5535
1440
1441
1446
5543
3495
5546
3498
1453
5553
1458
5555
3509
1462
3515
5563
1468
5566
5569
1475
3523
5572
1477
1478
3526
5574
5576
3530
3532
3537
3539
3541
1494
1496
1497
1500
1503
3551
1505
1507
1510
3558
3559
1511
3562
3563
1517
3566
1519
3569
1523
3572
1524
1527
3577
1530
3579
3580
1533
3581
3582
1536
1544
3593
3594
1547
1550
1552
1558
3607
1560
3609
1562
3611
1564
3613
3618
1571
3621
1574
3624
3626
1580
3629
1582
3631
3633
1587
1592
3641
1594
3643
1596
3644
3645
3646
3650
1604
1607
1608
1609
1611
3660
3666
1620
3669
3674
3676
1629
1631
1633
3691
3692
3693
1646
1648
3696
3698
1653
1656
1662
3711
3714
3719
3722
1674
1676
3727
1680
3730
1689
3737
3738
1692
3742
1699
1700
1701
1703
3751
1706
1707
3758
3760
3763
1716
3765
1718
1719
1720
3769
1725
1728
3777
3778
1732
3783
3787
3791
3792
3793
3794
3796
1749
1751
1757
3810
1764
3814
1769
1770
1771
3819
3820
1775
3826
3832
1784
3834
1786
1787
3841
1795
3845
3847
1803
1805
1810
1811
1812
3860
3861
1816
3865
1818
3868
1823
3873
3875
1828
3877
3879
3882
1834
1840
3889
1841
1843
1844
1847
3897
1851
3901
3902
3907
3908
1861
3911
1864
3913
1869
1870
1873
3921
1874
3923
3927
3928
3931
1884
1886
3944
3949
3951
1904
3954
1907
3957
3958
3959
1913
1914
1915
3969
1925
3984
3985
1937
1939
1941
3992
3997
1951
4001
4002
1955
4004
1959
1960
1961
4009
1963
1964
4016
4017
1970
4020
4025
1981
1984
4034
4035
1988
4036
4040
1992
1994
1995
1998
1999
4051
2004
4052
2007
4058
2010
2011
2014
4062
4064
4066
4067
2023
4071
4072
4073
4076
2029
4078
2031
4081
2033
4082
2036
2037
2039
4087
4088
4091
2044
2047
33
386
68
324
197
134
76
77
16
273
212
214
23
153
412
92
29
287
161
293
229
230
38
231
300
242
114
307
180
54
120
57
254
126
