955
2
4101
4103
2057
4106
4107
4108
12
14
2065
4113
2066
19
2067
4117
23
24
25
4126
2081
4133
40
2090
4142
2095
4145
2100
55
2103
4151
56
4158
63
2114
67
2116
71
2122
2123
76
4174
4177
81
2131
4181
2134
90
2140
2143
2144
4193
97
2147
102
4202
107
4205
2160
4208
113
2163
115
2166
2167
122
4220
2172
124
2173
4228
2180
135
136
4236
2188
4239
4241
2194
147
2205
2206
2211
2214
166
168
4264
2217
173
2221
4272
178
4276
2231
2232
4280
2234
2238
2239
4290
195
197
4296
201
2250
2256
213
217
4315
2268
2269
223
4320
224
4321
2273
226
4324
232
4331
2286
2287
242
2290
4341
246
4342
2296
249
251
4348
2306
258
259
261
4357
4358
263
2313
4363
4364
4366
273
274
2322
4373
4378
2332
2333
290
2342
2348
2350
303
2352
2355
309
4407
313
316
317
2365
2366
4417
333
4431
4432
4433
4434
2386
2387
4435
342
4439
2393
4441
2394
2395
2396
2398
352
2401
2403
355
4453
4456
2411
4459
364
4462
4466
4468
4470
374
2422
4473
2427
2428
382
385
2443
2445
4494
398
2447
4499
406
410
414
4515
420
422
2471
426
2474
2478
4528
2484
4535
2488
2491
2492
446
4544
448
449
2499
452
2501
4550
2503
2505
2506
2508
461
2513
465
466
4563
4567
476
4573
478
484
4580
485
4582
490
4586
494
496
501
504
4605
2557
512
4610
4613
4615
520
2568
523
2572
4623
2579
532
536
2587
2588
4637
541
543
2592
2597
549
552
4649
4650
4651
2605
2608
4660
4665
570
4669
2621
2622
2624
578
2633
587
589
594
4691
2651
4699
603
605
2654
608
2657
609
4707
4719
2671
2674
4723
627
2676
4724
4726
2680
632
4732
2687
2689
4739
2692
645
4742
647
4747
2702
4751
2704
663
667
4764
2717
4767
676
4772
2726
679
2734
4783
2737
4786
691
2741
695
2743
2745
2748
700
2754
2755
707
4803
708
2757
710
712
4810
2762
4811
719
2767
2768
721
722
2772
4821
2773
732
2781
734
736
4835
2790
743
4839
745
746
748
2797
753
2801
4851
757
2808
4859
764
4862
767
4863
2818
772
2821
4870
2823
4872
777
4874
4875
779
780
786
4887
4890
2842
2845
2851
4906
810
2863
4913
2867
819
2868
821
4918
2870
4921
833
4930
2882
835
837
4936
840
4937
841
845
2894
4946
850
4949
856
861
2910
4958
2916
2917
4965
4966
4969
4970
874
875
877
2927
879
2929
2930
4982
4983
889
891
894
2953
906
5003
910
5007
5014
921
2969
5022
2974
5025
2979
5027
2980
932
934
2984
5035
941
942
943
2995
947
5044
2997
2998
5047
2999
955
5056
962
963
5063
3017
971
3021
3025
981
3030
5078
5080
988
5085
3037
5087
992
994
996
3044
5093
3046
5094
5095
3048
5097
1001
3051
1004
1010
3060
5111
3064
1018
1019
5115
5116
3070
3071
1023
1024
5121
5123
1031
3080
1033
3084
3085
3093
1055
1057
5153
5157
3111
1067
1069
5165
1070
1071
1073
1075
1076
1079
5180
1086
3134
5182
1089
3139
5192
1096
1097
1100
5197
3150
1102
1104
3153
3158
5207
1111
3160
5210
1114
1115
5211
3165
5214
1118
1121
5222
5227
1131
1132
3181
3182
1136
5237
3189
1143
3192
5240
5242
3199
5248
3204
1160
3210
3213
1169
5266
3219
5267
1174
3224
1177
1178
1179
1180
3229
1182
3231
5280
3234
5283
3240
3241
5291
1200
5297
5299
3252
5302
5303
1208
1212
3260
5309
5311
1217
1218
3267
5316
1223
1224
3275
1232
3282
1235
5332
5334
3287
1241
5337
3292
3295
3296
5344
1251
1256
5356
1260
1263
1267
1268
5370
5372
3325
3326
1281
3330
3331
5382
3336
3338
3339
1292
5388
1293
1295
3346
1299
5395
5397
3350
5399
5400
5401
1307
1314
5410
1315
1317
3366
3367
5417
3370
3371
3372
5421
1326
3374
3375
3377
1332
3380
5436
3388
3389
1341
5438
5442
3394
3397
5447
3400
1352
5452
3404
5453
1357
3405
3410
5458
1363
3412
1364
3414
5463
1369
1370
5469
1374
1377
1380
1382
1383
1384
5484
1389
3438
5494
5495
5498
3451
5505
3461
3468
3471
1424
1426
3477
1431
3480
3481
1434
1435
1436
5536
1441
5540
3492
3493
5542
1446
5550
1454
5553
5555
3508
5556
3510
1463
3516
5569
3523
1475
1476
5574
3526
1478
5576
1481
3530
5578
1483
3532
1486
3537
3539
1493
3546
1500
3549
1501
1503
3554
1510
3562
1517
1519
3569
1528
1530
3580
1533
3583
1540
1543
1544
3596
1550
1551
1557
3610
3612
3613
3615
1569
1571
3627
3628
1582
3633
1587
3639
1594
1609
1610
1611
1614
3666
1619
1620
3670
3676
3683
3684
1642
3691
3692
3693
1646
1648
1649
3702
1657
1662
3712
3717
3719
1671
1672
1676
3727
1680
1683
1684
3738
1692
1699
1700
1701
1703
3753
1707
1712
3763
1716
3765
1718
3773
3777
1730
1741
3792
3793
3797
1753
3804
3810
1763
1766
1767
1771
1775
3824
1803
3854
1809
1810
3861
1816
3865
1823
3873
1826
3877
1834
1837
3889
3890
1843
1844
3894
3900
3902
3907
3913
3916
3917
3920
1873
3921
1874
1879
3927
1886
3939
1895
3944
3948
3951
1904
3953
1907
1909
3958
3959
3962
1914
1915
3971
1927
3978
3980
3981
3984
1943
3992
4003
4004
4009
1963
4016
4020
1972
1975
4025
4029
1981
1983
1984
1988
1991
1994
4045
1998
1999
4051
2004
4052
4053
4055
4062
2014
4066
4067
2022
2028
2033
4084
2037
2039
4088
2043
2044
20
225
323
134
230
40
43
203
108
76
300
303
276
277
55
59
92
380
29
350
94
