1084
4097
2050
4098
3
2052
4
4101
4103
2060
2065
23
25
2075
27
4126
4131
36
4133
38
39
40
4136
2090
4142
4145
4146
2100
55
56
4154
2107
61
4160
2115
4163
2118
70
72
4168
2121
4169
2122
74
2123
78
4174
79
4177
2130
2131
4181
4184
4185
89
90
2140
2141
94
95
4193
2147
2149
2150
102
4200
104
2160
113
115
2165
2166
2168
122
2172
4221
4223
128
4225
2177
129
4228
134
2183
4234
4236
4237
2189
142
4239
4241
147
2196
2197
4248
153
2203
4251
2204
2206
4259
4261
2214
166
168
4264
2217
170
4270
4272
178
4276
182
2230
184
2234
4282
2238
2239
195
197
2250
2255
208
2259
4309
2265
2268
4316
223
4320
4321
226
4324
2277
2282
235
2284
4332
2287
4336
4337
4338
2290
242
2296
249
2300
2302
2306
2307
4356
4358
2311
2313
4364
2318
270
4367
273
2322
2324
4376
4378
2333
2334
2335
288
289
290
293
2342
4392
4394
4396
4399
303
2351
2355
307
313
2361
4412
4413
4415
4417
324
327
2375
328
4425
331
2384
2386
4434
341
4437
342
344
345
2394
347
2397
352
4449
2403
357
361
2410
4459
2411
4460
4462
2414
367
4465
371
2419
372
2424
4472
379
2427
4478
383
384
4480
2432
385
2435
4485
4486
4487
2440
4489
2443
396
2445
398
4496
4499
404
2453
4501
410
4509
413
414
2463
416
4512
2464
420
4519
426
430
4530
2484
2485
4533
4535
2487
2491
2493
446
448
4544
452
456
2505
457
4554
4556
2508
2509
462
4559
4561
465
466
4562
2515
4563
470
4567
4571
476
4573
4574
479
2528
2529
2530
484
4582
4586
4588
493
2542
4590
2543
4596
501
504
4600
506
4602
508
4609
515
4612
516
4615
2567
2568
4617
2572
530
2579
4628
532
2580
2582
534
2584
536
537
540
4637
4638
2591
2593
2594
4643
547
549
4645
2597
4648
4649
554
4650
2605
2608
4660
4662
572
2622
4672
4673
2626
578
580
2629
4679
583
4680
4683
591
2641
593
4690
2643
4694
2649
4699
2651
605
609
4712
2665
4714
4716
621
4717
623
2672
2673
4723
627
2677
632
2683
4732
2692
647
4743
2698
4747
4749
4750
4752
4753
660
4756
4757
662
2712
666
2714
667
2715
2717
671
2721
2726
679
4777
2734
2742
694
695
699
700
704
2754
2755
4803
2757
710
2759
4809
4810
2762
4811
716
4814
4815
2767
721
4821
725
728
2780
2781
735
2784
2789
4838
743
2792
745
4843
748
2801
753
4849
754
2802
4851
756
762
2812
765
4863
772
2821
776
4872
777
4873
778
4874
4875
780
2829
2834
4887
4888
2842
2843
2848
4896
801
2851
803
2853
805
2855
2858
4906
2859
4910
2862
2863
2864
4913
820
825
4921
2875
2876
4926
834
4931
837
2885
4935
840
4937
845
4947
2901
4949
856
857
4954
864
2912
2914
2915
4966
872
2921
4970
874
875
2926
879
2928
2930
2932
2933
4982
889
4987
891
4992
4993
2946
4996
901
2950
5000
904
906
5003
911
5008
917
5016
921
922
5022
2974
927
929
2979
2980
932
5029
933
5031
935
5032
5034
5035
5036
942
5039
2991
943
2992
5044
2997
950
2999
959
5056
3011
3013
5061
967
5063
3015
5067
980
981
5078
982
3033
3034
5085
5087
3039
3042
3043
996
3044
5093
997
3045
5094
999
3048
3054
5104
5105
1010
3060
1015
5111
5112
5114
5115
1019
3070
5118
1024
1025
1029
1031
3080
5136
3091
5139
3093
5141
1046
1047
3100
5149
1056
5153
3105
1060
1065
1069
5165
1071
3119
1079
5175
3129
3130
5180
5181
3133
1085
3134
1086
5182
1088
1089
3139
1096
5192
1097
1098
3146
1100
1101
3149
5197
1103
3155
5206
5207
1111
5210
5215
1119
5216
5219
1125
5222
5223
5225
5226
5227
3182
3189
5240
1144
1147
5246
3199
5248
5250
3204
5253
1160
5259
3215
5264
1168
3217
5265
5266
3219
3221
5270
1174
3222
3223
5272
1177
3228
5277
3229
1182
1183
5279
5281
1186
3234
3244
1196
1200
3252
5301
3253
5303
3257
3259
1211
5309
3263
1215
1217
1218
1221
3270
1223
1224
5320
1226
5323
3276
3277
3280
1235
5332
5334
3289
3292
5343
3295
1247
1251
3301
3302
1256
3307
1260
5357
1263
1266
1268
3316
3322
5372
3324
3325
5374
1281
3330
1284
5381
3333
5382
3338
1290
3339
3340
1292
5389
1293
5391
5392
1298
3346
1299
3348
5398
3350
5400
5401
3355
1310
3358
1311
3360
5411
1315
1317
1319
5415
1320
3374
1327
3376
1333
5435
5437
3389
5438
5440
5441
5442
3396
3397
3398
5447
3399
3400
5449
1355
5452
1357
5453
5458
5461
1370
3418
3419
3420
5469
1374
5471
3424
1377
1382
1383
1384
1385
5484
1389
3440
1392
5490
3442
5492
1396
5494
5496
5502
5505
1410
1412
1413
3466
5515
1424
3472
3477
3480
1433
1434
3482
1436
1440
5538
1446
1452
1453
5553
1458
5555
3510
1462
1463
3513
5561
1467
1468
5566
5569
5570
3523
5572
3526
1481
3530
5578
3532
1488
3537
3539
1491
3541
3544
3549
3551
1507
1508
3558
3559
3561
1513
3565
1519
1523
3571
3572
1528
3577
1532
1533
3582
1536
1540
3590
1544
3593
3594
1546
1550
1552
3602
1558
3609
1562
1565
1566
1569
1572
1575
3624
3626
3627
1581
1594
3643
3644
1596
1600
1604
1611
1614
3666
1619
3668
1620
3670
3672
3675
1632
3680
1635
1638
1643
1648
3698
1655
1656
3707
1660
3711
1664
3716
3719
1672
3722
3727
1680
3728
3729
3730
1683
3734
1688
3738
3740
1697
1699
1700
1701
3751
1703
3752
3758
3759
3763
3769
3770
1728
3776
3777
3791
3792
1756
1757
3809
1766
1768
3816
1770
3821
1775
3826
1779
1784
1785
3834
1789
3838
1803
3854
1810
3859
3860
3861
1813
3862
1816
3865
3868
1823
3872
1829
3877
3879
3884
1838
1840
3890
3896
1851
3901
1853
3902
3908
1864
1867
3916
3917
1870
1874
1890
1892
3951
1904
1910
1927
1932
3980
3984
1939
3992
1948
1950
1953
4001
1955
4004
4005
1961
1963
4016
4017
4018
4020
1973
4025
4029
1984
4034
4035
1995
4047
4051
2004
2007
4058
2014
4066
4067
2020
2021
2022
2023
2024
4073
2029
2030
2031
2033
2037
2039
4087
4090
4091
2043
4092
23
290
323
68
229
198
135
392
297
395
203
76
77
113
115
85
181
57
251
252
220
28
126
254
