1088
2052
4101
6
2057
11
12
4108
4113
2066
2067
4117
4118
2075
4123
27
2077
4126
2080
4130
4131
4133
38
4135
40
2088
2092
44
45
4145
55
2103
2110
4158
63
67
4166
2122
76
83
4183
89
4188
95
96
97
4196
2149
4197
102
4199
4200
2152
4202
4205
4206
2159
2160
113
2163
115
2165
4217
122
128
129
4227
133
4231
136
4233
2185
2188
2189
141
142
145
2194
147
4244
4245
2200
2201
2206
166
2217
2220
174
2222
4272
178
4275
4276
180
2232
184
2238
2240
193
195
4293
201
4299
2256
212
2261
4309
4312
217
2265
2270
4320
2272
4321
226
229
2277
2279
2284
2285
2288
240
241
2290
246
2295
2296
248
249
4346
250
2300
252
2302
4350
4351
2306
258
4354
4357
2309
4358
2312
4363
270
2318
273
275
276
280
284
2334
2335
2342
4392
4395
2347
303
2352
307
4407
2362
316
317
4415
2368
320
2370
4420
2372
327
4425
4429
4431
4432
4433
4434
2386
4439
4440
4441
2395
4443
2396
352
357
2409
4458
2410
2411
364
4461
2414
4463
4466
2422
4472
377
379
4480
4481
386
2435
4484
389
4485
4486
390
394
398
4496
400
2452
2453
408
4507
414
418
4515
420
2470
4519
426
4523
431
2485
4533
2491
2492
2493
446
448
2505
2506
4554
4556
2508
2509
2511
4561
4562
4563
469
2523
476
4572
2524
4573
4574
478
479
2529
4579
484
488
2536
490
2543
499
4596
4598
2552
4604
4607
4609
4610
2563
515
2564
517
4615
520
2568
522
4622
2577
530
4628
2582
534
536
2584
537
4634
2588
4637
543
2592
4643
2596
4647
4648
552
4649
4650
554
2604
2605
558
2607
2608
562
2612
2616
4668
572
4669
2621
4671
4672
4673
578
4675
2628
580
2629
582
4680
4681
2635
589
2641
593
594
2643
4691
4693
4699
603
2652
4700
4702
4704
4707
612
615
4714
2667
2673
4723
2676
2677
630
2681
634
4732
637
638
2686
2687
2689
4738
4739
2692
646
4746
4747
4750
2702
4751
4753
4756
2709
2714
666
667
2720
674
2723
2724
4777
2734
4783
687
688
2737
4789
2742
695
2743
2745
699
702
4800
704
4801
707
4803
708
2756
4806
2760
2762
4815
4818
723
4827
732
734
736
2784
4837
741
4838
743
2792
4840
745
746
4843
4845
751
753
757
2805
758
760
761
2809
765
4862
4863
767
4866
772
2820
2821
4869
4872
2829
784
789
2838
4890
797
2847
800
2848
801
803
4899
804
2855
810
2863
2864
2867
821
4918
824
825
827
4928
2882
835
4931
2883
4935
4936
4937
841
2892
845
4944
2896
4946
4949
854
856
4952
4954
859
2907
861
2910
864
2914
4963
868
4965
870
4967
874
4970
875
877
2927
2929
4982
4984
4987
2941
4991
2947
2949
5000
2953
906
907
908
909
914
5011
5013
2970
5022
2975
928
5025
930
2980
5029
5031
5032
938
5035
941
5038
942
5039
943
5041
947
2997
2998
2999
5048
957
5054
5061
5065
971
3021
5070
3023
5074
980
3029
5078
5080
3033
3034
3035
5083
988
5087
3039
5089
3043
3045
998
5094
3048
1001
5097
3051
3054
5103
5104
5106
3060
1012
1015
3064
5115
3073
5121
5125
1031
3082
3083
5136
3089
3091
3093
3096
5146
3100
5148
3102
1056
1058
3107
1060
5157
1062
1065
5161
1067
5165
5167
1071
1073
3122
1077
1079
5177
3129
3130
5179
3131
3132
5180
1085
3133
5182
3134
1088
1089
3139
5188
1094
5192
1096
1098
5194
3150
1106
1108
5206
3158
1111
5207
3160
1114
3165
5214
3167
5216
1121
5219
1124
5222
5225
5227
3181
1133
3182
3183
1137
5235
1139
5237
1141
3190
1143
5241
5242
3194
1147
3198
3199
5250
5251
5252
3204
5253
1160
5257
3212
5261
1168
5264
3217
5266
3219
5267
5270
1178
3228
3229
1182
5278
1183
3231
3234
3239
1192
5289
3243
5294
1199
5295
5297
3251
5299
3252
5301
5303
3256
1208
3259
5307
5309
1213
5314
5316
3270
5320
1224
3273
3274
1231
5327
5328
5329
1235
5335
3287
1241
5337
5340
5342
3295
5343
1252
3306
5355
1260
5359
5361
1268
5365
5367
3320
5370
3322
3326
3327
5377
1281
3331
1284
5382
1287
3338
1292
3340
5388
1293
5391
1295
5392
5396
3350
5398
5401
1307
3355
3358
1310
1315
1317
3366
1319
5417
3370
3372
1326
1327
1332
3380
1333
5429
1334
3382
5431
5436
3389
1341
5438
5439
5440
5441
5442
3396
1348
3397
5447
3400
1355
3403
3404
1357
5454
3410
1362
1363
3412
1364
3415
5463
3417
3418
5466
1376
3424
1377
3428
1382
1383
3432
1385
5482
5490
1394
3443
1396
5493
1398
5495
5496
1401
3450
5501
5503
3456
5513
1418
5515
1420
1421
1423
1424
3472
5523
5524
3477
1430
1433
1434
3483
1436
1437
1440
1442
3491
1444
3492
3493
1446
5542
1449
3499
1452
5549
1454
1457
5555
5556
3510
5560
5561
1468
5566
1471
3523
5572
5578
3532
3533
1486
3536
1493
3541
3545
1500
3549
3559
1515
1516
1517
3571
3574
1527
3577
1532
1533
1535
1536
1540
1543
3593
3595
1548
3596
1550
3599
1554
3609
3611
3612
1565
3624
3626
1580
3629
1583
3633
3637
3638
3639
3643
3644
1602
1611
1612
1614
3666
1619
3668
1620
3672
3676
3677
3679
3680
3682
1636
3684
3685
3691
1643
1647
1648
1656
3707
1660
3711
1664
3712
3716
3719
3722
3728
3730
1683
1684
3738
1697
1700
1701
3750
1703
1704
3752
3757
3758
1712
3761
3763
1716
3765
1723
3777
1730
3786
3787
1741
3792
1751
1753
3811
3815
1770
1775
1777
3826
3827
3830
3832
3834
3836
1795
1797
1799
1802
3851
1810
3860
1812
3861
1816
3865
1817
1818
3868
1821
1823
1826
1828
3877
3882
1840
3889
3890
1843
1844
3894
1847
1850
3899
1851
3900
3901
1856
3904
1859
3907
3908
3910
1865
1867
3920
1873
3921
1874
1875
3924
1882
1883
1886
3939
1892
1900
1909
3959
3961
1913
3962
3965
1925
1926
1927
3981
3983
3984
1941
1943
3999
1951
4000
4002
4003
1955
4004
4005
1960
1961
1963
4017
4023
4027
1981
4029
1984
4034
4035
1990
4045
4047
4048
2004
4052
4053
4058
2011
4061
2017
4066
4067
2020
2022
4071
2023
4074
2028
2031
2033
4082
2036
2037
2038
4088
2040
2041
2043
4091
2044
23
225
257
354
131
100
229
134
234
204
77
301
143
240
51
407
184
408
88
121
153
251
380
350
