1003
2049
2052
4101
2057
4108
4109
15
2065
4113
18
23
2075
27
28
4126
2078
4127
2079
32
4130
4131
35
2086
40
2090
44
45
4145
2100
55
56
4154
4159
63
2112
67
4166
2122
2128
4177
83
2131
89
4185
2138
90
4187
2140
4189
94
4193
97
4194
2147
2149
102
4204
2156
2158
113
115
4211
4213
2165
4216
122
124
125
126
4225
2181
136
2185
4236
2188
4240
2192
2194
147
148
4245
153
2205
2206
2208
4261
2214
166
168
2217
2218
2220
4272
2225
4276
2229
182
2232
4280
4281
2234
4286
2241
4289
4293
4296
201
204
207
2255
212
2261
216
217
2268
223
4321
226
4324
229
2277
2280
4333
2290
242
4338
246
248
2296
249
252
2300
256
4353
2305
2306
4358
2312
2313
2314
2316
273
2322
276
4378
2334
2335
4385
4387
2342
296
297
4394
2348
4396
4397
303
2352
2355
307
309
4408
315
316
317
318
4415
319
4417
322
327
2375
4423
4424
330
2379
2383
336
4433
2386
4434
4438
4440
2393
2394
2397
352
2403
357
2406
2409
2410
2411
364
2414
4462
367
4465
2421
2422
374
2423
2427
4476
2428
4477
4480
385
2434
2435
388
4484
4487
2439
2441
2443
2444
2445
4494
2451
4499
2452
2453
406
4504
4507
4509
413
2462
2467
420
422
4519
426
432
4536
2491
2492
2493
446
4544
449
452
2501
456
2505
2507
2508
4556
2509
2512
2513
4561
4562
4563
2515
471
4567
474
2523
476
2524
4573
2527
479
2529
4579
484
4588
2543
498
4595
4596
4599
2552
506
2561
4610
515
4614
2568
521
2572
4622
2576
530
532
4629
536
4634
2588
4637
2590
543
4643
4649
4650
2604
562
2616
569
4666
570
4667
572
4669
2624
578
4675
580
4676
582
4678
4679
4680
589
2638
2640
593
4692
600
2649
2652
604
4701
2655
4704
609
4707
4711
615
2665
4714
4716
2669
2672
2673
2676
4732
2685
639
2689
4739
2692
4741
646
2698
4747
4750
4751
4753
4756
660
661
2712
4760
666
667
2721
2724
2726
679
4777
2734
4782
686
4783
2737
4788
2741
695
2743
697
4795
699
2751
2754
707
4806
710
717
4821
2776
4828
732
733
735
4838
4844
751
2801
753
4849
4851
757
2805
758
761
2809
762
2812
765
4863
771
772
2820
4872
4875
780
782
784
4880
785
4883
788
789
790
4886
2838
2841
4889
800
2848
801
2850
803
2851
2853
807
2856
4905
810
2858
4909
2863
4913
2867
821
4918
825
2873
2875
829
2879
4931
2883
838
4934
4936
2888
4937
845
4947
2901
2903
856
2904
2908
861
2910
2914
2915
4964
4969
4970
874
2927
889
4987
2941
4990
2944
4992
901
5000
5001
2954
5003
907
5009
5011
5013
919
5016
921
2970
5019
924
5022
928
2978
5026
2980
932
5029
933
934
938
941
2989
942
5038
943
5039
947
5044
948
2997
2998
2999
3003
5053
959
5056
5057
5058
963
5061
5063
5064
971
3021
3023
980
3030
3033
3035
3038
5086
3039
5087
3044
996
3045
5093
5094
1001
1003
3054
1007
1010
1012
3060
5111
5115
1019
5121
1031
3083
5133
1039
5136
3090
3091
3093
1050
5148
5150
5153
1065
5162
1068
1069
5166
1071
5167
5169
1073
1079
3129
5177
3130
3133
1085
1086
3134
5182
1088
1089
3139
3140
3141
1096
1097
5193
1098
5194
5196
3158
5206
1111
5207
1112
3160
1114
5210
5211
5214
3167
5216
1121
5219
1123
1124
1125
5222
1128
1131
1132
3183
1137
1139
3187
1140
5238
1144
5242
1147
5248
3204
5253
5254
1160
3210
1166
5264
3218
5266
5267
1174
5270
3224
1177
5273
1179
1181
5278
1182
3234
1186
5289
3244
5294
1199
1200
5297
3251
5303
3256
1208
1209
5308
5309
5312
3265
3270
3271
1224
5320
3274
3279
5329
1235
5334
5335
1241
3292
5341
3295
1248
1251
3300
1256
5355
1260
3309
3310
1263
1266
1268
5365
3320
5370
3322
3327
1281
5377
3329
3331
1286
5385
1290
3338
3340
5391
1295
1298
5395
3348
5398
3350
3351
1303
5401
3355
1308
3357
1309
1310
1315
3363
5411
1317
3365
3366
1319
3370
3372
5421
1326
1327
3377
5426
1332
3380
1333
1334
3388
5436
3389
1341
5438
5439
5442
3394
1348
3396
3397
5447
5448
5450
1355
5452
3405
3410
1364
5461
3413
3414
3415
1367
3418
5467
3422
3424
1377
5474
3428
5477
3430
1382
1383
5484
1393
3442
1396
1398
3446
5494
1399
5500
5505
3458
1415
5513
5515
1421
1424
3472
5521
3477
1434
1436
1437
5534
3490
3491
5540
1446
5542
5543
5546
1451
1452
5551
5555
5556
1461
3510
5560
3514
1468
1470
5566
1473
5571
5572
5575
5578
3532
1486
3539
1493
1496
1497
1500
1509
1516
1518
3566
1519
1524
3573
1527
3577
1533
3581
1535
1540
3593
3594
3597
1550
3607
3609
1562
3611
3612
3613
3616
1569
1573
3622
3624
3627
3629
3633
1594
3643
3645
3646
3650
1607
1609
3657
3658
3660
1614
3663
3666
1619
3677
3682
3684
1636
1637
1647
1656
1657
3711
3715
3719
3722
1680
3728
3738
1691
3743
3746
1698
1699
1700
3750
1703
1704
3753
1707
3758
3765
1718
1720
1723
1725
1734
3786
3787
3789
1741
3792
3796
3800
1753
1760
3811
1766
1770
1774
1775
1777
3826
1781
3832
1786
3837
1795
3848
1802
1803
3853
1807
1810
1812
3860
1816
3865
3868
1823
1828
3878
1830
3882
1834
3890
3895
1849
1851
3902
3913
3917
1870
3920
1874
3930
1888
3937
3939
1895
1909
3957
1910
3959
3961
3962
3965
1925
1927
1933
3982
3983
3984
1936
3985
1941
1948
3997
1950
3999
4004
4005
1960
1961
4009
1969
4017
4019
1980
4029
1982
4035
1990
4045
2003
2004
2007
4058
4060
2012
2017
4066
2018
4067
4071
4072
2033
2035
2036
2037
2039
4088
2043
4091
2044
2045
21
161
257
323
227
100
68
38
328
105
139
333
77
80
274
307
19
153
282
154
156
350
