1210
4096
2
2052
4101
2053
4106
2058
4108
15
4113
2065
2070
23
24
4121
2075
2078
4126
2079
32
2081
4130
4131
2086
4135
40
4137
2090
44
45
4142
46
48
4145
2100
53
55
56
4154
2110
63
4159
2111
67
2115
2117
2118
4166
2124
78
2127
4177
83
2131
4183
89
4185
90
4187
2140
94
2143
95
96
4192
2144
97
4193
4194
2147
2149
102
4200
107
4204
4206
113
115
4211
2165
4216
122
124
126
128
2176
4225
4227
132
134
4231
136
2185
4234
2188
4236
142
2192
2194
2197
4245
2200
2201
4251
2204
159
2211
166
2214
168
2218
4267
2220
4268
4271
4272
178
4274
4276
2228
2230
182
2232
4282
2239
2240
4288
193
4293
201
2249
204
205
210
213
2261
216
217
4316
2268
222
223
4320
4321
225
226
4324
229
2282
4332
2284
239
2287
241
4337
2290
4338
242
243
246
2295
248
249
2300
2302
4350
2305
4353
4354
2306
2307
260
4356
4357
4358
2312
2313
2314
267
2315
270
273
2326
4376
4378
2334
2335
289
4387
2342
295
297
4394
2347
4396
2348
4397
303
2351
2352
2355
307
309
4408
2361
316
317
4415
319
320
4417
2372
327
2375
4425
4430
2384
336
4433
4434
2386
344
4440
2393
2394
352
2401
2403
4453
4455
360
2409
2410
4458
2411
363
364
4460
4461
4462
367
372
2421
2422
4472
2425
377
2427
2428
382
4478
383
2432
385
4484
388
4486
2439
4487
2440
4489
2441
394
2443
2445
4493
4494
4496
2452
2453
406
408
4504
4507
413
414
420
4519
2474
426
430
432
433
2483
2485
4533
2487
2490
2491
4539
2492
446
448
4544
452
4549
4550
456
457
2505
4554
2508
2512
4561
4562
4563
2515
474
2523
476
2524
4573
4574
479
2527
2528
2530
484
4585
493
4590
494
2543
496
498
4595
499
4596
4598
504
4600
2552
506
2556
4604
4609
4610
2567
2568
4617
521
2572
4623
529
4625
2579
532
4629
536
2584
2588
4637
543
2591
2592
545
4643
2596
4645
2599
4648
4649
4650
4651
559
562
4660
2614
569
572
2621
4669
4672
2624
578
2626
4675
4676
580
2629
582
4681
587
4683
589
2638
593
2641
2643
4691
2645
4694
2649
2652
4704
2657
609
4707
615
2665
4715
2667
4716
4717
2669
4719
2673
4723
627
2676
2677
632
2683
4732
2686
2689
4738
2690
4739
2692
646
2698
4747
4750
4751
4752
656
4753
2705
660
662
2712
2714
666
2715
667
4767
673
675
2726
679
2734
4782
4783
688
2737
4788
694
2742
695
2743
4792
2745
2750
703
2754
4803
2760
2764
4813
4814
719
2767
4815
4818
4821
725
732
4828
733
4830
734
735
741
2790
4838
4840
744
4841
4842
4843
753
2801
4851
758
761
2809
4862
4863
2815
4865
2820
772
4869
4872
778
4875
780
2828
782
2830
784
4880
785
786
2834
4883
789
2838
792
2846
800
801
2850
802
803
2853
2854
806
808
2857
810
2858
2859
4909
2861
4910
4913
4914
819
2867
821
4918
825
2875
4926
2883
837
2885
838
4935
4936
4937
4938
845
4947
2901
4949
854
2903
856
2904
4954
861
2910
864
865
2914
866
2915
4969
4970
875
2927
2932
2933
4982
4984
889
4987
2941
4990
2943
4992
4993
4994
2947
4996
901
2950
5000
2953
2954
907
5003
5004
5008
917
5014
921
2970
5019
923
924
5022
5023
5025
2980
933
5029
5031
5034
5035
941
942
5038
5039
943
2992
2993
947
5044
948
2998
2999
952
3003
957
3005
5056
5057
5058
3011
3013
3015
5063
5066
971
3021
3023
975
5074
3029
5077
982
5078
984
3033
3035
3037
3038
5087
3039
992
5089
3042
3043
996
3044
3045
5093
998
1001
1004
3054
5103
5104
5106
1010
1012
3060
1013
5111
5115
3071
1023
5123
3075
1031
1033
3082
3083
3091
5139
5141
1050
3100
3101
1055
1056
5153
1058
1059
1062
3111
1063
1065
1069
5165
1070
5167
1071
5168
1073
1074
5175
1079
3129
5177
3131
5179
5180
1085
3134
1086
1088
1089
3139
3140
3144
1096
1097
1098
5197
1104
3155
1108
3158
5207
1111
3160
5210
1115
5211
5214
1119
5219
1124
1125
5222
3174
5223
1128
5224
3178
1131
5227
1132
3181
1134
3182
3183
1137
5235
1140
5238
3190
1144
3193
1145
5241
5242
5248
5250
5251
3204
3205
5253
1160
5256
1166
1167
1168
5264
3217
5266
3218
5267
1174
5270
3224
1177
1181
1182
5279
3234
1186
5283
1188
1192
5291
1196
5294
1200
1201
5297
3251
3252
5303
1207
1208
3256
5309
5311
5312
1217
3270
3271
3272
1224
3274
5327
5329
1235
5334
5335
1241
5337
3291
3292
5342
5343
3295
1251
3300
3301
3302
1256
3307
1260
5357
3310
1263
1266
1268
3316
5365
3320
1273
3322
5370
5372
3327
1279
1281
3329
1282
5378
3331
5381
1286
5382
3338
1290
1292
3340
5389
3342
5391
1295
5392
1298
3348
5398
3350
1302
5401
1309
3358
1310
1311
1315
5411
1317
1318
3366
1319
1320
3369
3370
3371
3372
5421
1326
5422
3375
1327
3376
3377
3380
1332
5429
3382
1334
1335
3384
5436
1341
3389
5438
5439
5440
5441
3394
1347
3397
3399
5447
1355
5452
5454
1362
3410
1364
5461
3414
3415
5466
3419
5468
3420
1377
5474
3428
1382
5483
5484
1389
5490
3443
5493
1398
5494
5496
3452
3458
1413
1415
5513
3465
3466
3468
1420
3469
1421
5521
3477
3478
5528
3481
1433
3482
1434
1437
1440
3490
3491
1446
5542
1452
1453
5551
1458
5555
5556
1461
3510
1462
5561
3513
5563
1467
5566
5578
3532
1486
3535
3539
1491
1494
3544
1497
3545
3548
1503
3553
1509
1510
1513
1516
1519
1522
3571
1524
3572
1527
3577
1532
1533
3582
3586
1540
3589
3590
3593
3594
3597
1550
1552
1556
1558
1560
1562
1563
3612
3613
1565
3614
1569
1573
3622
1575
1576
3626
3627
3629
1581
1583
3633
3637
3639
3643
3646
1604
1607
1609
1614
3664
3666
1619
1620
3668
3672
1626
3680
1635
3684
1636
1640
1644
1648
1656
1657
3707
1660
3711
1664
3715
3716
3719
1671
3722
3726
1678
1680
3728
3730
1683
3738
3743
1697
1698
1699
1700
1701
3750
3751
1703
1704
3752
3757
3759
1717
3765
1718
1720
3770
1722
1723
1728
1734
3786
1741
3789
3791
3792
3796
1748
1753
3811
1764
3814
1766
3816
1771
3819
1774
1775
1777
3826
1779
3828
3832
3838
3841
3842
3849
1802
3853
1807
3859
3860
3861
1816
3865
1823
3873
3877
3878
1834
1838
1840
3890
3891
1847
3897
1851
3902
3904
1857
3908
3914
1867
3917
1870
3919
3920
1874
1882
3930
3937
3939
3941
1895
1905
3957
1909
1910
3959
1913
3962
1920
1927
1934
3982
3983
3984
1939
3991
1948
3997
3999
4002
4004
4005
1960
1961
1963
1966
4016
4017
1973
1980
4029
4034
4035
1988
4039
1991
1995
4046
4047
2004
2005
2007
4055
4058
2011
4061
2014
4063
2015
2017
4066
4067
2020
2022
4071
2025
2030
2031
2033
2036
2037
4086
2039
4087
2043
2044
2046
24
224
257
323
100
68
38
199
327
395
333
307
19
372
340
85
408
88
57
26
282
251
316
29
350
