1048
4098
3
4101
4106
4107
14
4113
2065
18
19
2069
4118
23
2073
2075
28
2077
2078
4126
4127
2080
4130
4131
4133
2085
39
2090
4140
2094
4145
4146
4147
55
56
4153
2107
63
2112
67
4166
2121
2123
75
4172
4175
4177
81
2129
2130
83
2131
4181
89
90
4188
2140
4189
95
97
2147
2149
4197
102
2150
115
2165
2168
120
122
4218
4220
124
125
128
4225
133
135
2183
136
2185
4234
4236
2189
142
2194
147
153
2206
2208
2214
166
168
170
2220
173
2222
4272
2225
178
4275
180
4276
2231
2232
187
2239
2241
4290
2242
201
204
210
211
2261
215
217
2268
2269
2270
223
4320
226
4324
2277
229
232
2284
2286
4335
2287
2290
242
246
2296
249
4348
252
2302
4350
4351
256
2306
2309
261
4358
2313
4364
273
4369
274
2322
4378
2334
2335
290
4388
293
4394
2347
2348
2350
303
2352
2355
4407
313
4412
316
317
4415
322
324
2375
327
4425
333
4432
4433
337
4434
2387
4440
2393
345
2394
2397
352
2403
2406
361
2410
2411
4460
4462
4463
4466
2418
2422
4470
2427
2428
4476
385
390
4486
4488
2443
2445
398
4494
4496
404
2452
4501
2453
410
2462
414
2463
416
418
420
4519
426
431
2485
2490
443
2491
2492
446
4544
452
2501
4551
456
457
2505
4553
4554
2506
2508
4561
4562
466
4563
467
471
4567
2523
476
4573
479
4579
484
2536
4586
492
494
2542
2543
499
4596
500
501
4599
504
2552
506
4603
2556
4605
511
4610
2564
516
4615
2568
4622
532
536
538
2587
4637
543
2592
544
4643
4645
549
2597
4647
4648
4649
4650
554
558
562
4660
4663
572
4669
2621
4672
2624
578
4675
582
2631
4681
589
4685
593
2641
4690
2643
4693
601
4697
4699
603
2652
604
4701
4702
4704
2657
4705
4706
611
4712
4713
2667
4723
627
4724
2676
2677
629
632
4728
634
4732
637
2689
2690
4739
2692
4741
646
647
4743
4745
4747
2700
4748
4749
653
4750
654
4751
2704
4753
4757
662
2714
667
674
2723
2724
2726
2727
679
4778
2734
687
2739
4789
2742
695
2743
4795
2748
702
4800
704
4801
2754
4803
2755
708
2756
2757
2758
2762
716
4813
4814
2767
2768
4818
4821
732
4830
2784
2789
4838
745
4843
753
2801
4851
2805
2808
761
762
4859
2812
771
772
2821
4870
2824
4872
777
4875
780
784
786
788
4886
2838
4887
2841
2842
4892
800
801
803
804
807
810
4906
2863
4913
2867
819
821
2869
4918
825
2873
2874
827
2876
2878
831
4928
4935
840
4937
845
2894
2896
4947
4949
2901
856
4952
4954
2908
2910
2914
4963
868
2916
4966
4967
4970
874
875
2926
883
4982
4983
889
4987
896
4996
903
904
5000
2953
906
907
910
911
2960
914
2963
918
5016
921
2970
922
5022
2974
927
2975
5026
2978
2980
933
934
5031
5032
936
5035
2988
941
942
5038
5039
2991
2994
947
5044
950
2999
5048
953
959
967
5063
5064
5065
971
5068
3021
5074
3029
5078
3030
3034
5085
5086
3039
5087
3043
3044
996
3045
997
5093
3048
1001
1004
5103
5105
1010
3060
1014
5111
5114
3067
1019
5115
3074
3089
3090
3091
3093
3100
5149
3102
1055
1056
5153
1057
3107
3108
1065
3115
5165
1069
5166
5167
1073
1074
5171
5180
1085
3134
5182
1086
1088
1089
3137
3139
1096
5193
5194
1098
1100
1101
3149
3150
3151
3158
1111
3159
5207
3160
5210
1115
3165
5215
1124
3172
1125
5222
1127
1129
5227
1131
3181
1133
3182
1136
3185
1139
3187
5235
3192
5242
1148
5248
5250
3204
5253
5254
1160
3208
5264
1168
3217
5267
3219
1174
3223
5272
3224
1177
3229
1182
5279
5280
3234
5286
3241
5289
3244
1200
5298
3251
3252
5303
1207
3256
1208
5307
1211
1212
5309
5311
3263
3267
1221
1224
3273
3274
1226
3275
5323
3277
3279
1232
1235
5334
5335
5337
1241
3292
3293
3295
5343
1251
1256
1260
5359
1263
3312
3313
1266
1268
5365
3320
3322
5370
3324
3325
3326
1281
3329
5377
3330
3331
5382
5385
3338
3339
1292
1293
5389
1295
5391
1299
3350
5400
5401
3358
1310
3360
1315
1317
3365
1319
1321
3370
3372
1326
3374
3376
3380
1332
5429
1334
5431
5435
3388
5436
3389
1341
5438
5440
5441
5442
3394
3397
3400
3401
1353
1355
5452
3408
3410
1362
1365
3413
3414
3415
3417
5465
1370
1377
3428
5477
1382
1383
5479
1389
3438
1395
5496
5498
5500
3456
3461
3466
3469
1421
1424
5524
3477
1430
3480
1432
1433
1434
1436
1437
5534
1440
1441
5538
5542
5546
3499
1452
5550
5553
5555
5557
5560
3513
5561
1469
5566
5569
5570
3523
5574
3526
5576
1481
3530
1482
3532
3533
1486
3536
1488
3537
3539
1493
1496
3545
1500
3549
3551
3554
1507
1508
3562
1514
3563
3566
1519
3569
3571
1524
1527
1528
3577
3580
1532
3581
1533
3583
1537
3587
3590
3593
3595
1550
3599
3602
3613
1566
1569
3618
3626
3627
3628
3629
1582
3633
1587
1588
3638
1594
1598
1599
3648
3650
1609
1611
3660
1614
3666
1619
1620
3668
3672
3675
3677
3680
3681
1633
3683
3684
1636
3692
1649
1650
1653
1656
3707
1660
1662
1664
1670
3719
1671
1673
3727
3728
1680
3729
3730
1683
1684
3738
3740
1699
1700
1701
3750
3751
1712
3763
1722
1723
1724
3776
3777
3784
3786
1741
3793
1753
1756
1766
1767
1775
1778
3826
3830
1785
1786
3847
3859
3861
3862
1816
3865
1817
1820
1823
3873
3877
1830
1834
3886
1840
3890
1843
3893
3902
3908
3911
1867
3917
1870
3919
3920
1873
1875
1882
1886
3938
3939
3944
3948
1904
1909
3958
3962
1914
1915
3965
1920
1927
1932
3981
3983
3984
3985
3992
3999
1953
4004
1960
4009
1961
1964
4016
4018
4020
4023
1981
4029
1984
4032
4033
4034
4035
4037
1990
1995
4045
1999
4051
4052
2004
4056
4058
2011
4060
4062
2018
4066
4067
2019
2020
2022
4072
2024
4073
2028
2031
4082
2036
2037
4086
4088
4090
2044
20
161
386
323
100
198
102
297
107
76
108
44
240
113
178
277
248
121
251
92
350
