1109
2
2051
3
4101
2057
4106
4107
18
2071
4119
24
25
2075
27
4126
31
4127
4130
4131
4132
4133
2085
40
4137
4140
2093
2094
2095
4145
4146
55
4153
2112
67
4166
72
2121
2122
4172
2124
4174
2129
83
89
90
4188
2143
98
102
4203
107
2157
2158
112
2160
4213
4214
118
2168
122
4218
2172
4220
124
125
2173
2178
131
2183
2185
4234
2187
4236
140
2192
2193
2194
147
4248
153
154
2208
4257
162
2211
4261
4262
4265
2220
2225
178
4274
4275
4276
181
2231
2234
4284
2239
2242
197
2251
204
4301
205
207
210
213
2261
4310
220
222
4320
2272
4321
226
4322
2274
4324
229
232
4330
4333
4336
4338
2290
242
243
244
4342
2296
249
252
4348
2302
4350
256
2306
4354
259
4358
2313
2316
4364
4369
4370
277
4379
2334
2335
288
4388
295
296
2347
4398
303
2352
305
2355
4403
4411
316
4412
4413
2366
318
4415
2372
4422
327
4426
4428
4430
4431
2383
4432
2385
2386
4434
341
343
4440
2397
4446
2399
352
2401
353
354
2403
4453
357
2406
359
361
2410
2414
2415
4466
4469
374
4476
382
4480
386
4483
2435
2436
4487
2443
2445
4494
4498
2452
2453
4501
2457
409
2462
414
2465
2467
420
4519
426
2474
4526
4528
433
2484
2486
2488
4537
2493
4544
449
4547
2501
4550
454
456
2505
457
4554
2507
4556
2508
2509
465
4561
4562
467
4563
2516
2518
4567
2520
2523
476
4572
4574
2529
4579
484
4585
2542
2543
2546
499
4595
4598
4599
504
2552
506
2557
511
512
4610
516
4614
2568
4620
4622
2575
4623
530
4626
2579
532
4632
538
4637
543
2592
544
2593
545
4643
2595
4645
4649
4650
4651
4652
556
2606
2607
562
2614
4663
568
4666
571
572
2621
4675
2628
582
2631
4680
584
2633
4681
587
4685
593
594
4690
4692
4693
4695
4697
603
2652
4701
606
2655
4704
608
609
2657
4706
4707
611
2659
2660
2661
614
4712
4713
4714
2667
619
4719
2673
627
2676
2677
4728
4732
2692
4741
646
649
2698
653
4750
4751
4753
4756
4761
2714
667
4767
674
2723
675
2724
676
2727
4777
683
2734
686
4783
2739
692
695
4792
4793
4795
699
702
2750
704
2752
4801
4803
2755
2757
2758
4806
710
2762
2763
716
4813
719
720
2768
4818
2771
2772
727
4826
2781
4830
735
2789
2790
2792
746
4842
4844
753
2801
4849
4850
2805
758
4856
761
762
765
766
4863
768
4865
771
772
2821
2824
4872
777
2828
784
786
788
2838
4886
2841
2842
4892
2845
798
2846
800
2848
4896
801
802
803
2851
804
807
4904
808
2856
2861
2863
4911
4913
819
821
4918
825
2873
2874
4924
2877
2878
4928
4930
837
4934
840
4937
843
4946
851
4949
2901
2903
856
2908
861
2910
865
2914
4964
4965
4966
4967
4969
874
4970
875
2927
879
2929
881
882
883
4982
2935
2937
889
4987
4989
4995
4996
2953
5003
5009
914
5014
919
5016
2970
2971
5022
2975
2977
929
5026
2978
931
2980
933
934
5031
2984
5035
5038
947
2995
5044
5046
2999
5053
958
960
5056
5064
971
5068
5074
980
3029
5077
981
5078
3030
3035
5084
3037
5086
3039
992
3043
995
3045
5094
3047
3048
5099
1003
1004
5103
3057
1009
3061
1013
1014
3067
1021
1024
3074
5125
5127
3080
1033
5136
3090
3091
3093
1047
5147
3100
5151
1055
5153
5154
3107
3108
5158
3111
1065
1067
5164
1068
5166
1070
5167
3120
5168
5169
1078
1079
3129
3130
3133
5182
3135
1088
3140
1094
5192
5193
5194
1098
5195
3148
5197
1104
5206
1111
1112
3162
5215
1119
5216
5219
1124
3172
5221
3174
1127
3177
1131
5227
3181
1134
5231
5232
3185
1139
1140
5239
5242
5243
1147
3199
3200
1153
3204
5253
5255
5261
3216
1168
5266
3219
1172
5271
3225
1179
1180
3229
1182
1183
3234
5283
5286
5291
3244
1197
1200
1201
5298
3251
3252
5301
1206
3254
1207
5303
3256
1209
5307
1211
1212
5309
3261
3263
1217
1221
5318
3272
1224
3274
1226
5323
3279
1235
5335
1241
3289
5338
3291
3292
5341
3295
5343
5346
1251
1255
1260
1265
1266
3315
1268
5365
3320
5370
1276
3327
1281
5377
3331
1285
5382
1288
5385
3339
1292
3340
5389
5391
1296
3346
5397
1302
1303
5401
3355
1308
3358
3360
1314
1315
3364
3365
1317
1318
1319
3367
1320
3370
5422
1326
3374
3375
1327
1329
5426
1330
1332
5429
1333
1334
5436
3388
3389
5440
5441
3394
5442
1347
3396
5444
3397
5447
3400
5454
3406
5457
1362
3410
3411
3413
3415
3418
3422
3424
1377
3428
1381
5477
5478
5479
1383
3434
5483
5485
5488
1393
5491
1396
5493
1398
5498
5500
5507
1415
3465
5515
1421
3471
1424
3472
1426
3478
1431
1432
3480
5528
3481
1434
3482
1436
1437
5534
5536
1440
1446
5542
5543
5546
1451
1452
5555
3507
1460
1461
3510
5560
3513
5563
3516
1468
1469
5566
1471
3521
5569
3523
5572
1477
3525
5574
3530
3532
3539
3542
1496
3544
3545
3548
1500
1501
3549
1503
3553
1510
3558
3563
1516
3566
1525
1527
1530
3581
1533
1535
1536
1540
3590
1543
3593
3595
1550
3599
1552
1560
3609
1563
1564
3613
1566
1569
3618
3624
3626
1580
3629
1582
3631
3633
3638
3639
1594
3643
1597
3645
1598
3650
3651
3653
3658
1611
3660
1613
1614
3663
3666
1620
3674
3677
3679
1633
1636
1644
1647
1648
1649
1653
1656
3705
1658
1666
3719
1673
1676
1680
3728
3730
1682
3732
1688
3738
1691
3740
1699
1700
1701
3750
3757
3758
3763
1715
1723
3776
3777
3785
3786
1742
3792
3795
3800
1757
3805
1760
1761
1764
3813
3814
1766
1769
3818
1770
1771
1778
3828
3829
1781
1785
1786
3837
3841
3845
3847
3858
1810
3860
3861
1814
1815
3865
1819
3868
1823
3877
3878
1834
1840
1842
3891
1844
3895
3907
3909
3911
3913
3914
3915
3917
1870
1872
1873
1874
3927
1882
1884
1886
3934
1892
3944
3948
3950
1904
1905
3954
1907
1913
3963
3965
1920
3969
3970
1927
3979
3983
3984
1936
3985
3988
1943
3992
1950
3999
1953
4004
1956
1959
1960
1961
1963
1964
4016
4022
1981
1982
4035
1988
4036
4037
1989
1990
4041
1995
4047
2002
4051
4055
4056
4058
4060
2014
4063
2015
4072
4073
2028
4076
2029
2031
2033
4082
2035
2036
4086
2039
4088
4091
2043
2044
24
161
386
355
100
136
297
139
300
77
175
49
114
178
180
118
86
344
121
122
315
316
29
189
285
