1056
3
4
4100
4103
4107
2059
4108
2061
2064
4113
18
2075
29
2078
31
4127
4131
2083
4132
2085
4133
39
40
4137
4145
2097
55
4153
4154
63
2112
66
67
70
2123
4172
2124
2129
4181
4184
89
4186
4188
2141
95
97
99
2149
4197
4202
4203
2157
2158
4207
112
115
2164
2165
118
2167
122
4220
124
125
2175
128
131
2183
136
137
2188
4236
142
2192
2193
2194
147
148
4245
153
154
4255
2208
163
166
2214
4264
168
2217
173
4270
4272
178
181
182
184
2232
2234
4284
2242
4290
4291
4296
201
2249
4298
2252
4301
205
2255
2258
210
217
2268
220
221
222
4320
4321
226
229
235
2286
4338
242
243
246
248
2296
2297
4348
4350
255
256
2306
4358
2311
2312
2313
270
2318
273
2322
2324
2335
2336
290
2339
293
2342
295
2347
4396
4397
303
2351
2352
305
307
2355
4407
313
316
4412
317
2366
2367
4415
4416
2372
324
327
4424
4425
4428
333
4430
4431
4433
4434
342
346
2394
2397
352
353
2403
2406
2409
2410
2411
364
4461
367
4465
4466
371
4469
2422
2428
4476
4483
2436
2437
4485
4486
4489
2443
2445
398
4496
2449
2452
4501
410
4508
413
414
2462
2465
4515
420
4519
4526
431
4527
433
2485
437
438
2488
2491
2492
446
4544
4547
4551
456
2505
457
4554
2508
465
2514
4562
4563
2518
2520
4568
2523
476
479
2528
4576
4579
484
2532
485
4586
4587
494
2543
496
499
4596
2549
4599
504
506
4602
4603
508
511
512
4609
4612
516
2568
4616
2569
4620
4622
532
4632
536
538
4636
4637
2591
2592
545
4641
2596
549
4648
4649
4650
556
4652
4659
4660
4662
2614
571
2621
4669
4672
2628
4677
582
2633
4681
585
4685
589
593
2641
4689
2642
4691
2643
4693
597
602
603
4701
606
608
4705
4706
611
2660
4708
615
2667
623
4720
4723
2676
2677
4728
636
4732
2689
4738
4739
2693
4741
647
4743
649
4747
4751
2704
4753
659
2714
666
668
2717
674
2723
675
2724
2732
2734
4783
692
2742
695
2743
4792
699
4795
2750
702
4801
4803
2755
708
2757
710
2760
4809
2763
720
2768
4818
724
2772
4826
730
732
4830
4838
742
745
4843
749
2799
753
2801
758
2809
766
4862
767
771
772
2820
2828
784
786
4884
788
789
4886
2841
4889
794
2842
4893
2846
798
799
4896
801
802
804
2852
4901
805
807
808
2856
4904
4906
810
2861
813
4910
2863
2867
821
4918
824
825
2873
2874
4926
4928
2883
837
2885
4934
4936
4937
843
845
2894
4947
4949
2903
856
2905
4953
4954
4956
2908
861
2910
864
865
2914
2916
4967
872
4969
874
875
4971
2927
879
881
883
4980
4982
4983
4987
2941
5000
2953
907
5004
914
5017
2971
5022
927
2977
2978
5026
931
2980
933
5029
934
935
5031
5035
2988
2989
941
942
5039
943
948
2998
2999
953
5054
958
960
963
5064
969
971
3021
3023
5074
3029
5077
981
5078
3032
3033
3034
5085
5086
5087
3043
995
3048
1001
5103
3057
1012
3060
3061
1013
1014
5112
1020
1023
1025
3074
5123
1029
5127
1032
3080
3083
1036
5134
1041
3090
3091
3092
3093
5147
3100
1055
1056
1057
3107
1060
3108
5158
1065
1068
5165
5166
1071
5168
1073
1074
3122
1076
5172
3129
5177
1081
3130
5180
1085
1086
3134
1088
1089
3139
1094
1096
5193
1098
5194
5195
3148
3158
1111
5207
3160
5212
1118
5214
5215
5216
1120
5219
3174
5222
3181
3182
1134
3183
5232
1137
3185
5235
1139
3189
5239
5240
5241
5243
5250
3204
3210
1168
3216
3217
5265
3219
5267
3224
3229
5277
1182
3234
3238
5286
5287
1192
3241
5291
1196
3244
1200
1201
5298
3252
5301
1206
5303
1208
3257
5307
5311
1215
3267
1221
3270
1224
5323
3276
5329
1235
3284
5334
1239
1241
3292
3295
1247
5343
5346
1251
3300
1255
1260
1266
1268
5364
3322
3325
5374
3326
3327
1281
5377
3330
3331
1284
5382
5385
3338
3339
1292
1293
1295
1296
1299
3348
1302
5398
3350
1303
5400
1308
1310
3358
1315
3365
1318
1320
3370
3372
5421
1326
5422
3374
5423
1327
5425
5428
3380
1332
5429
1333
1335
5435
5436
3388
3389
1341
5438
5439
5440
5441
3394
1348
3397
1349
5447
3400
3402
1355
5456
1362
3410
3411
3414
1370
3420
1375
1377
1379
1380
1381
5477
1382
1383
5483
1389
5488
1392
3443
3444
5493
1398
5496
5499
5500
5509
3461
3465
5519
1424
3475
3476
3477
3478
5528
5529
1433
1434
5534
1441
3490
1446
5542
1448
3497
5546
1452
5550
5553
5555
3507
1460
5556
3509
1461
3510
5560
5561
1469
5569
3526
5574
5576
3530
1486
3537
1489
1492
1496
3545
1498
1500
3551
1505
3561
3562
3563
1516
3566
1519
1521
3569
3571
1524
3572
1525
1528
3577
1530
1532
3580
1533
3581
3583
3585
1540
3590
1543
1544
3593
3595
3597
1550
3599
1563
3612
3626
3627
3629
1582
3633
3638
3642
3643
1596
3644
1598
3650
3653
3660
1614
3663
3664
3665
3666
3668
1620
3672
3674
3677
1631
3680
1636
3684
1637
3687
1644
3692
1647
1649
1657
3707
1660
3708
1662
3711
1664
3719
1673
3727
1680
3730
1683
3732
1689
3738
1690
1691
3742
3745
1699
1700
1701
3749
3750
3752
1704
1705
3757
1713
3763
3765
3766
1720
3770
1723
3777
1732
3781
1741
3791
3792
3793
3795
1753
1757
3806
3811
1764
3813
3818
3819
3820
1775
1777
3826
1778
3828
1781
1784
1786
1787
3838
3839
3841
1802
1803
1815
1816
3865
1819
1823
3877
3879
1837
1840
3891
3901
1858
3908
3911
1864
3914
3915
1867
1868
3918
3920
1872
1873
1874
1882
3934
3939
3948
1902
1904
1905
1909
3958
1914
3962
1915
3964
1920
3970
1927
1930
3984
3985
3987
3992
1946
3997
1953
4001
1956
4005
1961
4009
4016
4020
4025
1981
1982
4031
1983
4034
1986
1989
4037
1990
4041
4045
1999
2001
4051
2004
4052
2005
4055
4056
4062
2017
4066
2020
2021
2022
4071
4072
4073
2028
4082
2036
2037
2043
2044
2045
2047
23
128
257
161
66
132
201
76
142
175
79
338
178
148
372
344
121
251
412
316
92
254
350
319
