270
2049
2
3
515
2051
2052
1030
6
1034
2058
15
2065
1043
539
545
547
1060
548
1573
39
1065
1578
44
45
1581
1070
47
1585
50
1587
564
54
56
1082
1595
1084
1085
1086
1603
68
581
1606
1608
585
1098
1611
587
81
1619
1108
87
1624
600
1112
1114
604
96
1636
1637
1639
1129
105
1643
1132
1133
1135
113
1650
119
634
635
124
637
1152
1666
1668
1156
134
136
1672
142
1679
1168
146
1172
149
1686
665
1690
668
160
674
1702
173
1710
687
177
178
183
1720
1721
186
699
1726
1214
1730
1220
197
709
711
1735
712
200
716
1743
1745
209
1746
1747
723
212
1237
727
218
222
1758
224
1249
1763
743
1767
1769
745
746
234
242
754
250
766
1792
258
773
1797
1798
1289
1292
782
1812
277
1813
789
790
1303
1818
1307
1820
1822
290
1314
1830
1318
811
1324
1838
1327
1329
1330
1331
819
309
1845
830
1855
1860
325
1350
1351
1352
331
1356
332
1359
849
1876
1365
343
1882
1884
863
866
1379
1380
868
1381
874
1900
1389
1901
1393
1394
1910
1401
1915
891
383
1408
897
899
1924
1412
1927
905
1418
395
1425
1428
1944
408
409
1435
412
1437
927
417
1956
420
932
933
1446
1960
936
1452
942
1454
434
946
436
439
956
1470
446
1471
448
451
964
969
458
1483
974
1491
467
980
477
479
480
2016
481
1511
2023
1002
1009
498
1011
1525
1527
1017
506
1532
1021
2047
17
32
2
98
4
5
135
44
111
146
114
83
55
154
122
91
158
94
