269
2049
1025
2
1538
515
2051
3
6
2058
1034
11
15
2065
1043
532
1046
1052
545
547
1060
1572
548
1061
550
1575
1578
558
1585
50
56
570
1595
59
1085
1086
1599
1602
67
68
581
70
1095
1608
1098
74
587
1611
77
81
1105
1108
87
600
1624
1114
604
1116
605
96
99
1636
614
1639
105
617
618
1132
108
622
113
115
1145
633
634
124
636
1152
644
645
646
1671
1672
1673
650
1674
139
142
1679
1168
1684
1172
149
665
1693
671
1183
160
1702
170
174
1710
1715
1206
1207
1721
1723
699
703
1727
1730
707
1732
1220
709
711
1735
200
716
1745
722
723
727
1240
1755
1243
220
222
224
1767
745
1769
234
1775
1792
1281
773
1798
1289
1291
782
1807
273
1810
787
1812
1813
789
790
1303
1818
1307
1820
1822
1313
1318
1830
1831
299
1324
1838
819
1331
1333
309
1845
823
1852
1341
1855
1860
325
1350
1351
1866
331
1867
1868
1356
1872
849
1361
1876
340
1365
343
1879
860
863
352
866
1379
867
868
874
363
1900
883
372
887
1912
379
891
383
897
1412
1927
395
1422
401
1427
1428
916
1944
1435
412
1437
417
1441
1444
932
420
933
421
1960
936
938
1452
1454
434
1974
439
954
1980
1469
1471
960
962
451
964
456
969
458
461
974
1998
463
467
980
2005
470
982
1501
480
2016
993
2023
2025
489
1002
493
1517
498
1011
1525
1527
2040
506
1532
509
16
32
98
5
71
135
44
76
142
111
117
21
56
153
122
94
63
