292
2
1538
3
515
1029
1030
6
1545
1034
522
1550
15
1041
1043
544
33
547
548
39
1578
44
1581
45
558
1070
1585
564
54
55
56
1595
571
573
1600
1088
1089
1603
579
1604
580
68
1605
581
70
1095
1096
1608
74
1098
1100
77
589
81
1106
1108
84
87
1624
1112
1114
92
604
1120
1121
98
99
611
1636
1125
102
1639
617
1129
619
107
1132
1644
1133
1137
627
118
1143
1656
634
1152
1668
132
646
1672
649
138
142
1680
1170
1172
1686
1687
665
1690
667
668
670
671
160
1185
1703
170
173
174
177
178
1714
1206
183
695
186
1210
699
704
192
1730
1220
1735
711
200
712
716
204
1743
1745
722
1746
723
212
727
1752
218
1242
1243
732
1245
1758
222
224
1249
1251
1763
1767
745
1773
241
754
250
1792
1793
772
1285
773
775
776
1289
1803
270
274
1812
1813
277
789
790
1303
793
1818
1307
1820
290
1314
1830
1318
1324
300
1838
1329
1330
1331
309
1334
1855
1344
1348
1349
837
1350
326
1351
1353
331
1868
332
1356
1359
1872
1361
1876
852
1879
1884
1373
1891
1380
362
1388
876
1901
367
880
1392
369
370
372
1400
383
1408
897
1923
1412
1926
1927
1930
1418
395
1420
914
1939
916
1428
918
408
1944
409
1435
412
924
1437
1438
415
1442
1444
932
933
1446
1960
1963
1452
941
942
1454
434
947
948
954
1978
1467
1471
962
964
1991
969
457
458
465
2001
467
980
2007
1504
2016
2018
2023
2025
1001
1002
491
2036
1525
1013
2038
1017
1530
506
1531
1532
509
18
32
96
4
37
8
43
76
15
111
143
146
83
149
55
119
93
94
158
