324
2
3
6
1034
2058
522
2059
15
2065
1041
2068
1052
544
545
1570
547
1060
548
1573
1065
1578
558
1070
1071
1585
49
1587
54
56
1595
571
1085
1086
1600
1601
67
1603
580
1605
581
70
1095
1096
1608
585
74
1098
587
1611
1100
77
1105
81
1108
87
1624
600
1626
1114
604
92
611
99
1636
614
102
1639
1129
617
618
107
1131
1132
1644
1133
113
1650
627
115
1141
630
1143
631
1656
1145
634
635
124
1660
637
1668
1156
132
645
134
1671
1672
142
1680
1168
1170
1172
149
665
1689
1693
670
1695
671
160
1703
1192
170
1195
173
174
177
1714
1207
1721
1210
699
1723
1726
1727
703
192
1732
1220
709
197
1735
712
1224
1738
716
204
1745
722
723
727
1242
1243
222
224
1251
1763
229
1769
745
746
234
242
1272
1277
1792
1793
772
773
1285
775
263
1289
1291
1803
782
270
1810
787
277
1813
790
1303
1818
282
1307
795
1820
1822
1824
1313
290
1830
1318
1320
811
299
1324
1838
1327
816
1330
1331
307
1334
1336
1341
830
1342
1855
1344
1856
322
1860
325
326
1350
327
1352
1867
843
331
1868
1359
1872
849
852
1876
1365
1879
1880
859
863
1887
867
868
1381
874
362
1900
876
1392
1393
370
883
372
1396
887
1401
380
383
1408
897
1412
1926
1927
1417
395
1422
911
1426
1939
1428
916
918
1943
1944
922
412
1437
415
927
417
1442
1443
1956
932
1444
933
934
1958
1960
426
1452
941
942
1454
943
434
948
436
1974
439
954
1978
1471
448
1986
962
453
969
458
1997
974
463
464
467
980
982
477
1503
2015
480
481
2018
1506
2023
488
2025
1002
2026
493
1009
498
2036
1525
1013
1527
1017
1530
506
1532
1020
1021
18
131
37
39
135
8
76
143
111
81
146
114
83
21
119
56
154
122
94
