273
2
1538
2051
515
6
522
1034
523
2059
1550
15
1043
19
543
31
544
545
547
1060
548
1061
1577
1066
44
556
558
1070
1585
1589
54
1080
56
1595
571
1085
1600
578
67
1603
579
68
580
1604
1093
581
1605
70
1095
1096
584
585
1611
589
77
78
81
1108
87
1624
604
1116
92
605
1120
1122
611
99
1636
107
1644
622
1136
627
1140
1143
631
1656
634
124
1660
131
1668
132
645
1160
1672
649
138
1680
1170
1172
1687
1689
1693
670
160
1703
1192
170
1707
173
695
696
1210
703
707
1220
708
709
1735
711
1224
1738
716
204
207
722
723
214
1752
218
1242
1243
732
224
229
230
1767
745
244
1781
1272
1792
1795
772
1285
775
265
1803
1294
787
1812
789
1813
277
1303
793
1818
1820
1318
1830
811
299
1324
300
1838
1841
1330
1331
309
1334
1336
1852
830
1342
1855
1344
1856
1349
837
326
1350
1351
1353
843
331
1868
334
1359
1360
1361
852
1876
1877
1878
1879
855
1880
859
1887
866
1891
868
1897
874
362
1388
1392
880
370
1907
1908
372
1396
1397
1909
891
1403
380
893
1407
1408
897
1922
899
1926
1418
395
1420
1426
914
1939
916
1434
412
415
1442
1443
932
1956
1444
933
934
1447
423
936
941
942
1967
945
434
953
954
1469
960
962
964
969
462
980
1493
982
2007
1503
2015
1505
2018
483
2023
999
1513
2025
1001
2026
493
1011
2036
1013
1525
1526
506
1530
509
18
32
0
98
131
100
37
8
43
109
111
81
83
51
117
119
25
93
94
