311
1536
2049
1025
515
3
6
1034
2058
11
1548
15
2065
1043
2067
531
532
27
1052
544
33
547
1059
548
36
1061
552
1066
1578
44
1581
47
1585
50
56
1082
1595
1085
573
1086
1599
1600
1602
1603
68
1093
1605
1606
584
1608
1098
587
1100
1614
81
1105
1108
1620
1110
1624
600
1625
1114
604
92
1116
606
1118
96
1122
99
1636
100
614
102
1639
105
618
1131
108
1132
622
1647
113
1649
627
629
1656
1145
634
635
124
1154
132
1668
1156
645
134
1671
135
647
1672
649
1673
139
142
1680
1168
1170
1172
1684
149
665
1693
670
1183
160
1185
674
1703
170
1194
1706
173
687
1207
1721
1723
699
703
1730
707
1220
1732
197
1222
1734
1735
711
200
712
202
716
206
1745
722
723
1748
727
1752
218
220
732
1245
1758
224
739
743
1767
1768
745
233
1769
1773
1792
1281
1285
1798
262
775
776
1289
265
1291
782
1810
787
1813
789
790
1303
1818
1822
1310
1824
1313
805
1318
1830
807
1321
809
299
811
1324
1837
1838
303
816
1330
1333
823
1338
1341
1855
1856
1857
1349
837
325
1350
1351
328
1867
331
1868
1356
1359
338
340
343
1879
1882
860
1373
863
867
1385
362
883
372
887
379
383
1408
1924
1412
1927
1417
395
397
1422
399
1425
401
1427
916
1428
1944
1434
412
1437
927
1952
417
1956
933
421
1446
1960
938
1452
941
942
1454
439
440
953
1978
954
1469
1470
1471
448
960
1986
962
964
456
969
457
458
1997
974
1998
1486
1999
463
467
980
470
982
472
2014
480
1506
998
2023
488
2025
1002
493
1517
498
2036
1525
1527
1530
1532
1020
1021
509
19
32
129
67
37
39
71
72
8
43
44
142
111
83
21
117
149
56
122
91
