226
1025
2049
3
515
1029
6
1030
1034
522
523
15
1043
539
544
545
547
548
1061
1066
1578
44
45
558
1585
54
55
56
569
1082
1595
571
1086
1603
68
580
70
1095
1608
1098
587
77
81
1619
1108
87
1112
1624
88
1114
604
98
1122
99
611
1639
1643
107
1132
1644
622
1136
627
1656
634
124
1152
1666
1156
1668
645
134
1672
138
142
1168
1170
1172
1684
149
1176
665
667
156
670
160
1703
173
178
691
1716
1720
1721
698
699
1214
1731
1220
1735
711
200
204
716
1745
723
1748
1238
727
222
224
739
1252
1767
745
1769
234
241
754
1781
250
1792
1281
258
773
1289
1803
1809
1813
789
790
1303
793
1818
1820
1822
1314
1830
1318
299
811
1324
1838
1329
309
1334
1339
1855
1344
1860
325
1349
837
1350
326
331
1868
1359
849
340
852
1877
1879
860
350
866
1379
868
361
362
1900
1388
1901
880
372
891
1404
383
1408
899
1412
1927
1417
1939
1428
1944
1435
412
1437
415
417
1442
1956
420
1444
932
933
1447
1960
936
1963
1452
1454
942
439
1978
443
1471
960
451
969
458
1998
467
980
1493
2007
480
2018
2025
2026
1002
1009
2038
1527
506
507
1532
13
96
0
65
98
71
135
8
43
111
83
19
119
158
