256
3
2052
1029
1030
6
522
2059
15
2065
18
2067
545
1060
1061
550
1066
1578
556
45
558
1585
50
54
55
56
1082
571
1595
1086
578
67
68
580
1095
1608
585
1098
587
1611
81
1619
1108
87
1624
1112
600
1114
1116
604
98
1122
611
99
1636
1125
1639
107
1644
1132
1135
1136
113
627
115
1143
634
635
124
1660
1152
1668
132
645
136
650
142
1679
1168
1170
1172
1684
149
1689
665
667
156
1693
670
160
1703
173
178
1715
691
1716
183
696
1720
1721
186
699
703
1730
709
1735
1224
200
1738
716
204
1745
723
1748
727
218
1242
732
222
224
745
1769
234
241
754
1781
1272
1792
1281
773
1289
1803
1809
1812
1813
789
277
790
1303
1818
1820
1822
1314
805
1830
1318
299
811
1324
301
1838
1329
309
1334
823
1336
1339
316
1342
1855
1344
1860
325
326
1350
1351
1868
332
849
1361
852
855
1879
1880
859
860
1884
350
863
352
868
1900
1901
367
1396
1909
1910
1400
379
380
1408
897
1412
1926
1927
1417
1418
1426
1939
916
1428
1943
1944
1435
412
1437
415
417
1443
932
1956
1444
933
934
1447
1960
1963
942
1454
946
439
953
1978
956
446
1471
962
456
969
458
974
980
1493
982
1503
2015
479
480
2016
2018
2025
2026
1002
493
498
2035
1011
2036
1525
1013
2038
1527
2040
506
507
1532
2047
14
32
0
96
131
71
135
8
81
83
117
119
55
122
158
