276
2
515
2051
3
6
522
11
1043
544
33
545
547
36
548
550
552
1066
42
1070
558
1071
1585
50
564
54
56
1081
1595
571
573
1085
1086
63
1599
1600
1601
579
68
580
581
1605
70
1096
1608
73
587
589
81
1108
87
1624
1625
92
605
606
1630
96
1122
611
1636
102
1639
1129
105
618
619
107
1132
1644
108
1133
1650
627
116
1145
634
124
637
1661
127
132
645
134
1671
137
649
1673
138
651
139
142
1679
1680
1168
146
1172
149
1176
665
1690
668
670
1183
160
1185
674
1702
170
173
1710
177
1721
1210
699
1727
704
1730
1222
711
712
1736
1737
716
1745
722
1747
727
1752
1242
1245
222
224
1763
1766
745
1769
1773
242
1792
773
1285
1797
776
782
1812
277
790
1303
793
1818
1820
1310
1313
290
1830
1832
811
299
1324
1837
1838
1330
1331
307
819
1333
309
1334
830
1855
1344
1860
1349
325
837
1350
326
1351
1352
328
849
1876
852
1879
859
353
1379
1380
1383
363
1900
1388
876
1392
370
372
887
383
1408
897
899
1411
1412
1926
1927
1929
1418
395
909
1422
1939
916
1428
1944
1946
1437
414
927
415
417
1442
932
420
1956
1444
933
421
1446
1960
936
938
1963
1452
942
1454
432
434
1974
439
954
1467
956
1469
1471
960
1986
962
451
964
969
457
458
2001
980
982
470
477
480
2016
2018
483
2023
2025
1002
1519
2036
1525
1013
1527
1017
1530
2042
1532
1020
509
2047
18
32
98
37
135
104
43
44
142
144
82
146
114
83
19
149
119
56
94
