206
1025
2
3
1030
6
1034
15
1043
532
544
547
548
1066
1578
45
1585
50
55
56
1081
1595
1086
1600
581
1605
1608
1096
1098
587
81
1106
1619
1108
87
1112
600
1625
1114
604
92
606
1630
96
611
1636
102
1639
616
105
108
1132
1135
119
1143
634
124
1152
1154
1156
132
645
1672
1160
142
1679
1168
1680
1172
1684
149
665
157
1693
160
1185
1702
170
178
1721
1212
1214
1730
1220
709
1735
712
1736
1737
716
1745
212
727
1752
218
1243
1245
222
224
1249
1767
1769
745
234
1773
754
244
250
766
1792
1281
1285
773
1289
1803
787
1812
1813
789
790
1303
1818
1310
1822
1314
1830
1318
1324
1838
1329
1330
1331
309
823
1339
1855
1856
1860
325
1350
1351
331
1356
332
849
1876
1878
343
860
1884
1897
1385
362
363
1900
1901
1392
1909
1402
379
380
897
1922
1411
1412
1927
395
1426
1428
916
1944
412
1437
417
1443
1444
932
933
1446
1960
1454
434
439
954
1471
962
456
969
457
458
1998
467
980
2016
480
483
2023
1513
2025
1002
493
2036
1525
1527
1530
506
1532
12
32
144
81
51
149
37
71
135
44
94
158
111
