151
0
1
769
260
774
779
12
268
15
1040
17
786
532
791
24
282
794
1051
540
798
35
37
551
42
556
302
558
814
47
816
817
1075
819
308
1077
53
823
570
829
318
575
1088
1089
577
834
67
323
579
325
69
582
71
1097
585
1098
589
333
591
847
849
81
84
342
598
601
603
349
350
863
98
355
358
360
874
107
365
878
373
630
887
634
127
128
642
130
899
900
389
133
138
140
398
911
144
657
913
914
917
661
664
920
152
923
926
162
677
165
683
940
941
952
184
189
701
958
191
449
705
197
455
202
972
973
205
720
977
210
213
215
984
732
221
989
991
224
995
1000
488
237
238
240
1011
499
500
756
245
250
1020
764
1021
767
2
35
84
