453
1026
2051
2052
5
2056
8
9
2059
1035
1036
2060
13
16
1040
2066
24
1050
26
28
29
2078
2079
33
1058
1060
1062
2086
1064
2089
1065
2094
47
2097
49
2098
1075
2099
53
54
55
56
63
2112
2118
70
2120
1097
75
1105
2130
82
1106
2134
2136
1112
89
2142
2144
97
100
2149
2150
104
2156
110
2159
1135
1136
112
1137
1140
118
2168
2169
123
2171
1149
127
130
2178
1155
2182
1160
140
2189
1165
144
1169
148
1173
1175
1177
154
2204
1180
157
159
1183
2209
1185
162
1189
165
1190
167
2216
2217
1195
1196
172
1202
1203
2231
184
2235
2237
189
1213
1214
2239
198
199
1228
205
206
2255
208
1233
2259
213
215
216
1248
1249
1250
2276
1253
1256
1257
2282
1259
1260
241
1265
2292
2293
1271
248
2297
250
1277
1279
2303
1280
1283
2308
1285
263
265
1291
267
2316
270
1296
2321
1300
2324
277
1301
279
2327
281
283
2332
2334
289
290
293
297
1321
2345
1322
298
2346
303
304
2358
1334
1335
1337
316
2365
1342
1344
2368
2371
1347
2377
1353
2378
2384
2388
344
1370
1371
347
2396
353
1379
356
1382
2407
1383
2409
362
2413
369
2418
370
2419
371
1395
372
2423
375
1402
2432
1410
2434
2435
389
2438
390
2443
2446
2447
1425
1426
403
1428
1436
419
1444
424
429
1453
433
1464
1465
1466
1467
445
447
1472
450
1476
1479
459
1483
1488
468
1493
1496
1498
1503
480
481
1507
1510
486
496
497
1528
1529
1534
511
1537
518
1543
523
528
1552
1554
530
536
538
539
1564
1568
1571
548
1574
555
558
559
561
1588
564
569
577
1611
1614
1615
595
596
1620
597
1621
1623
1628
606
612
1636
1637
1643
624
625
627
628
1654
1657
634
1664
1665
642
643
1669
1670
1673
651
1676
652
1685
663
1690
667
1692
1694
672
679
681
1706
689
1716
1720
697
698
703
1728
704
1731
713
1738
1741
1742
1754
733
735
1759
736
738
742
749
1773
751
1778
1781
1782
761
763
770
1798
1801
777
1805
782
1814
793
1818
795
1820
801
1827
804
806
1836
1837
1841
817
1843
820
1845
1849
829
1856
1860
1864
842
1871
1877
1880
864
869
871
1896
1899
876
1902
879
1904
880
883
1911
1913
890
1915
1917
1920
1923
908
912
916
1941
918
1944
1950
932
933
1965
1975
1976
1977
957
1984
960
961
965
1989
1993
1997
980
988
2012
993
2018
1003
1005
2033
2040
1018
2044
2045
2047
21
161
98
34
101
134
6
8
73
138
45
48
112
113
82
19
148
86
57
122
59
125
