45
0
1
2
4
68
69
5
7
8
9
10
11
12
13
15
16
17
18
19
20
22
23
26
28
29
30
31
32
33
37
39
41
42
43
44
45
46
49
50
52
53
58
59
60
63
115
261
6
263
8
265
10
11
12
13
269
272
273
274
18
275
20
279
280
25
27
284
28
285
29
30
31
287
33
290
291
36
293
294
296
40
297
41
298
300
302
49
50
51
56
58
59
60
64
75
77
79
80
81
82
84
85
86
89
93
94
95
102
104
105
106
107
111
114
120
123
124
125
131
136
138
141
142
143
144
145
156
158
162
164
167
168
169
170
171
172
173
176
178
180
182
187
197
200
203
208
217
219
220
221
227
229
232
233
234
238
240
241
242
246
253
