44
64
1
66
2
3
68
4
5
69
8
10
11
12
13
14
15
16
17
19
23
24
26
28
30
31
32
33
36
37
39
40
42
44
45
48
49
50
51
53
57
58
59
60
62
112
257
258
2
259
4
7
263
8
9
265
11
269
13
272
16
274
275
22
280
25
27
28
31
33
36
37
293
294
39
295
296
41
42
299
302
48
49
50
51
52
54
56
58
61
64
65
67
70
72
74
78
79
80
86
87
90
91
95
100
102
104
107
109
111
113
114
117
126
133
136
143
144
159
162
164
167
171
174
176
178
181
184
188
193
194
196
200
208
211
212
215
216
217
218
219
220
221
222
227
229
231
232
234
236
239
240
241
242
246
251
252
255
