44
64
1
66
2
4
6
7
9
10
12
13
15
17
18
19
20
23
24
26
27
28
29
30
31
32
33
37
39
40
41
42
44
45
46
50
51
52
53
55
57
58
59
60
63
106
256
0
1
2
3
260
6
263
7
8
9
10
266
12
268
271
273
17
275
20
280
26
285
287
288
33
34
44
46
50
51
57
58
60
61
65
70
71
75
76
77
78
80
81
82
83
84
86
87
95
96
98
100
101
102
104
109
116
117
119
120
123
124
125
130
135
145
148
149
152
155
157
158
161
163
165
170
173
174
180
181
187
188
191
197
200
201
203
205
209
214
216
217
218
226
228
229
232
238
239
242
243
244
245
246
250
