46
0
64
1
2
67
3
4
69
6
8
9
11
13
14
15
16
17
18
19
20
23
24
26
28
29
30
31
32
36
37
39
40
42
43
44
45
46
49
51
53
56
57
58
59
60
62
117
257
2
3
7
8
267
14
270
271
274
275
277
278
279
24
280
283
28
286
31
289
34
35
291
294
295
41
300
50
51
52
56
57
59
66
68
69
70
73
76
77
78
80
82
85
86
87
89
90
95
97
102
104
107
113
114
119
123
124
125
126
128
132
133
134
137
139
141
143
144
145
151
152
153
156
159
162
163
164
165
168
169
172
173
176
177
180
189
191
195
196
198
199
202
203
207
208
213
214
215
219
225
227
229
230
233
234
237
238
239
240
242
243
246
247
248
253
