273
515
1028
517
520
1032
1545
523
11
1550
527
1039
1042
1556
533
1560
538
1562
1052
540
1059
36
1060
39
553
1579
44
1070
1582
558
1071
47
48
1075
563
566
568
1593
57
1594
1084
1597
573
1088
577
1603
1604
1095
73
1611
76
77
1614
1102
594
1106
1620
596
1111
1114
604
93
607
1631
97
612
1636
1125
1638
107
620
109
1136
1137
626
1141
1653
630
1143
1145
1658
1659
637
1152
128
640
1666
644
136
139
1166
143
1167
1680
657
1171
662
1691
157
159
1695
672
673
676
1189
165
679
680
170
176
695
183
1720
1721
1209
1722
1211
700
191
193
1218
194
1730
1731
1732
1221
1736
1225
202
204
1741
1742
1743
1746
1235
1749
1238
1751
217
221
1245
738
229
1766
1256
1257
745
236
1776
1264
763
1795
1284
1797
774
265
1293
782
1807
1296
790
1303
1306
1818
795
796
1821
286
287
1824
800
803
1827
1828
1317
1829
808
297
1328
819
1334
311
1339
833
1345
1350
840
329
845
1359
335
849
1361
850
340
342
857
1374
355
869
358
359
1386
1387
878
366
1391
1392
881
1393
370
1399
1400
1403
381
386
388
391
904
1417
905
1419
395
396
910
399
913
914
1426
408
926
415
417
1441
1442
421
935
428
944
946
949
1466
955
445
448
1474
451
963
454
968
969
457
458
1485
469
475
1500
1501
1504
481
993
1508
1512
488
1000
1515
1005
1523
1015
1529
1017
1018
1021
1023
4
16
37
43
159
