148
515
1795
1284
1797
11
1039
527
1556
533
790
1303
538
1306
795
540
1052
796
1821
286
800
1824
33
803
1059
1827
1317
39
1579
1070
47
1328
48
819
566
1334
568
1593
1594
1339
573
1597
1088
320
1345
1350
840
1611
77
1102
1614
335
1106
850
1620
340
1111
857
93
1374
1631
355
1636
1125
358
1386
1387
366
1136
1393
1141
1143
1145
1658
1403
1659
637
381
640
128
386
1666
644
388
391
1160
395
1419
139
1166
1167
143
1680
913
411
159
1695
417
1442
676
165
679
170
428
944
176
949
695
183
1720
1721
1466
445
193
1474
451
1732
1221
454
1736
968
1741
1485
1742
1743
1746
1235
1749
469
1238
217
1500
1245
734
481
738
1508
229
1512
1256
745
1515
1005
1264
1776
1523
1017
1529
1021
2
37
159
