141
1797
1033
11
1037
527
1808
1553
1300
533
1559
1306
1052
796
29
30
1310
1312
1824
1827
1572
292
805
1317
1574
39
555
1582
48
1328
819
309
310
1590
566
55
1593
58
1339
1597
320
584
72
1611
77
1614
335
1616
1106
340
1111
857
1370
1116
1374
353
357
1125
1638
1385
362
1387
366
1136
1649
115
631
1143
632
1658
1659
1403
635
636
637
381
640
128
1666
388
644
1669
648
1160
138
1419
139
1678
143
913
1171
403
1174
671
1695
159
417
1442
1443
938
170
1196
428
1203
949
1720
697
1721
1213
193
451
1221
454
455
1485
1741
719
723
980
981
1749
469
217
1500
1761
481
738
1508
1256
1515
1007
1263
752
242
1523
1780
1782
503
1529
1532
1021
1023
2
132
159
