405
1035
1036
2060
13
1037
14
20
1045
2070
1046
1047
24
2073
27
1052
1054
2079
32
34
1062
2087
41
1065
43
2091
1069
2094
47
2095
2099
54
1083
60
1085
2110
2114
1095
1097
1098
2122
2128
81
82
2131
2132
85
1110
87
2137
2140
1119
2143
1124
2149
2150
1126
103
104
1131
107
2156
108
1134
111
2164
2165
1145
1150
2175
2177
2178
132
2182
1159
2185
1164
141
2191
1167
2192
144
1172
2199
1178
156
157
1182
1183
2209
162
2211
164
1189
2214
1191
1193
1195
2219
1196
172
173
2222
1199
178
179
180
1208
185
1210
188
2237
189
1219
196
2244
2246
1222
1227
1231
211
213
1237
215
1247
223
227
228
230
1254
1258
236
243
1269
245
247
248
1275
1280
1282
1287
264
1288
1296
274
282
1306
1309
1310
1315
1318
296
301
307
1331
1340
318
320
324
325
1352
1353
331
334
338
1363
339
340
341
1367
343
351
352
1377
1379
356
1381
358
1382
1384
366
1394
370
1395
1398
375
1400
380
381
1405
384
388
1412
389
1414
391
393
1425
401
402
406
1431
410
419
1444
428
1453
430
1454
431
432
1468
1475
1477
1479
455
1481
1484
460
1485
1489
1491
475
1503
1505
1509
487
1512
1513
1515
496
501
1527
1530
1535
512
513
1542
520
1544
1547
524
1553
534
536
537
543
547
550
553
554
555
557
1581
559
1584
1587
565
1589
576
586
1612
1613
1616
1617
600
1625
602
1630
1631
608
1645
1646
623
629
1653
634
1661
645
1672
659
1688
1690
1691
1692
670
676
678
1703
681
1708
1711
689
697
1723
708
1733
710
1737
713
715
1743
1744
1746
722
1747
1750
729
732
1757
1764
743
1768
744
750
1777
1778
756
1781
760
1789
1793
774
1806
1815
1820
799
801
1825
1830
806
1831
807
808
1839
816
817
821
825
826
1851
829
831
833
834
836
1862
842
1866
1868
846
1874
1875
1880
857
1883
867
878
1904
1909
1910
1915
893
1919
1923
901
903
1933
1938
1939
920
923
1951
929
1954
1958
1966
945
947
949
1974
1976
1977
954
1978
956
1981
957
1983
959
962
979
981
2005
984
985
988
2019
2025
1002
2030
2035
2037
1016
2043
1020
4
38
87
71
123
