1998
0
12291
4099
8196
5
7
9
12299
8204
12300
4108
4109
12301
16
12307
8213
22
4120
4121
26
12314
8218
12315
4123
28
12319
12320
12322
12324
12327
4136
41
8244
4149
8246
58
4158
4159
66
8258
8259
4163
71
4169
78
8270
4179
8278
4183
4185
8289
4198
4202
106
8300
4206
114
4213
118
4218
8320
8321
8322
4228
132
8329
138
8330
139
8332
8333
142
4243
4244
8343
4250
4251
4252
8349
8351
4257
8356
4263
168
8362
170
4273
177
4275
180
8374
4279
4280
8380
188
8381
189
4288
4292
8389
4293
4295
200
8394
8398
207
208
209
4306
4309
8406
4310
4318
8415
8417
226
8420
228
4326
8422
8423
8424
8431
240
8436
4341
8443
8444
4349
8446
255
4352
4353
8449
260
8454
4360
8464
4369
278
8474
8475
289
4387
8484
293
8486
8488
8489
299
8495
303
4401
8499
8500
308
309
312
8505
314
315
4412
319
4415
4418
4419
4423
328
8521
4427
8524
8527
4432
4433
8534
343
4443
4444
8542
353
357
4459
365
4464
370
4467
372
8564
8565
8566
8567
4472
8568
4474
4479
385
4481
4483
4485
4487
4491
8589
400
402
404
8600
8601
409
4505
4507
4508
4510
421
8614
8617
4525
4531
437
8629
8631
440
441
4537
444
4541
446
8640
4545
450
8645
454
4551
8648
458
4556
4558
8657
467
4563
4566
472
473
8667
479
482
4578
483
8676
4584
8680
489
4586
4587
8685
8689
500
4600
507
511
512
8707
519
520
8713
4617
524
525
8718
528
530
4628
533
8725
4629
4636
542
8735
4641
8737
546
8740
552
4649
4650
8747
4651
558
8751
4655
4657
563
8759
571
8763
4670
576
8769
577
8771
8777
4681
587
4684
4686
8782
8784
595
596
4693
4696
604
4702
8798
607
8801
8803
8804
4709
4711
615
4712
8811
4716
8814
8815
8818
4723
633
4732
8829
638
8832
8833
644
4741
650
8844
4751
8848
658
4757
662
664
8858
666
8860
673
8867
4771
4772
4782
690
4786
4789
4791
8887
700
704
4802
4804
708
8902
4809
714
4811
8911
720
4819
4821
8917
4823
729
4826
4827
8924
4830
735
4831
4832
739
8933
8934
4841
745
8940
4846
751
4848
8947
4854
8951
8952
4857
4859
4861
768
771
773
4872
4873
4875
4876
781
8975
784
8976
8977
786
4886
4890
8987
4892
8992
8998
4905
809
4906
9005
815
818
9012
821
822
4920
9018
4922
830
4927
9023
9026
4933
4936
848
849
9042
850
4948
854
855
857
4956
4957
9057
866
868
9061
4967
872
4969
9065
4972
876
9068
9074
4978
4982
9082
4987
4990
894
895
902
5001
9100
9101
5005
9103
5007
915
5011
9108
919
9115
9116
9117
5023
5024
9123
9124
933
5031
9127
9128
9130
5035
9136
5040
5042
5044
955
5052
5054
9152
5061
9162
972
974
9171
5076
983
5083
991
992
995
5093
5095
1001
9193
5097
5098
1003
9195
9198
1006
5105
1015
1016
5112
5115
1020
9212
9213
5117
5118
5119
1024
5121
9219
9226
5130
1035
9229
1037
9230
9235
5143
9241
9246
9248
5154
9251
1066
9259
9260
5166
1071
5170
9266
9268
5179
9275
9277
9278
9284
9293
1104
5200
9297
9303
1112
9305
9307
9308
5213
9311
5215
5216
1122
5219
5220
1130
9323
1141
1143
9337
1147
9344
5249
5255
1159
5256
1163
5260
5263
9359
9361
1170
9362
5267
9364
9366
5270
1176
5278
1183
9375
9380
1188
5284
5286
1193
5289
5293
1201
5298
5300
1204
1208
5305
5307
1212
9408
1217
9413
1221
9417
9418
5322
9419
5324
5325
9422
5327
1234
9427
9428
5332
5336
9433
9434
9436
5340
9437
5344
5346
9444
5350
5351
5352
5353
9451
9454
9456
9457
9460
1268
9463
5369
9465
1275
5376
9476
9478
9479
1289
5386
9482
1291
5388
1292
9486
9487
9490
5396
1301
5402
9500
1309
9506
1314
5414
5416
9513
5420
9518
1328
5425
9523
9524
5428
1335
5432
9528
9529
5440
5441
9537
9541
5454
1361
5457
5458
9556
9557
1366
9560
9565
1375
9567
9568
9569
1380
5478
9575
5483
5486
1391
5494
1399
9595
1406
9600
5504
9601
5506
1411
1416
1418
9614
1425
5521
1426
1431
1432
5530
1436
1440
9633
5537
5538
9635
1444
9640
1449
5545
1451
9644
9645
5551
5552
9653
9654
9655
9657
5562
5563
5564
5567
5569
1476
5575
5576
9673
9675
5586
9683
1503
9696
5600
9698
5602
1516
9708
9710
9715
9717
9718
1527
9720
5624
9722
9723
1536
5638
9735
1549
5647
9744
5648
9746
9747
1559
5657
5662
1576
1578
5674
9772
5678
9776
1586
5684
1591
5689
5690
1602
5699
9795
9798
1607
5706
9803
5708
9809
9811
5720
1628
9828
5733
1639
1641
9834
9835
1645
5741
9840
5745
5750
1655
5753
9850
1658
9851
9854
9855
5760
1664
5762
5763
9861
1671
1672
9864
5768
9865
1676
9869
9872
1684
9877
9879
5790
9887
1699
1701
5797
9896
9900
1709
9901
1711
1714
9906
5816
1721
9914
9915
1735
9928
9929
5834
9934
1743
5840
1748
1750
9945
1754
5853
5856
1761
5859
5867
9964
5869
9965
5871
1780
9972
5884
9982
5886
9983
5888
1793
5890
9987
5891
9988
9990
5894
5896
1802
9997
5905
1811
10009
5916
10012
10014
5919
1834
10027
5932
1837
10031
10032
5939
1844
5941
1847
5945
5946
10042
1851
5950
5951
5954
1858
10051
5958
1863
5963
1875
10067
5973
5974
1879
5975
5976
5983
1889
1892
5989
1894
10086
5992
1899
1904
1908
10103
10105
6011
1916
1922
6018
1923
6019
6021
10117
6022
6024
1930
1937
6034
6038
10135
1947
6047
10144
1953
6050
1957
10152
6057
10153
10156
10157
10162
10164
6069
10167
10170
6078
10174
10175
1983
10176
1987
10179
10183
1993
10186
10187
10190
10193
10195
10200
6105
6112
10210
6123
10219
2028
6126
6129
2034
6130
10228
10233
10234
2042
2044
6147
6148
2053
6152
2059
10252
2060
10254
6160
10256
2065
2076
6176
2085
2086
2089
10282
6189
10289
6196
10292
2101
6199
6201
2110
10304
6212
2116
2117
6221
2125
10319
2128
6224
6225
6226
10322
2131
6227
6228
2132
10325
2135
6234
6235
10333
2142
2147
10339
10342
2152
6250
2156
6254
2162
2163
6261
10365
2175
10370
6275
10375
2184
10378
10382
6293
2203
2204
10400
2210
10402
10403
2211
6307
6308
2219
2224
2227
6325
10422
6328
2232
10426
2235
6332
6333
6335
2239
6337
2242
10434
2245
6346
10444
2253
2255
2259
2261
2265
10463
6369
6370
10468
2276
2280
6376
2282
10474
6378
2283
2287
2289
6387
2292
2293
10485
10489
10493
10494
10497
2305
10498
6402
6403
10502
6407
6410
10509
2318
2321
6417
6418
2325
6423
10521
6426
10523
2331
10530
6434
6437
2344
6440
2347
10540
2353
6451
2355
2358
2359
2360
2363
2365
2366
10562
6466
2371
6470
2377
6473
2378
2379
6476
6479
2384
10577
10580
6485
2389
6488
2397
10590
6495
6499
2403
6502
10598
10599
2408
2409
10601
6506
2418
10611
10613
6519
10617
6524
10620
10622
6533
10631
6537
2441
6538
10636
2446
6543
2454
6553
10649
10651
6557
2464
6561
10660
10662
10663
6567
10666
10669
2479
10671
6577
10673
2487
10679
10680
2490
2492
2494
10692
10695
6600
10701
2512
6608
10706
10708
2521
6618
6620
6625
2530
6626
2537
6638
10735
2544
10741
10743
6654
6655
10751
10753
10754
6662
10759
6666
6669
6670
10767
6672
2576
10775
6680
2585
2591
6689
2593
2595
10789
2601
2602
2604
6702
10799
10806
10812
2621
6718
6720
6723
6724
6725
2631
10823
2634
6731
6733
6734
10833
10841
10843
6748
10845
2654
2655
10847
10849
2658
6756
2665
6763
10861
6766
2671
10863
10866
2676
6773
10870
10871
6776
2683
10878
10883
10886
6793
10892
10896
2707
6804
10901
10904
6810
10906
10912
10915
6820
10918
2728
2730
6827
6829
6832
10929
6838
6840
6844
10944
10946
2760
6858
2762
10956
6861
6862
6865
10961
6868
2773
10966
2776
10968
6873
6875
10972
10973
2783
10976
2785
2787
10982
6886
10983
2796
10996
2804
10997
2806
6903
6906
11002
11004
2814
6910
2816
11014
6918
11017
6922
11018
11023
6930
6934
11030
11032
11034
2842
6939
2846
6944
11046
11047
2857
11050
6955
11051
6957
2864
11057
6965
11062
2870
6971
6972
2879
2884
2885
11081
6990
11086
11087
6995
11093
6998
11095
7001
11098
7003
2908
2909
2911
7008
7015
11116
7020
2925
11118
2927
2928
2929
11125
2940
11134
7040
11137
2948
2949
7048
11148
2958
2961
2968
11163
2972
2973
7071
7074
2982
7079
7080
11176
7082
7085
11181
7087
7088
11187
11190
3000
7097
3003
7101
11199
7107
11205
7109
3015
11210
3022
3024
3025
11218
3026
11221
11226
3038
7134
3039
11231
7137
11249
3065
3067
7170
7171
7173
7182
7183
11279
3091
7188
7190
11289
7196
3101
11294
7199
3106
3109
3110
3116
3118
11313
7223
7224
11321
3129
11322
7227
7231
7233
3140
7238
3149
7246
11346
3155
11347
11349
7255
11352
7262
3168
11362
3171
3172
3179
7275
11373
3181
11375
7280
7284
7285
11381
3189
3193
7291
11392
7297
11394
7299
11396
7301
7302
3212
7308
11406
3215
11407
7311
3217
7313
7316
7318
7319
7321
11418
3229
11424
7331
7339
3244
3247
7346
3250
11442
11443
7347
3253
7350
7351
11452
7356
11453
11454
7358
3264
11456
7361
11458
3266
3267
7367
11465
11468
7373
11470
11473
11482
3291
7388
7389
3294
11488
3297
3298
7394
7396
7398
11494
3303
7404
7405
7407
11504
7410
7411
11511
7416
7417
3322
11516
3330
11522
3332
7429
11526
11527
3336
3337
11532
3342
7438
11534
11535
11536
7440
7441
3345
11537
3346
7443
11539
11540
11546
11548
3362
11556
11567
11569
3378
11571
7475
11578
3387
7483
3389
11581
7492
7494
7495
7501
7504
3408
3409
7505
3410
11603
11608
3419
7516
7519
7521
7523
11621
7526
3431
3432
11627
3436
7535
3439
11635
3444
7541
7542
7543
11641
11645
11646
11648
3456
11650
3459
3460
7557
7558
7562
11659
3468
11660
11665
7569
7571
7574
7575
7576
3481
3484
7581
3485
11679
11682
11692
11693
3504
11698
11699
3507
7604
7613
11710
3520
11715
7620
3525
7624
11722
7627
3534
11727
11728
7632
3540
11734
7640
3547
7643
7644
7645
11742
3551
3554
11748
7655
7656
7659
3566
3572
11767
11774
3584
7681
3585
11780
7685
7688
3592
7691
3596
3599
3601
7702
3607
11799
3611
11804
3613
11805
7714
3621
11816
7723
7727
11824
11825
7731
11828
3637
7733
3638
7742
11838
11840
3654
3659
7755
11855
11858
3667
7763
3670
7767
3674
7780
11882
7791
3695
11887
11888
3698
7801
7802
11898
11907
11909
7814
7818
11924
3732
7830
11926
3736
11929
7834
3739
11932
11933
7837
11939
7843
11940
7847
3752
11944
11947
3755
11949
3760
11953
3763
11960
3769
11964
3775
7871
7873
7874
3781
11975
7880
11976
7882
7883
11982
11983
7888
11984
3793
7890
11987
11989
11990
3800
11997
12001
3810
12002
3813
3815
3816
7914
12011
7916
12013
7918
12016
7923
3829
12024
7929
3836
3838
3840
3841
3844
12041
3852
12045
3855
7958
12057
7963
12059
3869
12062
7966
3874
7970
7977
3882
12074
7982
12078
7985
12082
3890
3891
7987
3893
12086
7990
7992
3898
3903
12098
3906
3907
12100
12101
3909
12105
12106
8012
3918
3919
3920
12117
12118
8026
3932
8029
8033
8035
12132
12133
8038
12134
12135
8040
8041
3947
8043
12139
8044
12140
12141
3949
3952
12146
8053
8058
3968
3970
12162
3974
8071
12167
8079
3983
12177
8082
8093
12190
8096
8099
12198
4006
12201
12203
8107
4012
8109
8112
12213
4022
12214
8122
12218
4029
4031
8133
4037
4038
12231
8136
4040
12234
8138
4043
12237
8142
8145
12241
8146
8147
12244
4054
8150
8151
4055
12252
12254
4062
8160
8163
8165
8166
8168
8169
4074
8173
12271
12272
4085
12278
8183
12279
8184
12281
8191
13
0
164
297
394
76
144
370
22
278
23
281
26
349
