31
1
2
3
67
4
68
5
69
6
9
12
13
15
16
18
19
20
29
32
33
36
40
41
42
48
49
50
51
53
55
59
125
1
259
4
5
261
7
9
265
266
269
270
271
272
17
18
19
21
22
23
26
284
30
286
31
287
33
34
292
294
39
295
40
296
41
42
298
43
299
44
301
46
49
50
52
53
55
57
61
62
63
67
68
69
70
75
76
80
81
82
84
85
93
96
98
99
100
101
102
105
107
114
115
118
121
123
124
125
127
131
133
136
142
145
147
149
150
156
157
158
159
162
163
164
169
170
174
175
177
180
182
184
187
191
193
194
200
201
209
213
214
215
219
220
229
232
233
235
236
237
238
240
241
245
249
255
