31
64
2
3
4
68
5
6
7
12
13
15
17
18
19
23
24
26
28
36
39
41
42
44
45
46
50
51
52
55
57
59
114
0
256
1
2
258
259
7
8
9
10
266
269
14
270
271
18
274
19
275
277
22
24
280
282
285
286
32
33
292
38
294
40
41
297
44
45
301
46
47
52
54
58
60
65
68
70
74
78
79
80
81
83
87
90
92
96
99
100
101
103
104
105
108
112
115
120
122
125
126
129
134
137
139
144
147
149
151
153
158
159
162
170
171
172
183
185
186
188
189
190
191
193
194
195
197
198
201
204
205
207
214
215
218
219
228
230
235
236
243
244
248
249
252
254
