37
64
2
66
68
5
6
8
13
14
15
16
18
19
20
21
23
24
26
30
31
32
33
36
37
38
39
40
41
42
45
46
51
53
54
59
60
63
133
0
2
3
259
264
265
266
11
267
13
269
270
271
16
272
273
22
24
280
281
283
30
31
288
33
36
293
38
295
40
41
297
298
299
44
300
45
46
302
53
54
57
59
61
63
64
67
70
72
74
75
76
78
79
83
86
88
89
91
92
93
94
95
102
104
106
108
109
115
116
117
118
120
122
124
125
126
127
131
135
136
140
142
147
151
153
155
157
158
159
161
162
163
171
172
173
174
175
176
185
191
192
194
196
198
204
206
207
208
210
211
213
216
217
221
222
224
225
226
230
232
233
234
235
236
239
240
241
244
245
246
250
255
