30
1
2
66
3
4
68
5
7
10
13
15
19
23
27
32
33
37
38
40
42
43
44
46
47
50
52
59
60
62
63
122
2
258
3
259
260
7
263
266
267
269
273
274
20
277
279
24
280
282
284
285
286
32
288
35
292
37
293
38
295
296
41
298
300
301
302
47
49
52
54
59
61
68
70
72
73
74
75
76
77
79
81
82
84
86
87
88
89
92
101
104
105
106
109
113
115
118
119
125
127
130
134
135
136
138
139
140
144
146
152
153
158
160
165
169
170
174
177
182
184
189
190
191
193
194
196
197
198
199
200
201
202
208
210
211
215
216
218
220
221
222
223
225
226
228
229
232
235
236
237
245
250
253
