1977
0
4098
8194
4099
4102
8
10
4112
8210
20
4121
4123
8220
4125
4127
32
4132
4135
8231
8233
4139
8236
44
8237
8239
8240
48
51
4150
55
56
8250
4155
4158
66
72
4170
4171
4172
4173
4180
85
88
4185
4186
8282
8283
4188
4189
4190
8287
4194
8293
8294
4198
8296
8297
4202
107
112
4213
8312
123
4220
127
130
4226
134
136
8328
137
8331
8337
148
4246
151
159
4257
164
4263
8363
4270
179
181
184
8378
4283
4287
194
4292
198
204
205
8398
210
213
4310
216
8411
8413
8415
8417
8418
8421
4325
4326
234
240
8438
4345
255
258
8462
8463
4368
273
4369
4371
8467
277
8470
278
279
4375
280
8473
8476
284
8477
8482
290
292
294
4390
296
304
4400
308
8500
8501
8506
8507
4412
316
4419
324
8521
329
8524
8533
342
4438
4442
8538
8539
348
4447
352
353
354
8550
363
4461
367
4465
8562
8564
373
4471
4472
4474
380
8572
382
384
8579
388
391
8584
4489
8586
4492
8591
400
401
4498
8594
8600
8601
410
8602
8604
8609
4516
8612
426
4522
427
8621
4525
4531
4532
438
4534
4536
4537
4538
442
4539
4540
445
4542
8639
4548
8646
457
461
4558
464
8657
466
4566
4569
8666
4573
8675
4580
4582
4584
4589
4592
8689
8691
499
4596
8693
502
8694
4600
508
4604
4608
8708
8714
8715
4621
526
8720
8723
535
536
4632
8730
8733
542
8735
4640
8736
4642
548
8741
551
552
4649
8749
8750
4655
8753
561
8756
8757
567
571
8763
4669
574
8770
4674
8771
579
8772
581
8775
587
4684
8781
8785
594
4691
4692
599
602
8795
607
608
4705
8802
4706
612
8806
4712
8809
617
8811
4716
8814
4720
625
8818
4725
633
634
4732
4734
639
4737
4738
8835
651
654
4751
656
8850
8854
662
4759
664
669
4767
4769
676
4773
4777
681
8874
4783
687
4784
8881
4786
690
8883
8885
8886
694
8888
700
4797
8894
8895
8897
705
708
8901
4807
8904
4808
712
4809
8908
724
8918
729
8928
8935
744
8937
4842
4844
4845
4846
750
8944
4851
756
4852
4853
8951
8954
765
4868
774
8969
779
4878
8976
787
8979
8980
790
4887
792
4892
4894
8992
802
4898
4902
808
809
4909
9006
4910
9009
4915
9018
9022
831
9024
9025
9026
9030
9033
841
9034
844
9038
847
9042
4948
854
4954
861
4958
9056
4961
865
4963
9060
9062
870
9065
9066
4971
4972
4973
9071
4975
880
881
886
4983
4984
891
9084
4988
898
4995
9093
4997
902
903
9096
9097
5001
5002
9098
907
5004
5006
5007
9106
5022
930
9123
5028
933
5030
9127
936
937
5038
9136
5046
9142
951
9148
9150
9151
5057
961
5059
9157
5062
970
5066
5068
5069
978
5076
9173
983
984
9176
9177
985
5082
987
9185
5091
1000
5099
9195
1003
9196
5102
1006
9199
1009
9202
5108
1014
5111
9210
9213
1023
5119
1024
9218
5127
9225
1034
1035
9229
9230
1038
9233
1043
1047
9245
9248
5153
1058
1059
1060
9254
5165
1070
1071
5167
1073
5173
9273
5180
5183
1087
5185
1089
9282
9287
9288
9293
5205
1109
9302
5208
1114
9307
5212
9310
5215
5217
1127
5223
1128
9320
1130
5229
1134
9328
5233
5234
1140
5237
9333
9338
1146
1148
9340
9341
5246
1153
1154
5251
5254
5256
1160
9352
5257
9354
9358
1168
9362
9363
9366
5274
9371
9372
1180
9375
5279
5283
9379
1189
9381
9384
5289
1194
5291
9388
1199
5298
5301
1205
9403
1211
1212
1213
9408
5312
1218
9410
1221
9414
5319
1226
5322
5323
9419
5324
5328
9424
1235
5331
9427
5333
5335
1241
5338
1250
5346
1251
5349
9451
5355
5357
1262
9457
1267
5364
1270
9462
9463
5367
5368
1273
9466
5372
5377
9474
9475
1284
1286
9478
1287
9479
1288
5385
5387
5389
5390
5391
9488
9492
1301
9493
1303
1304
5401
9497
9498
1306
9500
5408
5409
9505
5410
1315
9508
5413
1319
5417
9514
9515
1324
5421
1325
9519
1329
9527
5433
5434
5435
5436
5438
5439
1344
9536
5441
1347
5444
9541
9545
5451
9551
1361
1362
5458
1366
1376
5472
1379
1380
5478
9575
1387
5483
9580
9583
5489
5490
1395
5491
1396
9591
5495
1405
1406
1409
9602
1411
5508
1415
9608
9609
1417
5514
9611
9612
5521
5523
5525
9622
9628
5535
9634
9636
1445
1446
9639
9640
9645
5549
9646
5550
1455
5552
1458
5554
1466
1468
5564
9660
5567
1473
1474
5575
5576
1481
5578
9677
5583
9679
1487
1492
5590
1500
9696
9698
1508
1513
9708
1516
1517
5615
1520
5616
9714
5619
9715
9716
1524
1526
1528
9720
9722
1530
1537
5634
9730
1544
5641
9742
9743
9746
1555
5653
9750
5657
9753
1563
1566
5662
1567
5666
1572
9766
1575
9768
1580
5678
9775
1587
1588
1589
5686
5687
5690
5691
5694
1598
5696
1602
1604
1606
1607
5703
9804
5710
1614
5711
9808
1619
5718
9814
5720
1625
9818
1627
1628
9821
1634
1635
5731
5732
9831
5740
5746
5747
1656
9852
5761
9858
1667
5769
9865
9866
1676
1684
1687
9881
1690
5786
5789
1694
9888
1696
9890
5795
1700
9895
9896
5801
1709
5809
1714
9908
5813
9911
1720
1722
1724
9918
1728
9921
1731
5832
5835
9932
1742
5839
1745
1749
1751
1753
5853
9949
5855
1761
1762
1763
1764
9958
9959
5863
9960
9963
1772
9966
1775
1778
9971
9977
1785
5884
1788
1791
1793
5890
9986
5891
9989
1797
5897
10000
10001
1810
10004
10007
5912
1817
5915
1822
10016
5921
1828
5925
1829
5926
5927
5928
1838
10030
10032
10034
5946
10042
1852
10046
5951
10047
10048
1857
1859
1860
5959
1866
5962
1867
5963
1875
10068
5973
5975
5977
1882
10076
5982
1889
1891
1893
5990
1894
1896
5995
10093
1901
1903
6000
1906
1909
6008
6012
1917
10109
10111
1922
6018
1923
10119
1927
6026
10124
10125
1937
1938
6036
1941
10133
1943
1944
10137
10140
10146
6054
1963
10156
1964
1965
10157
6066
1970
6067
1971
10164
6068
10165
6069
6075
10172
1981
1989
10181
6086
6088
10187
1997
10190
6095
10191
6096
6097
10194
6098
10196
2004
6104
10201
6111
10207
10208
6112
6115
10212
10214
2022
6120
6121
6123
10219
6129
2034
2035
2036
10230
10231
2040
2044
10240
2048
10241
10244
10245
6152
10249
6155
10255
6160
2067
10261
2070
6170
6177
2081
10277
2085
10278
2086
10279
10280
2089
6191
10290
10292
2106
10300
2115
10308
10309
2121
6220
2124
10319
2128
6228
2133
10333
6239
2144
6241
2145
6243
6244
10345
10347
2155
10348
2156
2157
10350
2158
6255
2160
10354
6259
6260
10356
2165
6261
10360
10365
10367
2177
2189
10385
2196
10389
6294
10390
6295
6297
2204
6300
10398
10401
2209
6307
10403
2213
6309
10408
6316
10417
6322
2231
2232
6330
2238
6334
10432
10434
2243
6341
6342
2250
6352
10448
2259
6357
2261
2262
10454
6358
10455
6361
10462
2270
2271
10465
10467
2276
10470
2280
6376
10473
2281
6378
2285
2286
10480
6384
2288
6385
6389
6391
6398
10494
6399
10498
6404
6405
10501
10505
10507
10511
2319
2325
10522
6428
2334
10526
2337
10529
10530
2339
2341
6438
10536
6442
10540
2349
2352
6451
2355
6452
6453
6458
10555
2365
6461
6464
2370
6467
10564
6469
2375
2377
6473
10569
2382
6483
10582
2391
6488
6491
10590
2399
6499
6507
2412
2416
10612
6518
2423
6521
2425
6522
6525
10624
6531
6532
10628
2437
2439
10632
2443
6546
2451
2453
6552
10649
6554
6556
6558
6561
10657
10660
2470
2472
10665
6571
6572
2478
6574
2480
6579
2485
2488
10684
6589
2493
6590
6591
6592
2496
6593
6601
6605
2513
2516
10708
6612
2517
10710
2521
2522
10717
2531
10723
10726
6633
10729
2538
2539
10735
6641
2550
6648
10744
6649
10747
10749
2558
2559
2560
6656
10752
2562
6660
2566
6662
2567
6666
6667
2576
2577
6676
6677
2581
10774
10781
6685
10783
6687
10787
10788
2597
2598
2599
2611
10808
2618
10812
10815
2626
10820
2635
10827
2639
6740
2644
2645
6744
10841
10842
2650
10845
2654
6751
2655
2657
2658
2661
2662
10855
2663
2665
6762
2668
6765
2672
10864
6771
2675
10869
2678
2687
2688
10880
2689
10885
6789
2695
2696
10890
2698
2700
10892
2701
2702
6799
10895
2703
6804
2711
6812
6813
2718
10914
2722
10917
2728
2730
10923
10924
6828
10925
6835
6839
10937
6841
2746
2748
10942
2754
6850
10947
6855
2762
10957
2769
6866
2773
6870
10966
10968
6872
6874
6875
2781
6878
10975
6879
2784
6883
10983
2792
10985
10986
2796
6892
6894
6895
10992
6898
6901
6902
2806
2807
6904
11002
2811
11008
11010
11012
2823
11015
6919
6920
2825
2828
11022
11023
11026
11027
11029
2838
2839
11034
6938
11035
11040
6947
2853
11047
11049
11053
2863
6959
11055
6962
11058
2866
6963
11060
2873
2875
6973
6974
2880
6976
11073
11074
11075
2884
6981
11079
6985
6987
2892
6988
11086
6991
2896
11092
2900
2908
11102
11103
2914
11106
7010
11109
11111
7022
11118
2929
7026
2930
2931
7027
2935
2936
7033
11131
11133
2944
7041
7042
2948
2952
11145
2955
7051
7052
11148
7054
7056
11152
11153
7059
2965
11157
7062
7065
11162
7067
11164
11165
7069
11166
2977
7074
11172
2981
11173
7078
7082
2987
11180
11183
7090
2998
11191
7095
3000
11195
11197
3008
7107
3012
11204
3014
11208
7113
3018
3019
3021
3023
7119
11216
3025
7122
3028
11221
3031
11223
3035
7131
3041
11234
7138
3048
11245
11249
7154
3062
3064
7161
11259
7164
7166
7170
3075
3077
3078
11271
3082
11275
7183
11279
11281
7187
3093
7192
11294
11295
7202
11302
3112
11304
11305
11309
7216
11315
11320
7225
3130
3132
7231
7237
7239
7254
3158
3159
3162
7259
7260
7262
7264
3168
7269
3173
3183
3191
3193
7289
7290
7292
7294
3200
7300
7312
7313
3218
7318
7326
3240
7338
3243
3245
7352
7356
7357
3262
3272
7372
3279
7375
7378
3285
7388
7396
7397
3304
3314
7410
3315
7413
7419
7421
3331
7436
7440
7441
3347
3350
3351
7449
3353
3354
7450
3355
3357
3358
3359
7455
3366
7464
7466
3372
3376
3378
7474
7476
7477
3381
7478
3385
7484
3389
7485
7488
3396
3399
7496
7497
3411
3416
7514
3419
7518
7528
3435
3436
7535
3440
3444
7541
3449
3450
3457
7553
3460
3462
3463
3466
7564
3474
3477
7575
7579
7582
7590
7592
7593
3501
7597
3502
7599
7600
7603
3508
3509
3511
3512
3518
3519
7615
7622
7623
7628
3538
3543
3544
3549
3552
7654
3560
7656
3561
3563
3565
7661
3568
7664
3569
3571
3572
7678
7680
3584
3585
3595
7697
7704
3612
7708
7715
3624
3629
3632
3635
7732
3644
7753
3660
3665
3666
3668
3669
7768
3673
3680
7780
7781
3690
3691
7791
7795
3699
3700
7803
7806
7807
7814
7815
3720
3727
3728
3732
3733
3741
7838
7849
7852
3758
7855
7856
7857
7858
3766
7864
3771
3773
7872
3776
3778
7882
3788
3790
7887
7889
3801
7900
3804
7901
3805
3807
3808
7905
7909
7910
7912
7913
7915
3820
7917
7918
3823
7920
3833
3834
7941
3849
7945
7946
7953
7964
7965
3872
7971
7975
3881
7978
7979
7982
3886
7984
3890
7990
3896
3900
7996
3901
3903
3904
3906
8004
8007
3912
8019
8026
8030
3936
8032
3938
8034
8037
3944
3946
8043
8047
3952
3953
3957
8056
8059
8067
3974
8072
3983
8081
3988
3992
3999
4000
8098
4004
4010
8109
4013
4014
4016
8114
4021
8121
4026
8123
4027
8126
4033
8131
4035
4036
8132
4037
8135
8138
4042
8143
4050
8150
8155
8156
8158
4070
4071
8167
8171
4076
4078
4082
8178
4083
8184
8190
6
16
179
35
149
43
47
