5368
16384
32768
16385
32771
8195
16388
24581
8197
24586
10
16394
16395
12
32783
16399
8207
16
17
16402
24595
20
24596
16405
21
16407
16412
16413
32799
33
32802
8227
16419
35
32803
32804
32807
8231
41
42
46
47
32815
16432
8240
16433
8242
16436
8247
60
8253
61
62
24639
64
8257
16449
24641
32834
8258
8259
16451
24647
24648
16457
77
24655
32857
32859
32860
16476
93
8286
8288
8289
99
16485
16488
105
106
24683
8300
8302
16494
16496
24689
16500
32884
32886
32889
122
24699
16510
8319
24704
8320
130
16514
8323
16516
24709
32901
24713
32908
8336
24721
8341
24725
32918
8343
32920
24728
8344
24729
32922
24735
160
16546
24740
32933
16551
24743
8361
32937
16554
8364
16557
32941
32943
176
24753
32945
32948
180
32949
24759
24762
8380
8381
32958
24768
24769
8385
24770
16579
32965
16583
8394
24779
16589
24784
8401
24785
16598
16601
219
32991
16610
8419
232
8425
33010
242
244
16629
24821
24822
33015
33016
33017
8444
253
256
8449
258
33031
264
16649
24842
16651
8461
272
273
33042
24851
8470
8471
281
282
16666
16667
33052
284
8478
33054
286
8480
8481
33057
8484
295
8488
297
16683
24875
299
300
33069
24877
24881
308
310
311
33083
16700
16701
8510
33086
33088
16705
8513
24900
16711
16714
33098
16715
8525
8529
33105
338
33106
339
33108
24916
16726
16729
24922
347
348
8544
33120
16737
33123
8548
33125
24934
24936
16745
362
33133
8557
8559
24945
16753
8563
16758
24951
376
33144
16761
8575
24960
24961
8579
8580
24968
8585
8590
16783
8593
33171
8596
407
16792
33177
24985
8603
16796
24990
33184
8611
24995
24996
33189
16806
24998
8615
33191
16810
8618
33196
435
436
16821
33206
440
8635
25021
33214
33215
25023
16833
33218
25026
33220
16837
33222
455
16840
458
33227
33228
25036
33232
8656
33233
16850
25047
8668
478
33247
8672
8676
16870
8679
33256
493
25072
497
33267
8691
8693
16885
16887
503
16888
16890
8698
16894
511
33281
513
25089
8707
33283
16901
25094
33287
8713
521
33292
25100
16909
33295
33297
25108
33302
534
8727
16920
25115
8732
33310
542
16926
8736
8738
546
25123
548
25127
8745
554
556
8749
25133
16942
559
561
16946
565
16954
16956
579
25155
33351
8776
586
33355
589
16976
33360
33361
25169
33363
16984
8792
16985
33369
602
25178
8797
16991
8799
16992
25185
16994
8803
33379
16995
612
616
8809
25194
25196
33393
33394
8819
33396
25205
17016
25208
633
17020
637
8829
8831
25215
641
8835
645
33413
8838
33415
648
17034
8845
8846
655
661
25238
663
33433
33436
8862
8863
8864
17059
8868
33445
8870
17063
682
17067
8876
17072
17076
25270
694
695
697
25273
8892
33468
17088
705
33476
8904
713
8905
25290
33483
716
8910
17103
33487
720
721
33490
33492
25300
33494
8918
730
731
8924
17117
33504
25314
33506
738
25316
33509
747
25325
8941
25327
8943
33523
25331
8949
33525
33526
8952
33528
8954
8959
767
25344
8962
771
772
17157
774
25350
33545
25354
779
8972
785
786
25363
17173
8983
17176
17177
25372
799
33568
801
802
25380
33575
807
9002
25386
17194
9009
17201
17205
33590
33591
33595
832
9024
9025
835
17219
25414
33608
17224
9033
841
33610
33611
9038
33617
9042
25426
850
9043
25427
33620
17236
9045
9047
855
25433
25436
862
863
25439
33633
9061
33638
25447
17256
9064
33641
9065
33643
33645
9069
9079
17274
17276
25469
9090
898
17282
33668
900
25478
9095
17287
9100
908
9106
17298
25493
17302
9111
17304
33688
17306
33692
17309
925
25501
9118
931
33700
25508
25511
935
17320
939
33707
33708
25521
17329
17331
33716
17332
25529
9146
17338
957
17341
33726
959
17344
961
9154
25539
17348
25544
17354
9162
973
976
17360
25552
9168
33746
9170
981
986
25562
25565
990
991
9184
25570
9186
994
33762
33763
1001
9196
25582
9200
1011
9203
33780
25589
1013
33783
25591
17399
1016
1017
25595
9211
17403
1024
25601
9219
1031
33799
17418
1035
33807
9232
1044
9243
9244
1053
33823
1057
17445
17446
17450
25643
9259
25644
9262
1072
1074
33842
25652
9269
9271
1080
9273
33849
25659
33852
1084
25662
1089
25669
33861
1093
17477
9286
33863
1096
25673
33865
33868
1100
33869
25679
33872
17489
17490
33874
25683
33876
9301
17496
25692
1117
1119
17505
33889
1121
17507
17508
9316
33894
25706
1130
17514
17516
25708
1133
25713
1137
17522
1139
9332
33909
9335
33912
25720
9336
17529
25722
33915
33918
9343
9344
17540
25734
25735
17543
1160
25737
33929
25739
17548
9359
1167
17552
25744
9361
25746
9362
33940
25749
1174
1175
1176
17561
9369
17562
25758
1183
17569
1185
1188
9383
17576
1192
9385
33961
17582
1203
1206
1208
9401
33977
1209
25786
9403
25791
33984
25793
17602
1220
9412
9415
33994
33998
1231
1232
34000
1234
9427
25811
17620
25812
34008
1242
17627
25819
25821
1246
25826
1250
1251
9443
1252
17636
25830
17638
17640
9450
17642
34029
9453
9454
34032
1267
34035
34036
25845
34038
9463
1271
34039
17656
9465
17659
1280
17666
1283
9475
9477
1285
34060
25871
25872
9489
17681
25873
34069
25879
1303
17687
1304
1305
9498
1307
25883
1310
1312
9504
9505
25891
34085
17706
25901
1326
9520
1331
25907
34100
9526
1336
25912
9530
25916
1341
25918
25920
17730
34117
34120
25931
9547
34130
1365
9558
25944
17754
34141
9566
25952
17761
34147
17767
1384
9577
34157
1393
17777
17781
1399
17785
9594
17788
25981
34174
9601
34179
1413
1418
9611
34187
17803
25996
34188
17805
25997
34189
1423
25999
17810
34201
17819
9628
34205
9633
34209
26020
26021
1447
34215
9643
9644
34222
9646
1458
34229
9655
34232
9660
1469
1470
34240
9664
1473
9667
34244
17860
34245
1477
26054
34246
17863
26058
17868
1485
17870
9679
9680
26067
17875
9686
34262
34263
1495
26075
26078
9694
17891
34275
1508
26085
9707
34286
26095
17905
26098
1524
1526
9719
1528
9720
1529
1530
17915
26109
9726
17920
1537
26116
17929
9744
34321
17937
26129
1555
9749
9751
26138
9756
17951
34337
17953
34339
17958
9766
34345
34346
34347
26155
1580
26158
34353
9777
34356
1590
26167
34362
17978
34365
17982
9792
34371
9795
26179
17990
26183
34379
26188
9805
17998
9806
1614
26194
34386
1621
18005
18007
1623
34393
9817
1626
26203
26204
34396
34397
26210
34403
18020
18025
26218
9835
1644
9837
18029
18030
1647
26226
1651
9847
1656
1658
9850
26235
1660
9853
34433
9857
26241
34434
9861
18054
34438
26249
34441
18058
26251
9870
34451
1684
9877
34454
9879
1687
26271
9887
34463
34465
34471
9896
9901
34481
26290
18100
9910
9911
34487
26297
26298
26299
1724
18108
26304
34496
34498
18116
34501
9925
26309
18118
34507
26315
18125
34510
18129
26322
26324
26325
18133
18134
34518
1753
9951
9952
1763
9956
26340
26344
9961
18159
9968
26353
18164
1786
18174
26366
9983
18177
26371
34563
34564
9989
18182
26378
1803
26379
1804
34572
18190
1807
18191
18192
18197
26394
10011
26398
26399
10016
1827
26403
26405
10021
26406
1832
1835
26416
1840
1842
26418
10035
10038
34618
18235
26427
18244
34628
34631
34632
18248
10057
18249
34634
18250
10060
10063
18256
34641
10068
26452
34644
26455
34650
18270
18276
26468
10086
18279
26471
1896
18280
18281
26476
26477
34669
18285
18291
34675
10100
1912
1913
18297
26491
1917
34686
1919
26496
10113
18306
1925
10118
1926
18311
26504
18317
26516
10133
18326
1944
34713
26522
1948
18332
26525
1950
10145
34722
34723
18341
26534
1958
26535
26536
1964
26541
26543
10161
18354
1970
34739
18357
10166
26551
26553
34746
10172
18367
1987
26564
1988
34758
18374
26567
1991
10184
34760
10189
34765
18382
10191
34768
26580
2004
26581
18392
10200
26587
18397
18398
34784
34785
18403
10214
10215
18407
18410
34796
26606
34799
10223
2031
34800
26609
18420
10228
10230
26615
18425
26617
34811
26619
26620
34813
2048
18433
18434
2053
10247
10248
34825
2060
10255
34832
34836
18454
18455
10263
18456
10264
34841
10265
10266
34842
18459
26658
26660
2085
10278
34855
18472
2089
34858
34860
10286
10288
34867
2099
10292
2102
10297
26683
26684
18492
10302
18495
34880
2114
10309
26693
18501
26694
18502
34889
34895
26705
18513
26707
18515
26709
34905
2138
34907
2140
34909
2143
26719
26721
2145
10340
2148
26724
26727
26728
10347
18540
34924
10351
26736
2160
18545
34931
10355
10357
10359
18551
34936
34938
26747
18555
2173
10365
18558
2174
10367
18563
26755
34948
26761
10378
34954
34955
2187
18572
26765
34957
2194
26770
34965
26774
26776
2200
10393
18587
10399
2207
26784
2213
18599
10407
10408
10409
18603
18607
34991
26800
10417
26803
26805
10423
26807
18615
2237
18621
10429
35007
26816
10433
26818
18630
18632
18633
10445
18639
10448
18640
18641
2259
26835
26836
2261
35029
26844
2268
26845
18654
10466
18659
10470
26855
10472
10473
18666
35050
2283
18667
10475
10476
35052
18668
2285
18670
35056
10481
18674
10482
10483
2292
18678
10488
35065
2302
26879
35071
2306
35074
18691
2307
26884
18695
35079
2311
35082
35083
2316
10509
26894
10512
10513
26898
2323
18709
2327
2329
26907
18722
10532
35109
35111
35112
10538
26924
35116
2351
26929
10550
35126
35127
18744
2364
26943
10562
18760
18762
35147
18763
18765
2382
35150
2384
35157
35162
26971
2395
18780
35168
18786
2402
26984
35176
10600
26987
2412
2413
18797
26990
18801
2417
35187
35190
10614
10615
18809
2427
18815
27007
27009
18818
2435
35203
2436
18820
18822
10630
10634
10637
27022
18830
10640
2451
27028
10647
35224
10650
2458
27034
18843
2459
10653
35230
27039
2464
27043
18852
2468
35239
18856
35245
18862
35246
2479
10672
2482
35252
18869
35253
2485
2488
10682
10684
35261
18877
27070
2494
35264
2497
27073
2498
35266
2499
10692
18885
10694
27081
27088
2513
18898
27094
2522
18911
35297
18913
27106
2530
27108
10724
10725
10726
10727
10728
2536
27113
10730
27114
27115
35308
2540
10733
27117
2543
10737
18930
35314
27123
18932
18933
27126
18934
10743
35320
18937
35322
10747
10748
27134
35326
2560
10753
18946
18949
18951
2570
10765
10767
18960
35344
18963
27155
2581
35351
27159
10775
2585
18970
2587
18975
35362
18979
18980
2598
18983
10792
18986
35371
10795
10796
35374
18993
27185
10804
18996
27188
27190
10806
27191
35384
35386
27194
35390
19006
2622
35392
10819
27203
19012
2632
27210
19019
27218
2647
19032
10842
27226
35422
27230
27232
19041
10849
2660
35429
35434
10859
35435
19055
35442
19058
35443
27251
35447
10871
2681
10873
10874
2682
19068
35452
10877
10879
35455
10881
35458
27266
10883
19075
2693
19077
10886
19078
19081
35465
27273
35466
35467
27275
27277
35469
19087
19091
35476
19096
19097
10905
35485
2720
19105
35493
10918
35495
35498
2735
27312
19124
2743
19128
2745
2749
27325
2752
19136
27329
10947
19140
10948
19141
19142
19143
10955
19147
35534
19153
2769
19154
27348
35541
19157
10965
2775
10967
19160
35546
35547
19164
27356
10974
27360
10979
35557
27365
10982
2792
19180
19181
19185
19186
10994
35572
10996
11003
19195
19197
11007
2817
19201
35586
2821
27399
2823
35591
2824
2825
35594
27402
2829
2830
11023
27409
2834
19219
11027
11029
35606
35610
2845
35614
27423
35615
2848
35616
2849
27428
11045
19238
2855
2856
35627
2861
11053
11057
27443
19254
35638
19257
35642
11068
35645
2879
11072
19267
19268
27461
2886
11080
35657
19276
35661
35663
19285
27478
19287
2905
27481
2906
35675
11099
19292
35680
27488
27489
2913
19298
27490
35684
35685
35686
27495
35692
11119
2927
2928
19313
19315
2933
27511
19319
2938
11130
19324
27516
27517
19326
19328
2945
35713
27522
27525
2949
11144
19336
27528
27529
35721
11145
27531
11148
35727
27535
11152
19344
2964
11158
27542
11159
2968
2970
11163
35739
19357
19358
19359
2978
11170
11173
27560
2986
35754
27566
2991
19376
2994
11187
27573
35765
27576
3001
35769
11194
27579
35772
11197
11198
3007
3009
19394
19396
27588
11205
27590
19399
3015
11208
3017
19402
35786
11213
35790
11218
19413
35799
35800
3036
35805
35806
3038
27616
19426
35812
3045
35815
27623
3047
3048
3049
27626
27627
19436
3052
35821
19437
11246
19439
19440
27632
35825
19441
19442
3058
27635
27637
3061
11253
27638
3069
3072
3074
35843
35844
11271
35847
27656
35849
35852
11277
19469
11278
11279
19474
11283
19476
35862
35864
19482
11293
35869
35871
35873
3106
27684
3108
11302
35878
35879
11303
3111
27689
27691
35884
3117
27694
3119
3120
19506
35890
11315
19507
19508
3125
35893
35896
11321
3130
11322
27706
19515
35899
19516
35901
19518
27710
19522
19524
35911
19529
27722
27723
27724
3151
27728
3153
11349
3159
19544
3160
3161
27738
35935
3168
11360
27746
19554
11363
35942
11368
19560
19561
19562
11373
35950
3184
11376
19568
19570
3187
11380
19574
35959
19578
35964
11390
3199
35968
27777
3202
27778
27779
11396
27780
19589
3205
3206
11398
35974
27784
11401
3209
3212
11405
11407
27792
35985
11410
27794
35986
19602
19603
19606
35990
3222
3224
27801
3226
35994
3227
27804
11423
19615
19616
19618
11428
11429
19623
11432
3240
36008
36009
3241
3242
11435
11438
11442
36021
19638
36024
11450
11455
19649
36033
11458
3267
11461
19654
27849
11467
3275
3276
19662
3279
19664
11473
36049
11474
36051
19668
11478
3286
36055
11481
19675
11484
3293
3297
19682
27875
3300
11495
3307
36076
11502
19694
11506
11508
27892
36085
36087
19704
3321
11513
19707
36093
19710
19713
11521
19714
27907
3332
11527
3336
19721
3338
19722
11531
36108
3340
19725
3341
36120
36122
19738
36123
27933
27936
27937
11556
27940
36135
19752
19755
19758
19760
3377
11569
11570
11572
3385
36154
11578
36155
19772
11582
11583
19776
36163
36164
11588
3396
19780
36166
19783
19784
11593
27980
3406
3408
36177
11601
27987
27990
3416
11613
19805
28000
36198
11623
11627
3436
19821
11632
28016
28017
19825
36210
11636
28020
36214
28023
19833
36217
19834
36218
36219
3452
36223
3457
3458
11650
19846
11654
36232
19849
11657
3466
11660
19852
3472
36241
28050
36242
28051
19859
28052
11669
11672
19866
19867
11680
3490
11683
19877
36266
28074
11691
28075
11692
11693
28080
36272
19888
3505
11697
36276
36281
11705
19897
28090
36283
28091
3519
28096
11713
19906
28099
19909
36294
28104
36297
28107
28111
28116
36309
11735
19928
19930
3546
28123
36317
3549
3552
11745
36321
28129
36325
11750
11751
11753
3565
28145
19956
28149
11767
3575
3578
19963
11771
11772
28157
11773
28162
3586
3589
36360
28169
28170
36365
3601
19986
3603
28180
36372
11800
11801
36377
28187
28188
3614
36382
20002
36386
36390
20009
28202
20011
36397
11822
11823
28209
28210
20018
3635
36405
20021
20024
28219
36411
36413
28227
11844
36421
11845
20038
11848
28232
3658
11853
11856
3665
3666
11858
11860
28247
20056
11865
3675
36444
11868
28252
20063
28255
11872
20064
36452
3685
11879
36455
3691
28267
36460
36462
20079
36463
36467
3700
28278
11894
3703
28281
20089
36474
36475
3707
28284
36476
28285
28286
28289
11906
3715
11907
11909
28293
3718
28298
20112
20115
3732
11929
36505
11930
28314
20122
11931
36510
11934
11937
11941
28326
36518
11945
36521
3757
3760
20144
36529
20145
28338
3763
28340
11956
20151
20153
3771
20156
28349
3773
11966
20159
3778
11970
28355
20163
28357
28361
28362
20171
36558
28367
20176
20178
20179
28372
28373
20182
28375
11992
20185
11993
28378
20186
20187
36573
20189
20196
36580
3812
12005
3814
28392
3817
3818
28395
28396
20205
28401
12017
3826
28402
28404
36598
12022
28406
20216
28409
12027
3836
28413
12031
3839
20224
28417
20226
12034
28419
3844
20229
20231
12040
36616
28425
12041
28426
28427
28428
20236
28429
36623
3855
20239
12048
3857
28435
12051
28436
36628
3860
12053
12054
36635
28444
12061
3874
28451
3876
3877
12070
3880
28456
36652
28460
28464
12083
20276
28469
28474
20287
36672
3905
36673
20290
36677
12104
12105
12107
3916
20301
12112
28498
28501
20310
20311
12120
28505
12122
28506
3931
20317
12125
3934
12131
3942
28520
36712
20328
36715
3947
20332
3950
12142
20336
36721
20340
3956
12150
3958
20343
28537
36729
12155
3964
20349
20353
3969
12163
3974
36744
3976
3977
3986
36756
12181
36762
28570
20380
20383
4003
12195
36771
4006
28585
12202
4010
12203
28587
20395
12204
20396
36781
36788
12213
20407
4023
20408
28601
36796
20414
4031
4033
36802
20423
36808
4042
12234
28619
12235
20428
28621
36813
28622
36816
12242
28627
36824
4059
4065
20455
4072
20457
4073
20460
4077
28655
36849
12275
36853
4086
4088
4089
12282
12284
4094
12288
12291
12294
4103
28680
28683
12299
4108
20492
36878
20494
28690
4116
20500
12309
36885
36887
4120
4124
28703
28704
20512
28706
36898
12323
36899
4134
28712
4137
4138
28718
4149
28726
36920
28730
20540
4157
36927
4165
28742
20554
28747
12364
4173
36942
20558
4174
36943
28752
36944
12368
20561
36948
28758
12378
20570
4191
4193
36963
36965
28775
20584
4200
20585
12393
28779
36972
12397
4207
28785
20593
12401
20594
12402
20596
28790
28792
4218
20602
12410
4221
36990
12415
12417
36996
4229
28807
36999
4232
37001
37004
37009
37010
4242
20628
4246
12440
20633
4249
20635
4252
12445
37025
28833
37027
37028
28837
12454
4263
20649
37033
12458
20652
28844
20653
20654
12462
20657
4274
37043
37044
12468
4279
12471
20665
37049
37050
12475
4286
37055
28864
37056
12483
4291
28868
4295
12489
37065
12492
4301
37072
37074
4307
37077
20693
28888
12504
4313
28891
4315
20699
4318
37087
37091
37093
20713
4329
12523
20716
4333
4335
37104
4339
12535
28919
4343
20728
12537
12538
4347
20732
28926
12543
4351
12545
20739
28932
28933
20742
20743
28937
28940
37136
12561
12562
12566
28951
20762
37149
4386
37155
4387
12580
12582
20776
37161
20779
37165
4398
20784
12596
4405
20791
12600
12601
28988
4412
37180
20797
37182
4414
12610
37187
20803
4421
4427
37197
4430
4431
29008
29014
4441
20828
12637
29021
37214
12638
12639
4448
20835
4452
4453
37221
20837
12646
37223
12647
37224
29032
20841
37225
37226
12650
29034
29036
20845
4461
37231
4467
37235
4468
20854
37240
12666
37243
20860
29052
20862
29054
12670
37248
4480
37249
4484
12677
29062
37254
37257
4490
12684
12685
12687
29071
29074
20882
4498
37267
29076
4502
37272
20888
4506
37275
20892
29087
12704
12705
4514
37282
20898
4516
37286
20902
20904
4521
20905
37292
29102
37297
37299
4534
12727
37305
37308
29116
4542
12735
12736
29120
20928
12738
37314
20931
12748
12749
12751
29135
29136
4561
12755
4563
37332
29142
4567
37335
37338
29146
37339
20956
4572
20959
37344
29152
29153
12770
12775
37351
37352
29161
20970
37356
29167
29169
4593
37364
29173
12793
12794
29180
37373
12797
12806
37385
12810
37386
12812
12813
21006
4622
4623
29200
21011
4628
37397
29205
4632
29209
4633
21017
29215
12834
21027
29220
37413
21033
4650
21035
4652
37420
21036
4655
29232
12850
37426
12851
21043
12852
12855
4663
29239
37433
21051
4668
4669
4670
12862
21055
37441
29252
37445
12871
29256
37448
4680
29257
21065
29259
12875
21067
29260
29264
21073
29267
29268
37462
4695
29273
37465
21081
12890
29277
4703
21089
37473
37476
29284
21094
21098
4714
37484
37487
29296
21105
12913
4723
37491
4725
29301
12918
21110
21111
37496
12922
29307
21117
37503
29311
21121
29313
12930
4741
29323
4751
12943
37520
21137
29330
21140
21142
12951
12952
29337
21147
29339
37531
12958
37535
29345
4770
37538
4771
21155
21156
29350
37545
21161
12969
12970
4778
37548
37550
21167
12977
29363
29366
37561
4794
29370
21179
21180
37566
37567
29377
21187
4803
21190
13000
29384
4810
4812
21196
13004
4813
29389
29391
29392
37585
37586
21203
4820
37591
29400
4827
21212
37597
29407
29408
37601
29409
29412
13029
13031
21223
29419
13036
21229
29423
29424
13040
29425
13044
29431
21244
4862
4864
13057
4866
4868
4869
4870
4871
13065
37641
29452
21261
13069
4878
29454
4880
37650
21268
37652
13081
21275
4892
37660
13084
29470
13088
21283
29475
29481
13099
13102
29489
29490
4915
13108
37685
37686
29494
37689
13113
4925
4928
29505
21313
37700
29510
4936
13129
37705
29515
37708
29521
4945
13138
4948
29524
29526
29527
29529
4957
21342
37729
13154
21347
13155
29540
13157
21349
29543
13159
4968
37736
29545
4969
29546
4971
13165
29552
13168
13169
37746
4978
37747
13173
13174
4983
29559
37751
37753
13178
29562
4986
4988
21373
37757
29566
29568
29569
13186
29575
13191
37768
21384
37769
37770
5008
37777
29586
37779
13204
29590
13212
21404
5021
29597
37790
29598
21410
13219
13221
13224
5033
13228
29615
37808
37809
21429
37813
21431
5052
29629
29636
37830
37834
5068
13260
5070
21454
13263
13264
5073
37843
29651
5076
21461
29653
5078
37846
5080
13272
21470
21473
21475
21476
13285
21477
37864
5102
13294
37871
37875
29684
13301
13302
5111
21496
37880
13305
21507
13318
29703
13321
5134
5135
21522
13330
21523
5139
29716
37910
21527
29720
13336
5145
37914
37917
29727
21535
29728
5153
5162
5163
37931
21550
29742
29744
13361
29748
37943
5175
21559
13369
13370
21562
29755
5180
13373
29758
13375
21570
13379
5188
13384
37960
13387
37963
29777
13394
29779
29781
37973
13397
37975
13400
37978
21596
13405
29790
29791
37983
21601
13410
29794
21605
29798
37993
37995
5227
13422
38000
21616
29809
38006
13432
5241
29822
21630
21631
29823
21632
13440
38018
21635
13446
38024
21644
29837
5264
21649
5266
21651
13462
29848
21657
29850
29851
13468
29852
13469
13470
29856
13473
21666
5282
5286
21671
29864
38056
38060
38063
13487
21680
21681
21682
5299
29876
38069
5301
29878
13494
13496
5304
21691
21694
5310
13502
29887
13503
13505
38081
29889
5313
13506
29890
38083
29892
5318
13511
5326
29903
13520
5328
21712
38097
21713
38098
13522
29907
13524
29911
21719
21720
21721
29914
13532
5340
13534
21726
21732
13543
5354
13548
13549
38125
21741
21742
29935
29936
13553
38130
29941
21749
13558
13562
21755
21756
38141
13565
29950
5376
13569
29962
21770
21771
21773
13582
38160
21776
38163
29971
21781
21782
38169
5402
21786
21788
38174
29984
5411
13603
21797
29989
5413
29992
21803
38188
21806
5422
29999
21807
13616
5424
21809
5426
30002
5430
30007
21816
13626
13628
38207
38209
21827
5444
30021
13638
5449
21834
38219
5451
5453
5454
13647
5455
5456
21840
13650
5460
30037
5464
21848
5466
38235
13659
21852
13663
21857
5473
13666
5474
5478
13670
30055
38247
21865
38249
30058
13675
21868
13677
21873
21874
21876
13685
21877
5496
13689
38265
5498
38266
38272
21888
30082
5506
13698
13699
5509
38277
5511
30087
21899
5517
30096
5522
5525
13717
21910
38295
13720
21913
13722
38299
38300
30108
13725
30110
21918
13728
38304
38305
5540
21924
13733
5543
13744
5553
5555
30131
21940
5556
13750
5559
30136
5561
21946
30138
13755
21949
38334
38335
13761
21954
5571
13766
21961
5577
13770
38346
30164
21975
13784
38361
5596
30173
13791
21987
5607
30184
5608
38377
13801
13805
13809
22005
13814
30202
5627
13821
22013
13822
22019
5635
30212
22020
5639
13831
5642
13835
30220
13836
22028
22030
30223
38416
30228
38421
5655
13848
13856
5665
30243
13859
38436
38442
13867
38446
22065
22067
22068
22074
13883
13884
22083
38467
30276
38470
5706
13898
22092
13900
22094
38479
5713
38482
13907
30291
38483
22100
22101
5718
13910
13911
30295
30296
5722
38492
38493
13918
22113
22114
5730
30307
13925
22117
5734
5735
30315
38507
30317
38509
22126
13935
13936
13937
22130
30323
30324
13940
13941
22136
30331
22140
30337
38530
5767
13961
22154
38539
5772
30351
5776
22161
30353
5778
5779
22164
13972
30358
13977
38555
13983
22176
38560
38561
22179
22180
13989
5797
38566
13993
5801
22185
30379
13996
13998
38574
22192
5811
5812
14006
5817
14010
5821
14015
38593
22210
22211
30404
30405
30406
14022
5830
30408
5833
14026
30411
14028
22221
14030
5838
5840
22224
30418
22226
30420
30423
14039
22232
30428
30430
30432
30433
22242
38626
38627
38628
5861
30438
5862
14055
14056
30440
30441
30442
38637
22253
5869
30447
22262
30455
30456
14072
38651
22268
30461
30462
30463
22271
22273
22274
5890
30466
14084
14086
38663
30472
14090
22282
14091
38668
22288
14096
5907
22291
22292
14107
5916
30492
22300
30494
38686
14113
30500
5925
38694
30503
5932
30509
22317
14125
38703
30512
14132
22325
14134
30520
14137
22329
5945
30523
38717
14144
22341
38725
5957
22342
22345
5961
38729
14158
30542
22351
38737
5969
30545
38739
30547
38741
30550
14167
38743
38745
5978
22363
38748
14174
30558
30564
22372
5989
38757
30566
38759
30572
5999
6003
22388
38773
14198
30583
22391
6008
30584
14202
6012
14205
14208
30593
14210
38787
22404
22405
22411
38796
6034
38802
6035
22421
14230
30615
14231
38808
22427
22428
6045
22433
30625
38820
14246
6054
30631
22442
30637
6063
38831
22447
22448
38833
6066
30643
38837
6069
6070
38839
6071
6072
14267
30652
14269
30655
38848
30658
38854
22472
6089
38857
22475
38860
14285
6096
22481
14290
38869
14293
6102
22487
30680
30681
22490
14299
30687
22497
6113
14306
22498
30692
30693
14309
14310
14311
38887
38889
30697
22507
30700
14316
6126
38895
6129
22515
30707
30717
6141
30718
6142
30719
22527
38911
22529
30724
14346
30731
14347
14350
6158
22545
38931
6164
22548
6165
6169
38938
6171
38939
38940
14365
22562
38946
38948
14372
30757
14376
22568
6186
38956
30765
6191
6193
22577
22579
30771
22580
14390
22583
6199
38967
14391
14392
30778
38972
30780
22591
14399
30784
30785
30786
22594
14405
6216
38984
30793
30794
22603
30796
14413
30797
38990
6224
22609
30803
22613
6231
38999
30808
6235
22622
22624
30818
30820
14437
30822
39014
6249
14442
39019
6253
6254
14446
22641
39027
6260
39029
6264
30841
14462
30848
30849
14465
39047
22664
22665
6287
14479
22672
30865
22673
14482
22674
39058
39059
14484
30871
30873
6298
30874
14492
30879
22688
39072
14497
39077
14504
22696
39081
14506
30891
39088
22704
22705
14514
14515
6323
30900
39093
39096
22713
6330
22723
39108
22725
6345
6346
30922
22731
39117
39118
22736
6355
22740
6356
22741
39127
6360
30940
14558
6368
30946
14564
6375
30953
39145
22762
30956
6381
6382
22767
22769
22771
14581
30967
6393
6395
6397
39168
6400
14593
6402
30980
22789
30982
14601
30987
39180
30989
14609
39189
30998
39191
39193
14619
14622
31006
22816
22820
22821
14632
14633
6444
22828
22831
39215
14640
39218
39226
14651
6462
6463
31041
31046
22855
31048
39240
31049
14667
6475
39244
6477
31054
22862
6478
39247
22864
39251
22867
14676
39254
31062
6488
31064
6489
31065
6491
14684
39262
14686
14688
31076
31078
22886
39272
39273
14698
6507
14700
6512
31088
6513
14707
31092
22900
39286
39291
6523
22908
31100
39292
31101
6525
14717
14718
22911
31105
6533
6534
39302
31113
6540
39313
14739
6547
39316
31127
14744
22938
6558
6560
22950
31145
22953
22954
39338
31146
31148
14766
22959
22963
22964
39349
39354
14778
22972
39356
14780
31166
22977
6594
6595
31172
31173
6597
39366
22982
6600
39368
14793
6607
14801
22993
14802
31186
31188
22997
14805
14806
39384
39386
31194
39388
14813
23006
31199
39391
31201
6627
31203
6628
23013
39398
31207
23017
14825
23018
39402
31218
14834
23028
14838
31224
14840
31226
39419
23035
31228
31229
6654
39423
23043
31236
14854
39431
14855
6665
14857
14858
14861
23056
6674
39444
6680
31256
39449
39452
23069
23071
23073
23074
6691
23075
23076
14889
31275
23085
14896
6704
39473
31286
23094
23095
23098
23099
6715
31291
31292
14912
39488
14914
14917
31302
23113
39497
39499
23119
14931
23128
39513
31321
39514
31324
31326
39520
31329
31330
14947
6755
14951
39531
31340
39532
6765
31342
6768
31346
39539
14963
23155
39540
31348
31352
39545
23163
14971
14972
31358
6785
6787
39555
14980
31364
39557
39558
39559
39561
6793
6794
39562
39566
14991
39568
31378
6803
31379
23189
6805
6806
39575
23194
39578
31388
15004
31392
6817
6819
23206
39591
15017
31401
39594
15018
23211
23212
31406
15022
6832
23216
31409
6833
23218
23219
39606
39610
31420
15037
31421
15042
23235
6851
31427
31428
31429
39622
31433
6859
31437
39630
6863
31439
39633
39635
15060
31447
6871
23256
15066
6875
23259
6877
6880
6881
15075
15076
31463
15081
39660
39661
39662
6895
6896
15088
23281
23285
31478
6903
39672
39675
15099
6911
39679
23298
31490
6917
39685
39686
15111
31498
15115
31499
39692
39693
15119
39696
15121
6930
6931
31508
15124
23317
6941
31519
15139
31524
23332
31528
6953
23340
6956
31532
6963
6965
23349
23350
15159
15160
23355
15164
31548
31549
15166
23359
31552
15170
23363
23364
6980
31557
23367
31564
6989
6990
31566
31572
23381
23382
15190
15192
23385
15194
23391
15202
15203
7016
31596
7021
31598
23409
7025
31612
7040
15234
7043
23428
31621
31623
31625
23434
23435
7052
15248
15251
15254
31641
15259
31650
15268
31654
15272
7085
31661
7087
23473
7090
7094
7095
15287
7096
23481
15292
23486
7103
31681
15297
23490
7109
23494
23495
7115
23501
15309
7119
31695
7122
31700
7126
23511
7131
7132
15326
31710
31713
23523
31715
15332
31716
23527
7145
7146
31726
15347
23539
23540
31732
31735
15352
23545
23546
23554
23556
7173
7174
23562
15377
23570
23571
15380
15382
15384
15385
23578
31772
7198
23583
7199
23585
7201
31777
31779
23589
23593
15402
7210
31787
31792
7216
31794
15411
23604
15413
23607
23609
15419
23621
15443
15444
7253
31830
15446
23640
31833
31837
31840
15457
7265
15459
31846
7273
23658
7277
31854
15470
31857
31861
7286
15478
7287
15479
15480
7289
7293
15498
15502
31889
23698
31890
31891
23701
31893
15509
31895
31896
15512
7321
7322
31899
15516
31903
7327
7328
15521
15525
7334
31911
23723
31920
15539
23731
23732
23736
7354
31931
15551
23743
31936
15552
7363
7365
7366
7369
23754
15562
31948
7374
23762
15571
7380
23765
15575
23774
31970
7396
7398
7401
15593
15595
31980
7404
15597
31983
31984
23793
15601
7409
23795
15604
15606
31990
15608
32000
15620
15621
32007
32013
15630
23824
32017
32021
15639
32024
15641
23833
15644
7456
23840
15649
7459
7462
32039
7464
7469
15663
23855
23856
32049
32050
15667
7475
23862
23864
23865
32058
23868
15676
7484
7485
32061
32063
32065
23875
7492
7494
32073
7498
7499
23883
32076
15695
32080
23889
23890
15704
23896
23897
7520
15717
7526
32102
23912
15721
23913
23914
7530
7532
15724
7536
32112
23921
23922
32114
23923
7542
15736
7547
23931
32126
32127
32129
15746
15747
7556
32133
15750
7558
23942
23943
23944
32138
23949
7566
32142
23953
7571
23957
15771
15773
7585
23969
7587
32163
32167
15784
23976
32172
7596
23981
7598
32174
32175
7602
23986
32179
23987
15801
15804
7612
23999
15808
32197
7623
15815
32200
32208
24016
32209
15826
7636
15829
32214
7639
32216
15833
24028
7645
15838
24030
32227
15844
7653
15845
32230
15848
32244
32247
24056
24057
7673
24058
32252
24061
32253
32258
32262
32264
24078
15891
32279
24088
7707
24091
7708
15902
24094
32287
32290
7715
32292
15910
15911
24106
32298
24107
15917
32301
15920
32305
15925
32309
15927
24121
24129
7747
7748
15941
32326
7751
7753
7754
15949
32336
15959
15960
24154
24157
24158
32352
24160
7777
15970
15972
24165
7784
7786
24171
32367
32370
15987
32372
24186
32379
24188
32383
24193
32392
24201
16009
32394
24204
16013
32398
16016
7829
32406
7830
16024
16027
16029
32415
7839
16033
24226
16035
32420
16036
16038
32422
24231
32423
16040
24234
7855
32432
24241
32435
32442
24256
24257
16066
16071
7879
7887
24271
16082
16084
24276
32472
24281
32477
32479
32482
24292
16103
7913
32491
16108
32496
16112
7920
7922
32498
32499
24307
16116
7926
32502
24311
7927
16121
32506
16123
7932
24317
16125
24320
16128
32514
16130
16131
24327
7943
32522
32523
32525
24333
7950
16142
24335
32527
7955
16148
16149
16150
32535
16153
16154
7962
32539
7965
24350
24351
32543
7967
24352
7970
7972
16164
24358
32551
16167
7975
16168
16169
16173
7985
16177
32562
7987
32563
7989
32573
24382
32575
24383
8000
16194
8004
8005
32581
8008
16201
8011
32590
16207
16212
24406
8025
16218
24410
16219
16220
32604
8029
24415
8032
24417
32610
16226
24420
32618
16234
8043
16238
24431
16240
16242
24434
32626
8051
24437
16245
16247
32633
8057
24442
16252
32637
32639
8065
16259
24453
24454
24456
32648
24457
8076
24460
8079
32656
32658
16275
16276
24471
16279
8088
32665
16281
16282
32668
24477
24480
8103
32680
16296
24489
16297
8106
16298
24492
32687
16304
16305
8115
32697
32700
16321
16322
16324
32708
8133
8136
8137
16330
24524
16332
32719
8143
32720
32721
24532
8149
8150
16346
32732
24540
16348
8162
8164
32743
16365
16372
24567
32759
32761
16383
32767
8
176
211
469
229
183
456
285
221
