921
2052
4101
2057
4106
4107
4108
12
2065
2066
2071
23
4121
2074
2075
28
4126
31
2081
35
4131
4132
2085
4133
40
2090
4142
48
4145
4147
2100
53
2103
55
56
4154
4158
4159
2112
67
2118
2123
78
4175
2128
80
4177
4178
2131
89
4185
90
2138
4187
2140
94
2142
95
4193
4194
2147
4197
2149
102
110
115
4216
122
2171
2172
4220
4223
128
2181
134
135
4236
142
2192
147
154
2204
2206
166
2214
168
4268
2221
173
4272
4275
4276
2230
182
2231
2234
4282
2241
4290
195
2243
4293
4296
4301
4303
4316
2268
2269
223
4321
226
4324
232
2282
4331
4332
2284
2286
4334
4337
2290
242
243
2296
248
2300
2302
4356
4358
2313
2317
270
273
274
4376
4378
289
4387
2342
4392
297
4394
2348
2350
303
2353
2361
316
4415
4417
322
327
4425
330
333
4432
2386
4434
342
4438
345
2394
2395
352
2403
361
2410
2411
367
4465
4469
4471
4475
2428
4477
2432
385
4483
4486
4487
2440
4489
2441
2443
4493
2445
398
4494
4496
4499
406
4504
408
4509
4510
2467
420
422
4520
2473
432
2485
2487
2490
2491
443
446
4544
448
452
2501
456
2504
2506
2508
2513
465
466
4562
2515
471
474
476
4573
4574
479
2527
2528
2530
484
492
494
4590
2543
496
498
4595
4596
2549
504
2552
506
4603
2556
4605
2567
4615
4617
4625
2579
532
2582
2587
2588
541
2597
4648
4649
4650
558
4660
569
570
4668
4672
2626
578
2628
4676
2629
581
4679
2638
2641
593
2643
4691
2647
600
4699
604
609
4707
4712
2665
4713
4716
4717
2672
4723
627
2676
4724
2677
4727
632
2681
634
2683
4732
2686
4739
643
2692
4746
650
4747
2700
4752
2704
660
661
662
2712
666
667
4763
2716
4765
2722
2724
2726
679
2734
4782
4783
687
689
2737
2742
695
2751
2754
708
710
2762
2763
4811
4814
2767
2768
4821
2776
4828
733
4830
735
736
2784
2788
4838
4843
2800
753
2801
4851
758
2808
760
4856
2809
762
4859
4863
2821
2822
4872
4875
780
2829
4883
790
792
801
803
2852
2853
2858
812
4910
2863
4912
4913
821
4918
825
2874
2875
827
828
831
4931
2883
837
838
2887
840
4938
2894
4949
2903
856
2904
4954
861
2915
2916
868
4965
4969
874
875
2927
2932
2933
4983
889
4987
893
4990
4992
896
2944
4993
2948
901
5000
5003
2960
2963
918
919
5016
921
5022
2974
5025
931
2980
932
933
934
2987
940
942
5039
2992
2993
5044
2999
5055
959
960
5056
5058
963
3015
5063
3017
971
3021
5072
982
3030
5078
3034
3035
5085
990
3038
5087
3043
3044
996
998
5094
3046
3048
3057
1010
3060
5111
3067
5115
1019
1022
1023
3071
1029
1031
5133
3091
5141
3093
1050
5147
5150
1055
1056
5153
1057
5157
1065
5162
1069
5165
1071
1073
1074
5175
1079
1085
1086
5182
3134
1088
1089
1091
3139
1096
1097
1098
3148
3150
1111
5207
5208
3160
5210
5211
3165
5214
1118
5219
1125
5223
1128
5224
5226
3178
5227
1131
3181
1135
1139
3187
5235
5237
5238
1143
5239
3192
1144
1148
5248
5250
3204
5252
3207
3208
5261
5264
3217
3218
3219
1174
5270
1177
5275
3229
1182
1186
3234
3241
3244
1196
1200
1201
3252
5303
5307
5309
5311
3267
3270
1224
5323
1232
1235
5334
1241
3291
3292
3295
1248
5346
1251
3300
3302
1256
3307
1260
1263
3312
1266
1268
3316
5370
5372
3326
1281
3329
3330
1282
3331
1284
5381
1286
1290
3338
3339
1292
5391
5392
1298
1299
3348
5398
5400
5401
1309
1310
1311
1314
5411
1315
1317
1318
3366
3370
3371
5421
1326
5422
1327
1332
5436
5440
3394
3397
1351
5447
3400
1353
5450
1355
5452
3410
5461
3414
3419
5467
3420
5469
1377
5474
1382
1383
5480
5484
5488
5490
5493
1398
5494
3446
3448
5496
5498
5505
3461
1415
3466
1420
5520
1424
5523
5527
1433
1434
3482
1441
3493
1446
1452
5555
1462
3510
5560
5561
3514
1467
5564
3518
5566
5567
1473
1474
3523
5574
5576
1481
5578
3530
3531
3532
1491
3539
1494
1500
1501
1505
3554
1513
3562
1516
1519
1520
3569
3571
3573
1528
3577
3580
1532
1533
1537
1540
1543
3593
3594
1548
1550
1552
1554
1562
3613
1569
1575
3626
3627
3628
1581
1582
3633
3638
3639
1600
3653
1609
1614
3664
3666
1619
3668
3672
3677
3680
3682
1635
3683
1637
3692
1649
1650
1657
3707
1660
1662
1663
1664
3715
3717
1670
3719
1671
1683
3732
3738
1699
1700
3750
1703
3753
1707
3759
1712
3763
3765
1723
3777
1733
3787
3789
3791
3792
3793
3795
3796
3798
1753
1766
3816
3818
3819
1774
1775
3825
3826
1779
3838
1792
3848
3853
1807
1810
3860
1815
1816
3865
1817
1819
1820
1823
3877
1829
3878
1830
1834
1838
3886
3890
3891
3894
1849
1851
3902
3907
3908
1865
1867
3917
1870
1872
1873
3928
3937
1895
1909
1910
3958
1914
1915
3965
3970
3971
3978
1933
3984
3995
1948
3997
4002
1956
4004
4007
1960
1961
4009
1963
4017
1973
4029
4032
4033
4034
4035
1989
1990
1991
1995
1999
4049
2002
4051
2003
2004
4052
4053
2007
4056
4058
4062
4063
4066
2018
2019
2020
2022
4073
4075
2028
2030
2033
2036
4084
2037
4085
4087
2039
4090
2043
20
323
68
38
9
74
395
107
333
175
80
305
274
85
277
152
251
92
380
60
255
