916
2057
4107
12
14
2066
2067
26
4123
28
2077
31
32
2081
4131
4132
4133
2085
38
2086
41
4142
2095
4143
4145
4146
4148
2100
55
4151
2104
4154
2107
67
2116
2119
78
4174
2138
2140
99
4197
4199
4202
4204
2160
113
2166
119
2171
2172
124
126
4224
129
4225
134
2187
2188
4237
141
2192
147
2197
4245
4246
151
4247
154
4253
2206
161
2217
2218
2221
173
178
4274
4275
184
4280
2234
4284
2239
2241
4290
195
4293
197
4296
2248
4299
204
4301
4309
2265
218
219
4315
4320
226
2276
2282
4332
237
2286
2287
2288
2289
4337
243
2296
251
4348
2300
253
2303
4353
2306
259
4356
4358
2314
270
2318
4366
4367
273
4370
4374
4386
4395
4396
4397
4398
303
2355
309
4409
2361
316
2366
2367
319
4417
322
2372
327
330
333
4432
4433
4434
2386
4443
2395
2396
2397
4451
2403
4454
4455
2410
2411
4462
367
2418
4466
4469
374
379
2428
381
4477
2432
386
4483
4484
388
4487
2439
4489
2443
2445
4494
405
406
4506
4507
4510
2466
419
420
4519
2471
426
429
2477
2478
2480
434
2484
4533
2488
446
4544
448
2499
2501
4550
456
457
4554
459
2512
465
2513
4562
469
4567
471
476
4574
480
2528
482
484
4585
2541
494
496
2549
504
2552
4603
508
512
2561
514
4615
2568
521
525
4622
2576
2579
4627
531
532
4628
4629
2582
536
2584
537
4638
2591
2592
4643
4644
549
552
4649
4650
554
2605
2606
2607
2608
4660
570
572
2621
574
4673
580
2629
4678
2633
593
2644
4693
4699
603
604
2653
605
2654
608
609
2665
4714
4717
2674
627
2676
629
630
4728
632
4732
4733
2690
4739
644
2692
645
649
2698
4747
4751
2704
4752
4753
661
663
2712
2714
4764
4765
674
2723
2724
2731
2732
4783
4786
4788
2741
693
695
2745
699
2748
702
4801
4803
707
708
4806
710
2763
4814
4815
2768
2772
4828
735
2784
739
2789
4839
750
753
2801
754
2808
4861
2817
2818
772
2821
777
4873
4875
779
4878
785
786
790
2845
4893
797
798
2849
2850
803
2851
4899
804
806
2855
4910
2863
815
2864
2867
821
4918
825
2877
2878
4927
4928
833
836
837
840
844
4946
852
4949
2903
856
859
4957
864
2916
4965
870
4967
4969
4970
4973
877
4977
2931
4981
4982
4983
2937
4987
895
4993
4996
2953
906
907
910
2958
914
915
924
5022
2975
931
2980
5028
932
933
934
2983
5031
5032
2984
5035
942
5039
2992
5045
953
955
3006
960
5056
963
5061
971
5078
982
5080
5083
3035
5085
5087
5093
5094
3046
5095
3048
3052
5102
3054
3056
3057
5108
3060
1015
5114
5118
5120
5121
5125
3080
5131
3084
3085
5133
5139
1043
3093
5141
3094
1050
5147
3100
5150
1055
3103
1057
3107
1060
3110
1065
5162
3116
1069
5167
1073
1075
3124
3125
3131
1086
1088
3139
5190
1095
1097
3148
1101
3153
1111
5207
5211
3164
5214
1118
5216
1122
5219
1125
5225
5227
1131
3180
1132
3181
3186
1139
3187
5236
1140
5237
5239
1143
1144
1149
5249
3204
1160
5259
3212
5266
3219
5268
5270
1177
3228
1180
3229
1181
1182
1184
3234
5283
3239
5291
1200
1201
3252
5301
5303
1209
3259
5307
1212
5309
5312
1218
5314
3267
1220
1221
3270
3271
1223
1224
5323
1230
5334
3287
1241
3292
5340
5343
3295
5344
1248
5346
1251
1260
1266
1268
3322
3323
3326
1281
5377
3330
3331
1284
1292
3340
5389
3342
5392
5395
5396
5397
1301
3350
5400
1310
3358
3359
1311
3360
1313
1314
5410
1315
1318
5416
1320
5417
3370
3372
1326
5422
3377
1332
3384
3388
5436
5441
3394
1348
3397
3398
3400
5449
5450
3403
3405
1363
1364
5461
3414
5467
5471
1377
1378
1382
1383
1384
1385
3436
5488
1394
3443
5491
5493
3446
1398
1403
5499
3454
3458
3461
3464
5513
3466
3471
1424
3477
1431
1434
5536
1441
3491
1449
1454
5552
1462
5560
1466
1467
5564
3516
5566
1472
3523
5574
5576
3530
1483
3532
1484
1491
3541
3546
1500
3551
1509
3558
3559
1513
3562
1519
3569
3570
1524
3573
1528
1530
1532
3580
1533
1544
3595
3597
1550
1551
3599
1552
3610
1562
3612
3613
1569
1573
3626
3629
1582
1583
3633
3636
3639
1594
3644
1599
3653
1609
3664
1618
3666
1619
1620
3677
3678
3685
3692
3695
1648
3698
3702
3709
1662
3711
3717
3722
1676
1680
3730
1683
1684
3732
3738
1693
3743
3744
1698
1699
1701
3752
3753
1712
3763
1715
1718
1723
1725
3777
3787
1740
3792
3793
3795
1756
1761
1763
1767
3816
3818
1772
1775
1779
3827
3834
1789
3838
1794
1797
3845
1799
1801
1803
3851
1809
3860
1813
1815
1816
3865
1818
1819
3871
1823
3872
3877
1830
1834
3882
3883
1837
1838
1840
3889
3891
1844
1847
1848
3897
3901
3902
3907
1860
3911
3913
3917
1870
1872
1873
3925
3927
1879
1886
3936
1889
1895
3944
3947
1904
3953
1907
3958
1915
3965
3970
1923
3971
1926
3977
3978
3981
1933
3984
3993
1948
1951
1955
4003
4004
1956
4009
1963
4016
1973
1975
1984
4035
1989
1990
4045
1998
1999
4048
2001
2002
2004
4052
2007
4062
4066
2018
4067
2022
2023
4074
4076
2028
4079
2031
2036
4084
2039
21
96
0
65
131
229
70
395
300
334
175
80
369
371
276
25
121
282
92
381
157
94
