955
4097
4
4101
8
2057
2058
4107
12
2065
4113
2071
23
25
4126
2078
4131
36
4133
39
40
2090
4145
2100
55
56
63
66
2115
4164
72
4169
76
4177
2130
2131
89
90
92
2140
97
98
2147
104
4201
108
2160
115
2165
118
2167
2168
122
123
2172
2177
4225
4227
2180
2183
2184
136
4233
137
2187
2188
4236
4237
4238
4240
2193
2194
147
4248
4251
2205
2206
4257
2212
164
2214
167
168
2217
173
4272
4274
179
4276
2232
2234
2238
4290
195
197
4294
2246
201
209
2259
4312
217
220
2268
223
2272
4320
4321
226
4324
2277
2278
2282
4331
2286
4338
242
2290
243
4340
4342
246
4343
2296
248
249
2297
250
4346
256
2306
2307
4355
4357
2313
4363
2318
273
4370
277
4373
4378
2337
4396
4397
303
2351
4400
2352
305
315
316
4412
2365
317
4416
321
2372
4422
326
327
2375
4424
333
4431
4432
2384
4433
4434
2386
341
342
4438
344
2393
2394
2396
4446
2399
352
2403
4451
2410
2411
4460
4462
367
368
4465
371
4468
372
2422
378
2428
4478
383
385
2434
386
389
393
2443
2445
398
2451
2452
404
4501
416
420
422
4519
429
430
2478
4528
2486
4535
2488
2491
2492
446
448
4544
449
2498
451
4548
452
2501
4550
456
457
4554
2508
4559
4561
4562
466
4563
4566
4567
2520
4571
476
4573
479
2528
482
484
490
4588
493
494
497
2545
4597
4600
506
4603
512
513
4609
2563
4615
520
522
2571
2576
2578
532
2582
2583
536
541
543
2593
2597
4649
4650
2605
2606
561
4659
4660
4663
2616
570
4667
571
4669
578
2628
2631
2635
4683
589
593
4689
594
2646
4694
4699
2654
607
2659
4707
4708
2661
4712
2665
4716
2671
623
4720
2676
635
4732
636
2687
639
2689
4739
2692
646
4747
651
653
2702
4750
2704
4753
2709
2712
2714
2715
667
2717
2721
2726
679
683
2732
2734
4783
2737
694
695
2743
697
699
701
2754
707
4803
708
720
2768
2772
4821
2776
730
4826
732
2781
734
736
2790
743
745
746
2796
753
754
4850
4851
2805
757
762
764
4861
766
767
4865
772
2821
4872
777
4874
778
4875
4876
780
4879
4881
2834
4887
794
803
2851
4904
810
2859
2860
2863
4911
4913
2867
820
821
825
2877
829
2880
4935
4936
841
4937
845
2895
4946
4947
4949
856
857
861
4958
2910
2916
4970
875
2927
2929
4980
4982
4983
2937
889
890
4987
2939
894
2946
4996
2950
5001
5003
907
5005
911
2964
917
918
5017
921
2971
5022
926
927
930
2978
2980
933
934
5031
2984
5032
5035
2988
941
942
5039
2995
947
5044
2997
2998
950
2999
953
958
5056
3011
3013
967
5063
3017
971
3020
3021
981
5078
3035
5085
5087
3039
3042
3044
996
5093
1001
3051
3055
1010
3060
3062
5111
1017
5114
5115
1019
3071
1023
1024
5121
3080
1032
1039
3091
3093
3100
1054
1056
5153
1057
5154
3110
1065
1067
1069
1073
3122
5172
5173
3129
3130
1085
3134
1086
1088
1089
1090
5187
3139
3141
1094
1096
1098
1099
3148
1101
5197
5202
3155
5204
5205
3158
1111
5207
3160
1114
5210
3163
3165
5214
1118
1119
5215
1120
1121
3169
5222
3177
5227
3181
3182
5232
3188
1144
5243
3196
3199
1152
5248
3204
1161
5257
3210
1162
5259
3213
5262
3219
5267
3221
1174
5271
1175
3223
1177
1178
3229
1182
3231
5279
1185
3234
5283
5291
3244
1197
3245
1199
5297
3252
5301
3254
5303
1208
1217
3267
3270
5318
1224
5323
1235
5334
3287
1239
3289
1241
3292
3295
5343
1251
5347
3300
3301
1256
1260
5357
5358
1263
5360
3313
1266
1268
3322
3324
5372
5374
3326
3327
1281
3329
3330
3331
5382
3338
1292
5388
5389
1293
5391
1295
1296
3350
5399
5400
5401
1306
5403
3357
3358
1310
1315
3364
1317
1318
3366
3367
3370
3372
1326
1327
3376
3378
1330
1332
5428
3380
1333
5435
3388
3389
1341
5438
3391
5441
1347
3397
5447
3399
3400
3403
3404
1357
3410
1363
5459
1364
5461
3414
5463
1369
3419
1377
1380
1381
1382
1383
3434
1387
5484
5495
3448
5503
1413
3461
5519
1424
1429
3477
3480
1434
1435
1436
1438
1441
5540
5542
5543
1453
5550
1458
5555
5556
3510
3513
1469
5569
3523
5571
3525
5574
5576
3530
5578
1486
3539
1493
3544
1497
3546
3547
1500
1507
3558
3561
3562
1517
1519
3569
1524
1528
3577
1530
3580
1533
3581
3582
3583
1535
3584
1540
3593
1550
1553
3602
1558
1559
1560
1562
3616
1569
3624
3626
3627
1580
1582
3631
3639
1594
3644
1601
1604
3657
1611
1614
3663
3664
3666
1619
1620
1631
1632
3681
1636
3684
1637
1642
3691
1643
3692
3695
1648
3697
1653
3705
1662
3719
1674
1680
3730
1683
3735
1688
3738
3739
3745
3746
1699
1700
1703
3751
3761
1713
1714
3763
1716
1725
1726
1728
3777
3778
1732
1741
3791
3793
1753
3804
1756
1761
1766
3815
3819
1775
1776
1786
1787
3838
3845
1799
3851
3854
3859
1816
3865
1821
3870
1823
3873
3877
1829
1834
3886
1839
1840
3889
1841
3890
1843
3903
3909
3910
3913
3917
3920
1873
3921
1874
1881
1884
3933
1888
3939
1900
3951
1909
3958
3959
3961
1914
3962
1915
3966
1927
3984
1939
3997
4000
4004
1960
4009
1965
4016
1969
1979
1981
4029
1983
1986
4035
4036
4045
4047
1999
4050
4052
2004
2005
4055
4056
2011
2014
4062
4066
4067
4073
4076
2036
2039
2043
2044
4095
20
323
324
134
198
328
299
11
303
79
368
51
180
406
57
123
252
92
189
286
350
