970
2048
4096
2050
2
3
4101
2053
4103
2058
4106
4107
12
4113
2070
4118
24
2077
2078
32
4130
36
4133
2085
2086
40
45
4142
2096
4145
2100
55
2103
61
63
4160
2114
4163
67
70
72
4168
2122
2123
75
4175
83
88
4184
89
4188
2141
93
4189
2143
96
2144
4193
97
98
2147
99
4195
2149
4198
2153
107
4204
108
2160
113
115
2166
4215
122
124
4221
126
2177
4225
4227
4231
136
4236
153
4249
2203
158
4254
159
2211
4261
2214
166
168
4264
2217
2218
172
4272
178
4274
4275
2231
184
2232
2234
187
4284
195
2244
204
2255
211
213
217
2268
4317
2271
224
2272
4320
2273
4321
226
235
2286
4335
4336
2288
2290
242
4339
4341
246
248
2296
253
4353
4354
2306
2311
263
2313
2314
273
4371
2324
2326
2334
2335
288
2341
4394
4396
4397
2352
304
2355
4403
307
4407
4408
2361
316
317
319
4417
324
2372
2374
331
333
2382
4431
4432
4433
2386
4434
2387
4435
2388
341
4438
342
2391
2393
4442
2398
2399
352
2401
2402
355
2403
4453
358
4456
2410
2411
2413
2414
367
4465
2418
2422
4472
2424
2428
381
382
2432
384
2433
4484
388
4485
2439
2443
2445
4494
4499
4501
4502
407
4507
413
2466
420
4517
4519
424
2474
429
4530
4532
4535
2491
2492
446
2496
4549
454
2502
459
2508
461
462
2511
2512
4562
4568
474
476
478
479
485
4588
2542
500
504
2552
4602
2556
2561
4610
515
2563
4612
516
4613
4616
521
522
523
4623
2580
4629
2584
536
541
542
543
2591
4639
2592
2594
4644
4649
4650
554
4651
4653
2606
559
2608
4660
2613
4662
570
572
4669
2621
580
4678
2631
2635
587
589
4691
603
2657
611
4715
4716
621
622
2671
623
4719
2672
2676
2677
629
4726
4728
2680
634
4732
4736
2689
4738
2690
4739
2692
644
4742
4743
4745
2698
4747
4750
4751
4753
662
666
667
4764
2717
671
4767
673
2722
676
4772
2734
691
4788
695
4791
2743
2745
2746
699
704
2754
4803
710
2758
2759
4809
2762
4811
4814
2767
4815
719
4819
725
4822
2776
728
732
4828
2781
4830
736
2790
744
2797
750
753
2806
4856
762
2820
772
774
4870
775
776
777
4875
785
786
4885
4890
4896
801
2850
803
2851
805
2857
2858
810
2863
4914
2867
819
827
2878
4926
2881
834
4930
2883
4933
2885
2888
4936
4937
2892
845
852
2901
2903
856
861
2910
864
2917
4965
4966
872
4969
4970
875
2927
879
4975
4977
4980
4984
4987
895
4996
903
2953
5003
907
5007
2960
2964
5014
5018
5019
924
5022
927
929
5027
2980
932
5028
933
5029
934
935
938
5035
941
942
5039
944
947
2997
5045
950
2999
952
953
3005
957
959
3008
5056
967
971
3021
975
981
5078
984
5081
3033
5083
3037
992
993
5093
997
1001
5097
3050
1004
3054
5104
1009
5106
1010
1014
3062
5112
3064
5114
1018
5115
5116
5118
1023
5120
1025
5125
1029
1031
3080
1033
3085
1039
5139
5141
3103
1056
1059
5157
3111
3113
1069
5165
3118
1070
1071
3119
1074
3129
1085
5181
1086
3134
5182
1089
3139
3142
5192
1096
1097
1100
3148
1101
5197
1102
3151
1104
3158
1111
3160
3164
5214
1125
1126
5222
5227
1131
1132
3181
3182
1136
3186
1140
5237
3189
5242
1148
5246
3198
5248
5252
3204
3205
1160
1162
5259
5261
1166
3215
1168
5265
1169
5266
3219
5267
3220
1175
3224
1179
1180
5277
3229
1181
1182
3234
5286
3241
1196
1199
1200
3251
5301
1207
5303
1208
3257
1209
3259
3260
5309
3262
5310
5311
1215
3263
5312
1221
3270
1223
3271
1224
3272
1226
3275
3276
1235
1236
5333
5334
3286
5336
3289
3292
5343
1247
3295
3296
1251
3300
3302
5353
5356
1260
3313
1266
1267
1268
5369
5370
5372
3327
1281
3336
1289
3338
1292
3340
5389
3342
5391
1295
5395
3348
5398
3350
1307
3359
5408
1315
1317
1318
1319
3369
3370
3371
3372
1326
3375
3377
1331
3380
3382
5436
5437
3389
1341
5438
5442
1348
3397
1350
5447
3400
3403
5454
3410
1364
3414
1370
1371
5469
3422
5471
1377
1382
5485
1389
3439
3440
3442
5490
3443
5492
3445
5495
5496
5497
5499
3452
3455
3457
1409
5505
3458
1410
1415
5513
3468
1424
3474
3477
5525
3480
3481
1434
1436
1440
3491
5540
3493
1446
1449
1452
5555
3508
5556
3510
1462
3513
5563
1469
5566
5569
1477
1481
5578
3532
1486
1488
3539
1493
1497
3546
3551
1503
1505
1507
1509
1510
3561
1514
3565
1524
3577
1532
3581
1533
1540
1544
3593
1547
1548
3597
1550
3606
1560
1565
3613
1566
3614
1570
1572
1573
3627
1582
3633
1587
3639
1596
1599
1610
3660
1614
3664
1617
3666
1618
1620
3680
3681
1636
3684
1638
1646
1648
3697
1653
1655
1656
3705
1661
1664
3714
1666
3716
3719
3728
1688
3738
3743
1698
1699
1700
1701
1703
3752
1707
1714
3763
1717
1718
1721
3770
1722
3773
1725
3777
3778
3788
1741
3792
1744
3796
3798
1753
3804
1756
1757
3809
1765
1766
3814
1767
1768
1771
1772
1775
1784
1794
1803
1805
3858
3859
3861
1813
3865
1823
1828
1834
3890
1843
3901
1857
1858
3908
1864
1871
3919
3920
1874
3925
3926
1886
3939
3941
3944
3948
1909
1910
3960
1913
3962
3967
1926
1927
1934
3984
3997
4001
1953
4004
4005
1964
4016
1972
4025
4027
1984
4035
1988
4041
4045
2002
2005
4053
2007
4056
4058
4059
4060
2014
4063
2017
4066
4067
2019
2033
2036
2037
4086
2039
2043
2044
2047
21
96
290
2
327
11
43
332
401
210
115
55
247
183
248
282
188
220
157
29
254
350
