920
4101
2057
4107
12
2066
4118
25
4121
2075
27
2077
31
35
4131
4132
4133
2085
40
44
45
2093
4145
55
2103
4156
4158
2110
67
2115
2122
75
4183
4189
95
4193
2149
4197
102
4210
2165
2166
120
4217
4219
128
2176
4225
4227
131
4228
133
4230
2188
4236
142
4238
143
4239
2192
145
4241
147
4245
4248
2200
4250
154
4251
2206
4254
4261
166
4262
2217
173
4272
176
178
4275
4278
2231
2234
187
4290
195
4293
2245
201
2250
4300
4301
4304
211
212
4310
222
4320
4321
226
4322
4323
229
2284
2286
4335
4336
243
2292
2296
248
249
252
4349
2302
4350
2306
4354
4358
4360
2312
2313
4364
270
273
4370
276
279
4379
2333
2334
288
2342
4392
4397
303
2352
2355
307
4407
316
4415
320
4417
327
328
4425
2379
4428
333
4429
4432
2384
4434
342
343
344
2395
352
353
2403
357
2409
2410
2411
4459
4460
366
2414
4465
2418
372
4469
2422
377
2428
4478
383
4480
2432
2434
2435
4483
4486
4487
396
398
4496
4497
4499
2453
408
414
2465
2466
420
2470
4519
426
430
433
2484
2485
4533
4537
2491
2493
4544
2498
2503
456
457
4554
458
4556
2509
4562
469
4566
2519
2520
2523
476
4573
4574
479
2528
2529
4579
484
4582
493
2542
494
2543
2547
4596
500
501
2549
4598
4600
4603
4604
4608
515
4615
2571
2572
530
532
4634
2588
4637
4640
2593
2596
4644
4648
4649
4650
554
2604
4653
4660
568
4665
4668
4669
2622
4672
578
2628
2631
4680
4683
2638
2641
593
2643
4694
4699
2651
605
2654
2660
612
614
615
2665
4714
4723
627
2676
2677
629
4729
2681
4732
2686
2690
4739
4745
2697
2698
4747
2700
2704
4753
4754
659
4756
662
2712
4761
2714
666
2715
4764
2717
4777
2734
4783
4785
2742
694
695
699
700
2752
2755
4803
708
2758
710
2760
4810
4811
2763
4814
2768
721
727
4825
4829
735
4838
2791
2792
4843
748
751
758
760
2809
765
4863
2818
772
2820
2821
4870
2823
778
4874
2829
2834
787
789
4887
792
2848
4896
801
2859
4910
2863
4913
4920
825
4921
827
828
4935
4936
4937
2890
4947
4949
854
856
4954
861
864
2916
4965
870
4969
4970
874
2927
879
4977
2930
885
4982
4983
4987
891
2941
2943
2947
4996
2950
903
5000
2953
2960
5011
5013
917
2967
5017
5022
927
928
2979
931
2980
932
5029
934
5031
938
5035
940
942
5039
943
948
950
2998
5049
953
959
5056
960
3011
5061
3013
3020
5069
3023
3024
980
5078
3033
3034
3035
5085
5087
3042
3043
998
5094
3047
3048
3050
5099
3057
5106
3060
1012
1017
1021
3070
1023
1024
3072
1029
3083
5136
3091
3093
1047
5147
5148
3100
1055
1056
1057
5157
3111
1065
5164
5165
1071
1073
1074
1078
1079
3127
3129
5177
3130
1085
3133
5182
3134
1086
1088
1089
3139
1091
5192
1097
1098
3148
5197
3151
1105
3155
5206
1111
5207
3160
5214
3167
5216
1121
5227
3181
3183
1137
5235
5237
3189
1141
3190
1143
5239
1144
1147
5243
5248
5250
5251
3204
5252
1160
1168
3217
3219
3229
1182
5278
1183
5279
3234
5283
5289
1193
5290
1201
3252
5303
3260
3261
3262
1216
5314
3267
5317
5320
1224
1229
5329
5330
1235
5332
5334
1241
5337
3292
5342
3295
5343
3296
3297
5346
1251
3301
1253
5355
1260
5357
3312
3313
1268
3322
3326
3327
3328
1281
3330
3331
1288
5387
3340
5389
5391
5398
3351
5400
1304
5401
5403
3355
1307
3358
1310
1315
1317
1318
1319
3368
3370
1325
3374
1326
5422
1327
3376
5425
1332
1333
5438
3391
5439
5440
3392
5441
5442
1346
3396
3397
5445
5446
5447
3399
3400
1355
3403
3405
5453
5454
3410
5458
3414
3418
5466
3420
1374
5471
3423
3424
1377
3426
1382
1383
3431
1384
1387
5483
5488
5489
1396
5493
1398
5494
5496
1408
5505
5506
3460
1413
3461
5511
3465
5515
5519
1424
3472
5523
3477
1433
1434
1436
1437
1441
5538
3493
5542
1447
3498
1452
1453
5552
3504
1458
5555
1463
3512
5561
1468
5566
5569
3523
5572
1477
5574
5576
5577
3530
3532
3539
3547
1500
3549
1514
3562
3567
1519
3569
3571
1524
1528
3577
1532
3580
1533
3582
1536
1540
1543
1548
1550
1553
1554
1558
3609
1562
3611
1563
3612
3613
1565
3624
3625
3626
1582
1587
3637
3638
3639
1594
3643
1599
3649
1604
3653
1611
1614
3666
1619
3668
1620
3670
3672
3680
3692
1648
1653
1657
1658
3707
1660
1662
3711
1664
3716
3719
1672
1675
3730
1683
3732
3738
1699
1701
3750
3751
1704
3758
3763
1723
1725
1728
3777
1731
1737
3787
3788
3792
3793
1746
3795
1758
1761
3811
1770
3818
1775
3824
1777
3826
3832
3841
1795
1802
3854
3858
1810
3859
1812
3860
3861
3862
1815
1816
3864
3865
1819
3868
1823
1828
3877
3882
1834
1840
1843
3891
3894
3897
1851
3903
3908
1865
1867
1870
3919
3920
1872
1873
1874
3922
1875
1878
1886
3934
1891
3951
1906
1909
3958
1913
1914
1915
3970
1925
1931
3980
3984
1939
3988
1941
3998
1956
4005
4009
1963
4029
1984
4034
1989
4047
1999
2002
2004
4052
4053
4058
4060
2014
4062
2017
2019
2020
4069
2022
4071
4073
4077
2033
2036
2037
4086
2039
2043
4091
4095
20
96
257
105
203
77
270
175
17
83
248
88
153
57
251
315
347
380
92
190
31
