969
4097
4098
3
4101
4102
7
4104
2057
2058
2065
4113
18
2070
23
25
4121
2076
28
4126
4131
4133
38
40
2090
43
45
4142
55
56
4152
2104
57
58
60
62
63
2112
4163
67
4167
4169
74
77
79
4177
2131
89
90
2138
2140
94
97
2147
102
4200
104
2154
112
2160
113
115
4213
2166
4214
120
122
2172
2173
2176
129
4225
2177
131
4228
133
136
4234
4236
4239
4240
2193
145
4241
2194
2196
149
4248
2205
2206
159
4256
4261
2214
168
2216
2217
4270
4272
178
2231
184
2232
2234
189
2238
2241
195
197
4293
4296
2250
207
4305
2259
4309
4310
2265
217
2268
223
4321
2274
4322
226
4323
4324
4330
4333
4336
2290
242
4338
246
2296
249
4349
2306
4354
2307
4358
4360
2313
4362
2316
4364
2318
271
4367
273
2326
279
4378
4379
2333
288
4385
289
4390
2342
2345
4394
4396
4397
4398
303
2352
306
2355
4408
2361
4411
316
4413
317
318
4417
4418
322
327
4426
330
4428
2383
4432
4433
4434
342
343
2394
4443
2397
352
353
2403
4458
2411
4459
364
2413
4462
371
2422
375
4472
379
4477
2432
385
2433
389
4487
4494
398
4497
4499
4500
4501
2457
414
4512
2464
2465
2467
420
4516
4519
424
433
2482
2484
4537
2491
2492
446
2496
4544
449
4547
452
4549
2501
4553
458
2507
2508
4559
463
465
2513
466
467
4563
471
2520
4571
476
4573
479
484
4582
2541
501
2551
504
506
508
512
4608
2560
4609
4614
4615
2568
520
2572
2575
2578
2579
2580
4628
532
534
2582
536
2584
537
541
4637
4638
2593
4643
547
4645
549
4649
554
4650
2605
4653
559
2608
4660
568
4666
571
572
4669
2622
4673
578
580
2629
2630
583
589
4687
4688
4689
593
2649
4699
2651
604
605
2655
2660
614
2665
4715
4716
2673
627
628
2681
4732
2689
641
2690
4739
2692
4744
649
2698
4747
2704
4755
659
661
2712
667
2716
2717
673
2724
2726
679
2734
686
4785
695
2743
4795
700
2750
2752
2754
2755
707
2758
4806
2762
4810
4811
4814
4815
2767
721
4821
725
726
727
729
4828
732
4830
2784
4832
2789
2790
743
744
2794
748
2798
4846
753
754
2802
4851
2805
758
4854
762
2812
4860
4863
768
2818
772
2820
2821
2823
4872
777
4874
4875
780
790
4887
4888
2843
797
4896
803
2851
2855
810
2863
2864
4913
4914
2867
820
4918
4921
4937
2890
845
847
2896
2901
856
857
861
2910
864
4964
4965
4969
4970
874
875
2927
879
2928
2930
2935
889
4987
891
2943
2946
899
2948
4996
906
5003
907
5008
5009
918
919
921
5017
2972
5022
927
2979
2980
932
933
5032
2987
941
942
5039
943
5044
2997
5046
2999
952
3002
5053
3005
959
5056
963
3012
5061
5063
971
5067
3021
5069
975
3027
5078
3030
984
5083
5087
5090
996
3044
5093
5094
999
3048
1001
1002
1003
5099
3054
5104
1009
1010
5106
1013
1015
5111
5113
3066
5115
1019
1020
1021
3070
5118
1023
1024
3074
5123
1031
3080
5133
3091
5139
1047
3095
5150
1055
5153
1059
1060
1065
5162
1068
5164
1069
5165
5169
1074
1079
3127
3128
1085
1086
3134
1089
3139
5192
1096
1097
5198
1103
3152
5201
3158
5207
1111
3160
1112
5210
1119
1124
5222
1128
5225
1131
3181
5230
3187
1139
1140
3189
5239
1144
5240
1147
5243
5248
3204
3205
1160
1162
5259
5260
5263
1168
5266
5267
3219
3221
1174
3222
1177
1179
3228
3229
1182
5281
3234
1186
3241
1196
3244
3246
1200
3252
5301
5303
3256
1208
1209
5306
3259
5307
3260
5309
3261
3262
1217
5314
3270
1224
3274
5323
3277
1235
5332
5334
1241
3292
5341
5343
3295
1248
3297
1251
3300
1255
1256
1257
1260
1263
1265
1266
1268
5365
3318
3325
5373
5374
3327
5376
1281
1288
3338
1292
5389
3342
5391
1295
3343
3346
3350
1302
3351
5400
1304
5401
1310
5406
5410
1315
3363
1317
1319
5415
3369
3370
3372
1325
1326
3374
1329
5425
5426
3380
5428
5436
3389
1341
5438
3390
3394
1347
3397
3398
5447
3400
5450
3403
1357
5453
5454
5458
1364
3413
1368
1370
5467
3420
3422
1374
5471
1378
1382
1384
1385
5484
1392
1393
3443
1398
3446
5494
3452
5505
3458
5506
1412
3460
3461
3468
5519
1425
1426
1428
3477
1434
1436
1440
3490
5538
5542
1446
1447
1451
5555
3507
5556
1460
1462
3510
1463
3512
5560
5566
1471
5569
3523
3525
1477
5577
5578
1486
3539
3541
1493
3544
1501
3549
3551
3558
3559
1519
3573
3577
1533
1535
1540
3590
1543
1548
1550
1551
1553
1562
1563
3613
3614
1569
3621
1574
1578
3627
1580
3633
3639
1594
3644
1597
3645
1600
1603
3655
3658
3661
1614
3666
1619
3668
3670
1627
3677
1632
1635
3684
1640
1643
1648
3698
1656
3705
1657
1658
3706
3711
3719
1672
3722
1680
1682
1683
3738
1693
1697
1699
1700
1701
3750
1703
3752
3763
1717
3777
1741
1742
3791
3792
3800
1753
1758
1759
1760
3813
1766
1775
3833
3834
1789
3841
3847
1805
3854
3856
1810
3859
3860
3861
3865
1829
3878
1830
3890
3894
3895
1847
3901
1853
3903
1857
3908
3911
3914
3917
1870
3919
3920
1875
3939
3941
3951
1909
1913
3962
1916
1917
3965
1927
1931
3980
1933
3984
1936
3988
1944
3998
1950
1951
1953
1955
4004
1958
1963
4014
4016
4025
4029
1984
4035
1990
4045
4047
4058
4060
4063
2017
4066
2018
4067
2023
2028
2029
2031
2033
2035
4083
2036
2037
2039
4087
4090
2043
2044
4092
4095
20
192
323
229
357
327
392
201
139
203
80
83
404
244
86
120
27
315
252
28
350
