961
4097
3
2052
4101
2055
2057
2058
14
15
2063
2065
18
2067
2070
23
2073
4122
4123
2075
2077
4126
2078
2079
4130
4131
36
4133
4135
2090
45
4142
4144
4145
2100
55
4151
56
4153
4154
2107
61
2112
4160
2115
2117
4166
72
4169
2121
2123
4172
4174
4177
2129
2131
83
4185
90
91
2140
4188
94
96
4192
4193
2147
102
4199
104
4200
4202
4206
2160
113
4214
120
122
2172
124
2177
4231
2185
4234
4236
141
143
4240
145
2194
149
4248
2201
2203
4251
159
2214
168
2217
169
2220
2221
4272
178
4275
4276
182
4280
4282
2234
4283
4284
2238
2239
193
2242
4296
4299
210
2259
2261
215
219
2268
223
4320
4321
226
2274
4324
229
4330
2286
241
4338
242
2290
2292
2296
249
4348
2302
2306
4354
2307
260
4357
4358
2313
4366
270
273
2326
4378
285
2334
2335
2342
4394
4395
2348
4396
303
2355
307
4404
309
4408
2361
4411
316
4413
2372
327
4426
4427
336
2384
4434
341
344
4440
2393
2394
2395
348
2396
2397
352
2403
360
2410
4458
2411
364
4460
2413
4462
371
372
2422
2424
4472
379
381
4478
383
2432
385
2433
4484
4488
394
2443
2445
2452
4501
2453
2457
4509
2461
414
415
419
420
2468
426
2477
2478
430
431
434
2483
2484
4535
446
2499
452
4549
2501
4550
456
457
2505
4554
460
462
4559
4561
4562
466
4563
2515
467
4567
4571
2524
476
4573
4574
479
2528
4579
484
4585
493
2543
504
4600
2552
506
511
512
4609
4610
515
519
2568
2572
532
2582
534
2584
538
543
2593
4643
4645
4649
4650
559
2607
562
2610
569
570
572
578
2626
4675
2629
582
4679
4683
4685
593
4694
2649
601
2652
605
4704
609
4705
4707
611
2665
4714
4715
4716
621
2673
2674
2676
2677
4728
4732
2686
2690
4738
2692
645
646
4743
649
4748
2700
4750
654
4751
656
660
663
2712
666
2714
667
2715
2717
2720
673
2726
679
2734
4783
688
2737
4786
2741
694
695
2745
2748
704
2754
707
4803
2758
710
714
2764
4814
2767
4815
2772
4821
725
728
4827
2781
4830
735
741
2789
4838
2790
4839
743
744
4840
745
2794
2801
753
754
4851
2805
761
768
772
2820
4869
4872
777
778
4875
780
782
2832
784
2834
4883
2838
800
801
2851
803
4899
2853
2857
2858
2859
2863
815
4914
2867
820
2869
821
4918
825
2874
2875
833
2881
837
2892
2901
856
4952
857
861
2914
2915
4965
4969
4970
875
2927
879
883
4982
2935
4984
889
4987
4992
4993
2946
4996
901
2950
5003
917
918
921
2970
5020
5022
927
933
5029
934
5031
5032
5035
2988
942
5038
5039
947
5044
2997
5046
2999
952
3003
955
3005
957
5056
963
3011
5059
3013
5061
5063
967
971
975
5072
3026
5078
984
5080
3033
5083
3039
5089
3042
996
3044
997
5093
3045
5094
3052
1005
3054
5104
1009
1010
5106
3060
1013
1014
5111
1019
5115
1023
3071
5121
3074
1031
3080
3082
3085
3091
3094
5144
3100
1055
5153
1058
1059
3108
1062
1065
1069
5165
5167
1071
1074
5179
3131
5180
1085
5181
1086
3134
1089
3139
3140
5190
1096
3144
1098
1100
5197
1101
3155
1108
5207
1111
1112
5210
5215
5219
1124
5220
1125
3181
3182
3185
5234
5236
5238
3192
1144
3193
5242
1146
5248
3205
5253
1160
5257
1162
3210
3212
1167
5264
5266
1170
3219
3221
5270
1174
1177
5274
1180
3229
1182
5279
1186
3234
5283
5286
1192
5291
5294
1199
1200
1201
5298
3251
5303
3256
5309
5311
1217
5314
3274
3275
5323
5327
1235
5334
5335
1241
3289
3292
5340
5343
3295
1251
3300
3301
1256
1258
3307
1260
5357
3310
1263
1265
1266
1268
5365
3320
3322
5370
1278
5374
3329
1281
3331
1284
1292
3341
5389
3342
5391
1298
3348
5398
3350
5400
5401
1310
3358
3360
5410
5411
1315
1317
1318
1319
3369
1321
5417
3370
3372
1327
3376
1329
1332
1334
3382
3384
3389
1342
5440
5441
5442
5444
3397
3398
5446
5447
3399
3400
3403
1355
5452
1357
5454
3408
1361
1364
1365
3415
5465
5468
1377
5474
3428
1382
1383
5484
1389
3442
3443
5494
5496
3452
3454
1410
1413
3468
1421
1424
1426
3476
3477
5529
1434
5531
5532
1437
1440
3490
1446
5542
1449
1453
1454
5552
1458
5555
5557
3510
1469
5566
1471
5574
3527
1480
1481
1482
5578
1483
3532
3535
3537
3539
3544
1497
3548
1500
3553
3558
3561
3565
1519
1524
3572
1527
3577
1530
3579
1532
3582
1535
1537
1540
3590
1543
3593
3594
1548
1550
1551
1558
3607
1562
3612
3614
1566
1569
3627
1580
3629
1583
3638
3639
1597
3646
1598
1604
1607
1614
3664
3666
1619
1620
1632
3681
1636
3685
1640
1643
1648
1655
1656
3705
3716
3719
1671
3721
1673
3722
3726
1680
3728
3730
1682
1684
1688
3738
1691
1697
1699
1700
1701
1703
3751
3752
3763
1717
3766
1720
1723
1728
3777
3783
3784
3786
3792
3807
1763
1766
1775
1778
3827
3838
3843
1797
3847
1799
1803
3851
1809
3859
3861
1816
1818
1823
3873
1829
3877
3878
1835
1840
3889
3890
3891
1847
3897
1851
3904
1857
3908
1861
3914
3917
1870
3919
1874
1879
1882
3941
1895
1896
3948
3953
3957
1913
1921
1923
1928
3981
3983
3984
1939
3999
1953
4004
4005
1960
1961
1966
4016
4017
1975
4029
4034
4037
4042
4045
4046
1998
4048
2007
4055
4058
2013
4061
2014
4063
2017
2022
2025
4073
4074
4076
2036
4084
2037
2039
2043
2046
19
323
131
68
100
327
359
140
44
178
307
276
86
24
408
57
26
220
252
381
