979
4096
2052
4101
4103
2057
10
4107
4110
4113
4118
2071
2077
4126
4127
4130
4133
2085
2087
39
2091
4140
2094
46
4142
4145
50
2100
55
4154
2107
2108
63
2113
4164
70
4166
71
2122
75
4177
2130
83
4184
89
4185
2141
4189
94
97
4193
98
2150
102
2160
4208
115
2165
2166
2168
4218
122
2171
2173
125
4225
2183
136
2185
137
4234
4236
2189
2194
147
2197
153
2202
2206
4254
2208
4259
4261
2214
168
4264
4265
170
2220
173
4272
2225
4274
4275
4276
182
2232
184
2234
4282
187
4290
196
204
2255
211
2261
217
2268
2272
226
228
2277
229
235
4331
2286
2287
4335
4338
2290
2291
246
2296
249
2297
4346
252
256
2306
261
4358
263
2311
2313
2318
270
4369
273
4370
2324
4378
2334
2335
2342
4394
4396
4398
2351
2352
311
4407
4412
316
317
4414
4415
4416
324
2375
4424
333
4431
4433
2386
4434
342
4440
2397
2399
352
354
2403
2406
2410
2411
364
2415
367
4465
2418
4468
2422
2428
4476
386
4485
2443
2445
404
2452
4501
2453
405
409
4509
2462
2463
416
420
4519
426
4534
2488
2491
2492
446
4544
2501
4551
456
2505
2508
4561
4562
4563
2515
468
469
4567
2523
476
2526
4580
484
2542
494
2543
2546
500
501
4598
4599
504
2552
4602
4603
4609
4610
4612
516
4613
4615
2576
532
536
4634
4637
2591
543
544
2594
4643
549
4649
4650
554
2606
2607
562
4659
4660
4662
2615
2616
569
2619
572
4669
574
2626
4675
582
4679
2631
2632
589
592
4689
4697
4699
2652
4701
4704
609
4705
4707
4708
613
614
4712
4713
619
4716
623
4720
2673
2676
629
2678
4732
636
2689
2690
4739
2692
4741
646
4743
4745
649
4747
652
4749
4750
4751
2704
4753
660
4757
662
664
666
667
4765
2717
2727
2731
2732
2734
4783
2736
2739
2741
695
2743
2745
4795
699
703
704
2755
708
710
2758
4806
4809
2762
4813
2767
2768
723
4820
2773
732
735
4838
744
2793
753
2801
2805
758
2807
4856
761
4859
2817
771
772
2821
4870
2824
777
4878
783
784
4882
4883
4884
788
4886
2838
4887
2841
794
4892
2845
4896
800
801
803
2851
805
2853
807
810
2858
2863
4913
2867
821
4918
825
2873
2875
827
2876
2878
4926
4930
2885
4935
4936
4937
2890
844
845
2896
4946
4947
4949
2901
856
2908
4956
861
2910
4961
2914
2915
2916
870
872
4969
4970
874
2926
4983
889
4987
4992
4995
4996
901
903
907
5003
911
2960
2962
2969
922
2970
5022
927
2978
5026
2980
933
934
935
5032
941
942
5038
2991
5039
947
2997
950
2999
953
3005
957
959
962
3010
967
5064
971
5068
972
3021
5078
982
3030
3036
989
5085
5086
3039
5087
994
995
3045
3048
1001
5097
5105
5106
1010
3060
5112
5114
3067
1023
1025
5125
1029
1031
1032
3084
3085
3090
3091
5139
1043
3093
1046
3098
5149
3101
1055
3103
1056
5153
1057
3110
1066
5165
5166
5167
1071
1073
3122
1074
1075
5172
3125
3130
3134
1086
5182
3139
1093
1094
1096
5193
5194
1098
1101
3149
3151
5204
3158
5207
1111
3160
1118
5214
5215
1120
5217
5219
3172
1124
5222
1127
5227
3180
3181
3182
3189
5242
3200
5248
5253
1160
3210
5259
1167
5264
5265
5266
5267
1174
5270
3223
5272
3224
1177
1180
5277
1182
3234
1186
3239
3240
5289
3244
1196
3245
1199
1200
3251
3252
5301
3254
5303
1207
1208
3256
3257
3260
5309
3263
1215
3267
1221
3270
1223
1224
1226
3274
5323
3276
3277
3279
1235
5335
1239
3287
3289
3292
3295
5343
1247
1251
3300
3307
1260
3313
1268
5365
3320
3322
5370
3324
5372
1278
3326
1279
3327
1281
3329
3330
3331
5385
3338
1292
5389
3342
1295
5391
5392
3346
1298
5395
3348
3350
5398
5400
5401
3359
1314
1315
5411
3365
1319
5417
3370
3372
5421
1326
1327
3377
3380
1332
5428
1333
3382
1334
3386
5435
3388
3389
1341
5438
3394
3397
1352
1354
1355
5452
3405
5457
3410
1365
3413
3414
3415
5469
3422
1377
5474
3427
3428
5477
1382
5479
1383
3436
5485
1390
1396
1398
5494
5496
3451
5500
3461
1414
1415
1421
1424
3477
3480
1432
1434
1436
1437
5534
1440
1441
5538
3490
1446
5542
5546
5550
1456
5555
5556
3510
1462
3513
5566
5568
3520
5570
1475
3523
1477
1478
3526
5574
5576
3530
5580
3532
1486
1488
3539
1496
1497
3548
1500
3551
3553
1507
1508
3561
1514
3562
3563
3566
1519
3569
3572
1524
1527
1528
3577
1530
3580
3581
1533
3590
1544
3594
1547
1550
1552
3602
1560
1564
3618
1571
3619
3626
3629
1582
1584
1587
1594
1596
3644
3646
1599
1602
3650
1611
3660
1614
3663
3666
1619
3674
3675
1628
3676
1631
1633
3684
1636
1637
3692
3693
1648
3698
1653
1656
1657
3706
3709
1662
1665
3714
3719
1680
3728
3729
1683
3734
3738
1691
1692
1693
3745
1699
1700
1701
3750
3752
1712
1718
1720
1723
1726
1734
3786
3788
1741
3793
3798
1753
1756
1757
3810
1769
3819
1775
1784
1786
1787
3840
1799
3847
3851
1803
1805
3854
3856
3859
3862
1816
3865
3866
1823
3871
1828
3877
1843
1844
1851
3902
1864
3913
3917
1870
3919
3920
1873
1880
1886
3939
3942
3944
1903
1904
3952
3954
1909
3958
1913
3962
1914
3963
1915
3969
1927
3979
1932
1934
3983
3984
3985
1941
3993
3999
4001
4004
1959
1960
1961
4009
1964
4014
4016
4017
4018
1983
1984
1986
4039
1994
1998
1999
2000
4052
2004
2007
4055
4056
4058
4060
4062
4066
4067
2019
4072
2024
4073
2029
2031
2036
4086
2044
2047
19
161
386
100
68
261
230
198
103
265
330
79
113
114
371
374
248
92
350
254
