1017
2
4
2052
4101
4103
2057
4106
4107
14
2067
24
4121
27
28
4126
31
4130
35
4131
4132
4133
2085
38
2089
4140
4142
2094
4145
2100
55
4151
4154
67
4166
71
2122
78
82
83
4185
2138
92
94
2143
96
4193
102
107
4203
4208
113
4218
2171
2173
2176
129
2181
134
2185
4234
4236
2192
145
2194
147
2198
4248
153
154
2206
4258
2211
4261
4262
166
2216
4264
2217
2220
2221
2224
2225
178
4275
4276
182
2231
4280
184
2234
4282
2241
195
4294
4296
204
4301
213
2261
4309
2262
2265
4318
223
4320
4321
226
4323
229
2282
4332
2286
4337
2290
243
2292
248
2296
249
250
2300
252
4349
4352
2306
4356
4358
4360
267
270
4366
2318
273
4369
2322
4370
279
4378
2334
2335
2342
295
2347
4397
4398
4399
303
4404
309
316
4412
4417
2369
322
326
327
330
4430
4432
2386
4434
4435
4440
2395
4443
2397
352
2401
2403
4453
357
2410
2411
2414
4462
4467
4468
4469
379
2428
2429
4477
382
2432
4480
2435
4483
4489
2443
4492
2445
4494
4497
4499
2452
405
2453
2455
4509
2461
4510
420
422
4519
2474
426
428
2477
2478
433
434
2484
4533
2488
2493
2496
448
4544
4545
2499
2501
4550
456
2505
2508
4556
2509
465
2513
4561
4562
2515
469
4567
471
2521
2523
476
4574
2528
2529
484
4580
2543
496
2544
2546
4595
499
2549
504
2552
508
2556
4608
512
4610
4613
518
4615
2568
522
4623
530
2579
532
4628
537
4637
4638
543
2592
544
2593
545
4643
549
2597
4649
4650
554
4651
4653
2605
2606
2608
562
2614
4662
4664
569
570
572
2621
574
4673
2626
4675
4676
580
2629
582
4679
4680
584
4681
587
590
593
594
4693
600
4697
4699
2652
604
605
4704
609
2657
2663
2665
4714
2667
4716
4717
4719
2672
2673
2674
627
2676
632
4732
2692
645
646
649
4747
4750
4751
4752
4753
659
4755
660
4756
661
663
2712
666
667
4765
4767
2722
675
2724
2727
4777
2731
2733
2734
4783
4786
2739
2741
695
2745
2747
699
2751
4800
704
4803
707
2756
710
2758
4806
714
2762
2763
4813
4814
2767
719
4815
2769
2772
725
2773
2776
735
2784
741
4838
4839
2792
745
746
753
2801
4849
2805
761
762
4859
765
4862
4863
2817
2818
772
2821
2824
777
4875
4876
4878
784
4881
786
4883
4884
2838
790
4892
797
800
2848
801
803
2851
2853
2855
808
2858
4910
2863
815
2864
819
4918
825
2875
4925
2878
833
2881
2883
837
2890
844
845
2894
2901
4949
856
861
864
2914
2915
870
4969
4970
874
875
2927
4987
2943
2944
4992
901
5000
2953
906
2956
5004
5014
5016
5017
2969
2970
5020
5022
931
2980
932
2981
933
934
5032
5035
2987
942
5038
2992
946
5042
947
2999
5047
955
959
5056
960
962
963
5059
971
5068
5069
5076
980
3029
982
5080
5081
3035
3037
5087
3039
992
5089
994
3045
5094
3048
1004
3054
3057
5106
3060
1015
5115
3067
3078
1033
3084
3085
5133
5136
1042
5139
1043
5141
3093
5147
5150
1055
3103
1056
1060
3110
3111
1065
5162
5165
1070
1071
5167
3125
1079
3127
3130
1083
3133
5182
1098
3148
5197
1104
1105
5202
5206
1111
5207
5216
5217
5219
1124
3172
3174
1127
5225
1131
3179
5227
3180
1132
3181
1134
3182
5234
1139
3187
5239
1144
5242
1147
1155
3204
5253
1160
5257
5259
5262
5264
3219
3221
5270
1174
1177
1180
3228
3229
1182
1183
3234
1186
5283
3239
3240
5289
1199
1201
3251
3252
5301
1207
5303
3256
3259
3260
5309
3262
3263
5312
5314
1221
3270
1224
3272
5320
3273
1226
3274
5323
1235
5334
3287
5335
1241
3292
3294
5343
3295
1248
5346
5347
3300
1258
3307
1260
1266
1268
5365
3320
1272
5370
5372
1279
3331
1284
5382
3340
5389
3342
5391
5393
1298
3348
5398
3350
3351
5401
3355
1310
5406
1311
3359
1312
5410
1315
5411
1317
1318
3366
1319
1320
5417
3370
5421
1326
5422
3375
1327
5425
3377
3378
1332
3380
1333
1334
5436
3388
3394
3396
5444
5445
3398
5447
1352
3400
5450
1355
3403
5452
3405
5454
3410
1362
5459
5461
3413
3414
3415
3418
5467
3420
5469
3424
1377
5474
3428
1382
1383
5479
1385
3436
1389
1391
5488
3443
1396
5493
5494
3446
1398
5496
3448
5497
3451
1407
5505
5506
5508
3461
5514
3466
5515
1421
5519
1424
3472
3477
3478
1432
3481
1434
5530
1437
1440
5542
1447
5544
1452
5555
3510
1462
3512
5560
1467
5563
1468
5566
1473
3523
1475
5572
1477
3526
1478
1480
5577
5578
1483
3532
3537
1491
1493
3541
3545
1503
3555
1507
1510
3559
1513
3563
1519
3573
1527
3577
1530
3579
1533
1536
1540
3589
1544
3594
1550
1551
1552
1553
3609
1562
1563
3612
3613
1569
3618
1571
3623
3624
3626
3627
3629
1582
3633
1587
3643
3644
3653
1614
3666
1620
1621
3672
3676
3677
1633
3682
1636
1637
3693
3695
3697
3698
1653
1656
1657
3709
3711
3719
3722
3728
3732
3738
3739
1692
1693
1699
1700
1701
1703
3752
1706
3757
3758
1712
3763
1718
1720
1722
1723
1727
3777
3786
3795
1758
3810
1763
3814
3816
1770
3818
1771
1779
1785
3834
3836
3838
3841
3843
3847
1799
3848
1803
3851
1804
3855
1809
1810
3860
1815
3865
1819
3868
3871
1823
3877
1830
1838
3887
1839
3890
3891
1844
1849
1851
3899
3901
3907
3917
1870
3920
1872
1879
3933
3934
1887
1892
1895
3944
1896
3953
3954
1909
1913
3965
1919
1920
3970
3971
3973
1931
1933
3983
1936
3993
1948
3998
3999
1951
1955
4004
1956
1960
4009
1961
1963
1964
4016
4017
1973
1975
1984
4035
1988
1989
1990
1994
4043
1998
2003
2007
4058
2013
2014
4066
2018
2019
4067
4068
2022
2023
2028
2031
2033
2036
4084
2039
2043
4091
4095
22
386
68
100
229
230
104
395
141
13
77
175
80
274
83
371
20
276
406
342
24
89
29
