919
3
4100
4
4101
4107
2060
4108
2061
2064
18
2075
2078
31
4130
2083
4131
4132
2085
4133
39
40
4142
4145
55
2103
4153
4154
2112
66
67
4166
2123
4172
4174
2129
83
4181
4186
4188
95
99
2149
4197
102
4202
4203
2157
2158
4207
2165
2167
122
124
4220
4223
2175
128
2177
2184
2185
4234
2188
4237
142
2192
2194
147
148
4245
4248
154
159
4257
163
166
2214
2220
173
4270
175
4272
178
4276
182
2234
4284
2242
4290
4291
4296
201
4298
2252
4301
210
2258
2261
221
4320
4321
226
229
2284
2286
4338
243
4339
2296
248
4348
253
2302
255
2306
4358
2312
2313
270
273
2322
2334
2335
290
293
2342
4394
4396
4397
303
4399
2351
304
2355
307
4403
2357
313
2361
316
4413
2366
4415
4417
4418
2372
324
327
328
4425
333
4431
4432
2386
4434
4440
2397
352
2403
2409
2410
2411
4461
4462
4466
2419
371
4469
2424
2428
4483
2437
4486
4489
2443
2445
398
4496
2449
402
2452
2453
4502
407
410
414
420
426
431
2485
437
438
2488
2491
4544
4551
456
457
2505
4554
4561
465
2514
4562
4563
2520
4568
2523
476
479
4576
4579
2532
484
485
4586
4587
494
2543
496
4596
2549
504
2552
506
4603
508
2556
2557
511
512
513
4610
2568
4616
2569
4620
4622
532
536
538
4636
540
4637
543
2592
4641
4643
549
4648
4649
4650
562
4660
2613
572
2621
4672
2624
4675
4677
582
585
2633
4685
589
591
593
2641
2642
2643
4691
4692
4693
603
2652
608
4704
4705
4706
611
615
623
2671
2673
4723
2676
2677
4728
4732
4736
4739
2692
2693
646
647
649
4747
4750
4751
2704
4753
659
2714
666
667
668
2717
674
2723
2724
683
2732
2734
4783
2741
2742
695
699
702
4801
2755
4803
708
2757
710
2760
2762
2763
4815
2768
4819
724
2772
725
2776
729
730
4826
2780
4830
742
4838
745
4843
749
2799
4847
753
756
2805
758
2809
761
766
767
2820
772
4873
4875
4879
784
786
4884
789
2838
2842
4893
798
799
800
801
2851
804
2852
4901
4904
2856
4906
2858
4910
2863
4917
4918
824
2874
2878
4928
834
2883
837
4934
840
4936
4937
2891
843
845
2894
4947
4949
2901
856
2905
4953
4954
2906
4956
861
864
2914
2916
4967
4969
874
4970
875
4971
2927
879
883
4980
4982
4983
2937
4987
2941
5000
2953
914
5017
2970
5019
5022
927
931
2980
5029
933
934
5031
5035
2988
2989
942
5038
5039
943
2992
947
948
2998
2999
953
5050
5054
959
960
963
971
3023
976
5078
3033
5081
3034
5085
5087
3039
993
3043
995
5093
3045
3048
3053
3057
1010
3060
1012
3061
1014
1020
3074
5123
5127
3080
3083
1036
5134
1041
3091
5139
3092
3093
5147
3100
1055
1056
1057
5153
3107
3108
1060
5158
1065
1068
5165
1071
5167
1073
1074
1076
5177
3129
5180
1085
1086
1088
1089
5187
3139
1098
3148
5207
1111
3161
1115
1116
5214
5215
5216
5219
1124
3175
3181
3182
3183
1136
5232
1137
3185
1139
5235
5239
5241
5242
5243
3199
5250
3204
5252
5253
5262
1166
3217
3219
3229
5277
1182
3234
1190
3238
5286
5287
3241
1200
1201
5298
3251
3252
3256
5307
3260
1212
5309
5311
3267
1224
3274
5323
3278
5329
1235
5334
5335
1241
3292
3295
5346
1251
1260
3311
1266
5364
1268
5365
3320
3322
5370
5372
3325
3326
5374
3327
1281
5377
3330
3331
1284
5382
3338
3339
1292
1293
5391
1296
1297
1299
5398
1303
5400
5401
1308
3358
1310
3359
5408
1318
1319
1320
3370
5421
5422
1326
3374
5423
1327
5425
5427
1332
1334
1335
5436
5439
3392
5440
5441
5443
1348
3397
1349
5447
3400
5449
3402
1355
1359
5456
1362
3411
3414
3415
1370
3420
5469
1375
1377
3425
3428
1381
1382
1383
1389
5485
3439
5488
1392
5493
1398
5496
5499
1409
5509
3461
1421
5519
1424
3475
3476
3477
1433
1434
1437
1441
1446
5542
1448
3497
1452
5553
1459
5555
3509
1461
3510
5560
5561
1469
5569
3526
5574
5576
3530
5578
3537
1489
3539
1492
1500
1505
3562
3563
1516
1519
3569
1521
3571
1523
3572
1527
1528
3577
1531
1532
3580
1533
3581
3583
3584
3585
1540
1543
3593
3595
3597
1550
3599
1552
3612
3626
3627
3629
1582
3633
3638
1594
3643
1596
1598
3653
3660
1614
3664
3665
3666
3668
1620
3672
3674
3677
3680
1636
3686
3687
3690
3692
1647
1649
1656
1657
3707
1660
1662
3711
1664
3719
1673
3727
1680
3728
3730
1683
3732
1688
1689
3738
1690
1691
3742
1699
1700
1701
3749
3750
1704
3752
3753
1707
3763
3765
1720
3769
1721
1722
1723
3777
1732
3781
3786
3791
3792
1744
3793
3795
3811
3813
1766
3818
3820
1775
1776
1777
1778
3826
1781
3838
3839
1802
3861
1815
1816
3865
1819
1823
3877
3879
1837
1840
3891
3901
3903
1858
3907
3908
3914
1867
1872
1873
1874
1882
3948
1902
1904
1909
3958
1914
1915
3964
3965
3970
3983
3984
3987
3992
1946
3997
3999
1953
1956
4005
1960
4009
1965
4020
1972
4025
1977
1981
1982
4031
4034
4035
4037
1989
1990
1999
2001
4051
2004
4052
4055
4056
4062
4063
2017
4066
4067
2020
2021
2022
4071
4073
2028
2036
2037
4086
2043
2045
4094
18
128
257
66
132
100
76
142
47
175
401
178
148
121
251
412
92
221
126
