127
257
3
5
268
13
16
272
273
18
19
277
278
279
25
26
31
288
33
296
297
45
47
304
49
50
52
56
312
60
318
320
64
322
70
75
77
78
83
340
85
86
345
346
92
348
350
353
101
102
359
103
106
107
364
109
110
368
113
369
114
117
376
377
380
381
126
127
128
384
385
386
131
132
388
389
390
136
392
138
397
398
143
147
149
150
406
407
152
409
153
410
154
411
155
415
416
161
162
164
167
168
171
175
178
182
183
184
185
188
192
200
203
205
213
217
221
222
227
228
229
230
232
234
241
247
254
255
8
64
18
20
4
54
6
24
11
