183
513
1282
1542
774
1544
520
2060
524
12
14
1806
1553
20
1045
2070
1046
534
24
536
537
282
1820
543
799
801
34
1315
547
1830
806
296
1065
555
1069
301
2094
2095
817
2099
1587
1331
565
825
826
1340
60
829
2110
318
831
2114
1353
586
2122
842
1868
1612
334
1616
2128
81
1361
2131
339
340
2132
341
87
600
857
1625
1626
1883
1119
608
352
1377
1124
356
2149
1382
2150
1384
107
1131
108
2156
1645
366
623
1394
1395
1653
1910
375
1145
634
1661
1412
132
389
1414
2182
393
2185
141
1167
2191
144
402
1939
1431
2199
1688
1178
1182
1183
2209
1954
2211
676
1703
681
2219
1708
428
2222
1454
1966
431
1199
178
947
179
1974
1976
1468
1981
957
962
1219
1477
1733
710
1479
1737
1227
1484
1485
1231
722
1746
979
2004
1237
1750
215
984
985
729
475
988
2019
1764
1509
1254
487
744
2025
1258
1002
2030
1777
1778
243
756
2037
501
1527
1016
248
2043
1275
1
38
