280
512
1026
2055
1547
1035
2060
524
13
1037
528
533
2070
534
537
539
1566
2079
35
2084
550
553
554
2090
555
2091
556
1069
557
1584
2099
1587
1076
565
54
570
1595
60
61
2110
576
2112
2114
578
1090
1095
1609
1097
2121
74
586
1610
1613
2128
592
85
1621
1110
87
1111
2137
1626
604
2140
2141
1631
1119
609
612
1125
2150
1126
1646
1134
623
1137
2161
2164
2165
2167
633
2175
2177
2182
1159
1164
1167
2192
659
1172
2197
2199
1688
1691
1179
156
2205
157
670
2209
162
1699
676
2214
678
1191
1703
1193
2218
1195
1708
172
1196
2222
178
179
1716
180
1210
189
1213
1727
1215
1729
1219
2244
2246
710
1737
713
1231
1743
722
1747
211
732
225
227
1251
230
743
231
236
750
1778
245
246
1275
1280
774
264
1288
1803
268
1296
274
787
789
1814
279
1815
793
1306
1820
1310
1822
801
1314
1315
1318
1831
807
302
816
818
307
312
825
1339
316
1340
833
1345
836
325
1862
1351
1865
841
1866
330
1868
1356
332
1357
341
853
1367
343
1880
857
867
356
1381
357
359
360
876
365
878
1904
1395
371
1909
1405
894
1918
384
1924
901
389
903
393
1933
401
1425
1938
1431
920
923
1951
1953
1444
1445
427
1453
431
1456
946
949
950
1974
1977
1978
954
956
1468
1981
1983
962
1477
1479
970
459
1484
465
1491
467
2005
981
1494
471
984
985
475
1505
481
2019
2022
2023
1512
489
1515
2029
496
2037
502
2042
1018
1534
1535
2
83
123
