6940
16386
16387
32779
16398
15
16400
32785
18
19
16408
16411
16414
16416
32
34
16418
37
32805
16422
16423
32807
32808
16425
32812
16428
16431
16432
50
51
56
16441
63
32837
16454
32840
16456
74
77
79
32849
16466
16467
32853
87
90
92
16477
32863
16480
16483
32870
16488
32873
16492
108
16494
32879
32885
118
16502
32886
119
121
16507
32891
16508
32894
32896
16514
138
16524
32910
32913
32914
16531
149
151
16537
154
32923
16540
157
16541
32926
160
32930
32931
32932
32933
16549
167
32938
16556
32944
176
32946
16564
32950
16569
32964
16580
196
32965
200
16587
32975
208
32982
32987
16605
32989
32991
32992
225
32993
16612
228
231
33000
232
16616
33002
235
16623
33008
33009
241
16630
250
16634
254
33023
16639
257
33026
260
33030
267
33035
33037
16655
272
16657
33042
33045
278
33048
33049
283
16668
16669
16673
290
291
294
297
298
16687
305
16689
33074
307
315
16699
318
33088
321
16705
33089
16707
326
33103
337
33106
16722
339
340
16725
16726
345
347
16731
16732
16736
33123
358
16742
33132
366
16753
16754
16755
374
16760
33146
16762
33151
16769
16770
16778
16783
400
16785
33170
33173
16793
413
33182
16800
417
33185
420
16805
422
33192
16809
426
33195
16811
428
432
435
16825
33211
443
444
33213
33215
447
448
449
454
16838
455
16840
458
33226
33228
466
16853
33239
16855
33242
33246
16864
16865
16866
33256
489
16873
494
16879
499
501
16889
33274
33275
507
510
33280
16900
16904
16906
33291
524
33292
16909
526
16910
16913
33298
532
16917
16924
541
16928
16931
16934
33319
33325
33330
570
573
575
33347
585
16971
16972
16978
594
33364
33368
33369
33370
33372
33373
16994
33379
611
33383
17002
17004
621
33392
33396
628
17015
17019
635
637
33407
640
642
644
33413
17031
649
33419
33421
653
17038
655
17039
33424
33429
669
17057
33441
17059
677
17062
17064
33454
17073
17075
693
694
17079
33464
17080
701
33470
17090
17091
33475
708
17093
33483
33485
33488
17105
33492
17110
727
33496
33497
33500
735
33506
740
743
17131
750
17136
752
17137
754
758
760
17146
17147
17148
33535
17151
767
768
17152
770
17155
17158
17160
780
17167
33551
17171
791
793
33561
17178
17188
17189
33576
17195
811
17197
33583
33585
17201
33589
822
33592
33596
17213
831
832
17217
835
839
33607
840
17225
33609
842
846
33615
854
17239
33624
17240
17245
867
33638
870
33639
33640
33641
873
33643
17260
878
17263
880
884
886
17273
890
33659
17275
33660
17277
895
899
17283
33669
33671
904
17288
33674
906
17292
33683
33688
17309
17310
928
17313
33698
931
933
17319
936
941
943
17328
17331
948
949
33718
17335
953
17338
17340
17346
966
33737
969
975
976
17363
984
17369
989
991
992
993
17379
33764
997
998
33768
1000
17385
1001
33771
17389
17392
33778
17400
17401
1017
33785
33789
17409
1026
33794
33795
33798
17416
1038
17423
1040
17425
33812
33813
33814
1046
1047
17433
33818
17434
33822
17440
33826
1058
1059
17444
17449
33835
33840
1073
17458
1077
33848
1082
1083
1084
33858
17478
1095
1099
1100
1101
17494
17495
33882
1114
1116
1117
33889
33891
1128
1130
1132
17516
33903
17520
1138
17522
33913
33917
33918
1152
33922
1156
17540
33924
1158
17542
17543
33928
33931
1166
1167
33941
33943
33950
33951
17569
33955
33957
17575
17577
1194
1195
33966
33967
17587
1206
1215
17601
1218
17604
1220
33988
17606
33992
33993
33994
33996
1228
17617
34002
34003
1240
17625
34009
17635
34019
34026
1258
1259
17645
34030
17650
34035
1267
17652
1268
1270
34039
34040
17657
34041
34042
1278
17662
17665
17667
1284
34052
34053
1286
1287
17672
1289
1290
34059
1296
17686
34072
34075
17694
34079
17697
34081
17699
34084
1316
17702
17704
1322
34091
34092
34093
34099
17716
1337
34107
17728
34115
1349
34117
34119
1352
34121
17742
17746
34131
1363
34132
17751
34136
1372
34143
17760
34148
1382
17766
17771
34155
17772
1388
34160
34162
1394
34163
17779
34165
34169
1405
17792
1412
34180
17797
1414
34185
34187
17811
34203
34204
34209
34212
17830
34214
17835
17838
1454
1456
1458
17842
17843
1461
17845
17847
1465
34234
34235
34239
1471
1473
17857
34243
17861
17862
34251
1484
17870
34259
17875
17877
17878
1501
34271
1509
1516
34289
34290
34292
17914
1534
1537
17922
1539
17925
34309
34314
17930
1549
17934
34319
1551
1556
17941
1557
34326
34329
17949
34333
17950
17951
34336
17952
34338
17957
1574
1576
34347
1580
34349
17966
17968
1586
34357
1589
1590
34359
34360
34363
1599
1600
1601
1604
34372
34373
1606
17991
17994
1610
17997
1616
34386
18004
34389
34390
18007
1624
34394
34396
1630
34400
18016
1633
34401
18018
34403
34404
1636
18038
34425
1657
1659
34428
18045
1666
34435
1669
34438
34439
18056
1675
1681
34449
1682
1683
34453
18069
1686
34455
18072
34456
1689
34458
34459
1692
18076
34462
34464
18080
1699
18087
18088
18090
1706
34475
18091
18093
34478
18094
1711
1712
1720
34492
34495
34496
1729
18114
34499
18117
18118
1734
18126
18128
1744
18130
18135
34521
18145
1762
1763
18148
18149
34534
1768
18155
18156
18157
34541
18158
18161
1780
34549
18165
1781
1784
1790
34558
34559
1791
34564
34566
34567
18184
18187
18188
34573
1805
34574
18193
1810
1814
1822
1825
34595
34598
34599
18217
1833
18218
18220
1839
34608
1843
18229
18234
1852
1855
1857
18243
34631
34633
18249
18252
34637
1871
18255
18257
18262
34649
18265
34650
18267
34653
34657
1891
18276
18278
1894
18280
1896
34665
1899
18283
34668
18286
34674
1907
34678
34679
18298
18306
34691
34694
1928
18312
18318
18322
18324
1940
18330
34717
34718
18346
34736
18356
1973
34741
34749
18366
18367
18370
18371
1990
18374
18378
18379
2002
18386
18389
18390
34776
34778
34779
2014
34785
2020
18406
18407
2025
18409
34794
18413
2029
34798
34799
34800
18418
2036
34805
18421
18422
34812
2045
18431
2049
34817
18434
2051
2052
18437
2053
18439
34823
34827
2061
2064
18459
2076
18461
18463
2080
2085
18471
2089
18476
2093
34862
2095
34865
18485
34870
2107
18492
34879
2112
2114
18499
34886
34888
34889
34890
18513
2129
2131
2132
34900
2136
18522
2138
2141
2142
2143
2147
2148
34916
34917
34919
34921
18540
2158
2162
34932
2164
2166
18553
2174
2176
34946
2180
2182
18568
34959
2192
2193
34963
18580
34965
2198
2199
34975
2208
2216
34984
2235
18622
18624
18626
2242
2243
2244
35014
2247
35019
2257
35026
2263
2264
18648
18650
2266
35034
18651
35037
35038
18657
35044
18662
2281
18668
2284
18671
18672
18676
2292
35065
18685
2302
35072
35073
35074
18690
2307
18693
2310
2312
18696
18699
35084
35089
35094
18713
18714
35103
2336
18721
2338
18723
18724
35109
35112
18728
2351
35120
18737
35122
18739
18740
35124
2356
2363
18749
35135
2368
2371
2373
18758
18759
35143
2378
18764
2382
35152
2384
35155
35156
2390
2393
35162
18781
18783
2399
35173
18791
35175
2407
2408
35176
18793
2413
35182
35183
18800
18801
2421
2422
35191
35192
35193
35195
35197
35198
18818
2447
18831
18834
2451
35224
2457
35227
2461
2462
2464
2465
18850
2468
35237
35238
35241
35242
18859
2476
35250
18867
2484
2485
2486
2490
2496
2499
35270
18892
2508
2509
35277
18897
2513
18899
35284
2518
18903
2519
2520
18909
2528
35298
18917
35302
2539
35307
35310
2544
35313
35314
18930
35315
18934
35320
35321
35322
2556
18943
18945
18946
2562
35333
2566
2572
35345
2578
2580
35349
35351
35357
35360
18976
2593
18977
35362
35363
18980
2598
18984
2602
2604
2611
35380
2617
2619
2622
35392
2626
35394
35396
2629
2630
35398
2631
2635
2640
35409
2642
35413
19031
35418
19039
19042
35427
35428
2662
35431
35434
19051
35440
35444
19062
35447
35448
19064
2684
19069
19075
2695
19081
35468
35470
19086
2703
19091
2711
2712
2716
2718
19103
2719
2720
2726
19111
35497
2737
35506
2745
2747
35517
2749
19138
19140
35526
35529
35530
19146
2762
2763
19148
19150
35535
35544
35546
2779
35551
19169
19173
2793
2798
19183
19184
35570
35579
2813
35582
2815
35586
2819
35590
19208
2828
19212
2829
35599
2832
35602
19218
2835
2838
2841
19227
19228
35614
19232
2852
2853
35625
19242
2859
35634
19251
2869
19253
2870
2872
2873
19258
19260
2878
35649
2881
35650
19269
19272
2888
19273
2889
19274
19277
2893
2894
35664
19282
35667
19283
2900
19289
35674
35675
19292
19296
35686
19303
19307
35692
19313
19319
35708
19326
2942
35712
19332
19334
35720
19336
19338
35725
35726
35727
19343
35732
35733
19350
2967
2970
35738
19354
2973
35745
2983
19371
2992
19376
35762
2994
19379
35766
2998
19383
35768
19387
19388
3006
35775
35776
35779
3012
35781
3021
19407
35791
3024
19408
19411
35795
3028
3029
19414
3034
3037
19422
19431
19432
19436
19437
3054
19442
3061
3065
19454
35840
3076
35845
19463
3080
19465
3084
19468
3086
19471
19477
35863
19480
35865
3102
19486
35872
3110
3113
19497
3115
35884
3122
35891
3125
19510
3128
35899
35904
3137
19524
35909
35910
19526
3145
19530
19532
3150
35918
35923
35924
35928
3160
19545
3161
35934
19552
35939
35945
19562
35947
19564
35949
3182
35953
19569
3187
35955
3190
35959
3192
35965
3197
3198
19589
3209
19593
19599
35983
35984
19600
3217
3224
19610
19619
36006
19623
19624
36011
3243
36014
19634
3251
36021
3253
36028
3261
36032
3264
3271
36040
3274
19661
3280
19664
36059
19677
19679
36063
3295
19681
36066
3299
3300
3306
36076
36077
19694
19695
3313
36082
3319
19703
19708
19711
19713
19714
19718
36102
36103
3335
36104
3336
19721
36108
19725
3342
3344
3350
3356
19747
36133
19751
36138
3375
36143
19761
36146
19763
3381
3382
36152
3385
19770
3387
36156
36158
19774
3393
3396
3397
36166
36169
19787
3403
36173
36174
36176
19792
19798
3414
36187
36188
19806
19807
36202
3436
36204
19823
3439
3443
19828
19831
36216
36219
19847
19848
19853
3473
3474
3475
19861
36250
19868
19873
36260
19880
19884
3505
19889
36274
19890
36277
19896
19903
19904
36290
19908
19909
36293
3526
19911
36300
19923
36309
3541
36310
3542
19930
3550
36319
36322
19939
3556
19942
19946
3567
36335
36336
19953
36337
3574
3578
3579
36352
19971
19973
19978
36365
36366
3602
19986
19989
3606
3610
3615
3617
20002
20004
20005
3624
3632
20018
3638
36406
3639
3642
20026
3643
36417
3650
36419
3655
20040
36429
20045
20046
3663
36431
3664
3670
20054
20055
36439
20058
36446
3684
36454
36455
36456
3688
3697
3700
20086
36472
20089
3710
20095
3711
3712
20096
36482
3714
3715
36487
3720
36488
3721
20106
36490
20107
20108
20109
36496
20113
36498
3730
3734
20121
20122
20126
20127
3747
36519
36520
3753
36522
20140
20143
36528
20148
20150
20151
20154
36539
20160
20161
3782
36552
20168
36553
20169
20171
3795
20179
36563
20180
20181
3798
36568
36569
20185
20189
36576
3808
36578
3814
36583
3816
36584
20202
36591
3823
3825
20210
3826
20214
20216
3841
20226
36612
20230
36615
36616
20248
20250
36635
36639
3871
36644
20261
3879
20264
3880
36650
3883
36651
36652
20270
3888
36658
36661
20279
20280
36665
3902
20287
36676
36682
36685
20301
36688
3920
36689
36690
3923
36694
20312
36698
3935
20320
3936
36705
36706
3940
20326
20328
36712
3945
20331
3947
36716
36720
3955
20342
36728
3962
36730
20349
36735
36746
3979
3981
36749
36752
20369
36756
36757
36774
4008
20396
20398
4018
4019
4020
4024
4025
36796
36799
36803
4035
4041
20426
20429
36817
20433
20434
4051
4053
20439
4055
36824
20440
4058
20443
36831
36838
20460
36845
20464
20465
4085
4087
4089
4090
20475
36863
20479
36867
20486
36870
20490
36876
4111
4112
20498
36888
4123
4124
36895
4128
4130
36899
20521
36908
20525
36912
4145
4147
20539
36927
4163
36933
20550
36936
20557
20563
36947
20564
36951
36952
20571
36957
4190
20576
36963
20579
20584
36969
20586
36970
20596
36983
20600
4222
4224
20608
4225
20609
20610
4229
36999
20616
4236
20623
37009
20628
4247
20632
4251
37020
20641
4260
20644
20649
4266
20655
4273
20664
37049
4282
37054
20676
4292
37065
4298
4299
20687
37073
4311
37082
20702
4319
20704
37089
20705
4326
37094
4328
4335
20720
20723
4339
4345
20730
37114
4348
4350
37119
20735
4352
37123
4357
37126
20742
37127
37133
37134
20750
37136
37139
4372
37140
20758
37145
4380
20767
4386
37156
4390
20776
37160
4394
20778
4395
4397
4399
37170
4403
4407
37177
37179
20796
20801
20802
4422
37191
20807
37199
4433
37201
37206
4439
37207
4442
20826
37212
4446
20835
37219
37223
4459
20843
20844
37229
4463
37232
4464
4466
37238
37248
37250
4482
4484
4485
4489
20873
20875
37259
37262
4494
20880
37265
37270
20889
4508
37279
37280
20899
20907
4524
4531
20917
37302
4535
4536
4538
37307
4543
20928
4552
20941
37327
4560
20947
4566
37335
37337
4575
4578
37346
4579
37348
4582
4585
20971
4589
37358
4593
20977
4594
20979
37366
20983
37367
20985
4601
37370
37372
4605
37373
20991
4607
20993
20995
37379
4612
20996
20997
37381
37385
21008
4624
21011
37399
21023
4640
37409
4646
37416
4649
4650
4652
37425
21042
37432
21049
4673
37441
4674
37443
37444
21062
21064
4681
21068
4684
4686
21073
21082
4699
37468
21088
37474
21092
21098
37484
21101
21104
37489
4722
21112
4730
37501
21117
21118
4735
37507
37510
37512
37525
37527
4759
37530
37532
4765
4766
21154
4772
21156
21160
21161
21163
37548
21165
37549
4781
37552
21176
37561
4798
37567
4799
37569
4802
37570
37571
4803
37572
4808
37576
4809
21196
21197
4813
4814
21203
21204
4820
21205
21206
21207
37594
4828
21212
4832
21218
37603
37604
21223
21224
4844
4846
21233
37618
4858
21243
21245
4862
4863
21247
37633
21249
37637
4870
21256
37641
4875
21261
21265
4884
37657
37658
37667
21283
4900
21285
37671
37672
21288
4906
37678
21298
4915
21300
4917
37686
4919
21305
21308
37694
4928
21315
37700
21318
37704
21324
37709
37710
37711
21329
4949
21335
21336
4956
37727
37728
4964
37733
21355
4972
21356
4977
4978
21363
21370
21374
4993
21377
37764
21383
21388
21389
37775
21391
21393
5013
37781
37782
37783
5016
21402
5019
5020
37789
5023
21408
21415
21416
21417
37804
21420
21421
21424
5040
21426
5045
21430
37816
21438
5054
21441
37825
37831
21447
21449
5065
5066
37836
21457
21458
37843
21459
21461
37847
37848
21465
37851
5085
21469
5089
37859
21476
37871
5105
5108
37878
21496
37881
21498
5115
37884
5116
5117
37888
5120
37889
5122
37890
37897
37899
21518
5135
37906
37908
37913
5145
21533
21536
37920
37921
5156
21540
21542
5159
21545
37929
37930
37931
5165
37935
37937
5169
21557
5175
5179
5185
21576
5193
21580
37966
5200
5204
37972
5206
5207
5210
37979
5213
21600
21601
37985
37987
21603
21604
21605
5221
21616
21618
38007
5240
38013
38014
5246
21631
5247
21632
38017
5249
38019
5254
21641
21644
21646
38030
21647
21648
38035
38038
38040
21658
5276
38046
21664
5282
21667
38052
21668
21669
21675
5292
38061
5298
21683
38068
21685
5303
21688
21693
21695
21698
5314
21701
5317
21702
21703
38088
5324
5326
5327
21715
21717
5340
5341
38109
21729
21730
38115
21732
38119
21737
38122
21738
5355
5358
38127
21745
21750
5366
38138
21756
21757
5378
21762
21763
5379
5383
21769
21770
21771
38160
21776
21777
38162
5395
38164
5400
38169
21787
38171
38173
38177
5415
38187
38190
5424
38197
21815
21819
38212
5444
21831
21832
21836
21838
21840
5458
5460
5462
21846
21849
5468
38238
21855
21856
21863
21865
38252
5486
5489
21873
21874
21877
5494
5495
5496
5497
5505
38275
21892
21894
21896
5512
38281
5515
38283
38284
21902
38287
5521
21907
5523
21909
21912
38296
5531
5534
38306
38307
38308
5541
21926
38311
21930
38315
38318
21936
21938
21945
21949
38334
5573
5581
38353
38355
5588
21975
5592
38362
5599
5606
38383
22006
5626
22011
5629
22015
5633
38404
5638
5640
22027
5644
22029
38414
22031
38415
22034
22035
5655
22042
38427
22045
5665
22051
5668
38436
5669
38439
5683
38451
22069
22070
22071
22072
38457
5693
38463
38464
38465
38466
5699
5700
5704
22089
5706
38475
38478
22095
22100
5721
38493
22111
38495
38497
38498
38499
5735
22120
22121
38507
38513
5747
22133
5750
22137
22140
38525
38526
5761
5762
38533
38534
22152
5772
22157
5773
38544
38545
22164
22166
5787
38555
22173
5789
22175
5793
38562
22179
5804
5805
38577
22197
5815
38583
5823
5825
38598
22219
5838
22224
38608
38611
22229
38613
38615
38620
38622
22239
38626
5858
5859
38628
22247
38632
22249
22256
38643
5877
5881
5882
5886
38657
22275
22277
5895
5899
5902
22287
5903
5908
22292
38680
38681
38684
38685
22301
38686
5926
22311
5928
22313
5929
5930
5934
22321
5944
38712
22329
5946
38714
22337
5953
38723
5957
38727
38728
5962
22350
5969
38737
22356
38748
5980
5981
5982
5984
5985
22369
22370
38754
38756
22377
5995
6000
6007
22396
6015
38784
22400
38786
22402
6021
38790
6023
38791
38792
22410
38795
38797
38798
6031
6034
6036
38813
22429
6049
38819
22437
6054
22440
6056
38827
6062
6063
38837
6070
6073
38843
6076
6077
6082
38853
6085
6086
22471
38855
38859
22476
6092
38863
6098
6100
38869
22487
22489
38874
22490
6108
38881
22497
22499
6116
22507
22510
6126
38894
22511
38896
22513
22514
38907
22523
22528
38915
22533
22535
38921
22544
22548
6164
22549
22550
6169
38940
38946
22563
22564
22565
6181
6186
22572
22573
22576
6193
6195
22580
38968
6203
22589
38975
22593
38980
6213
22597
38982
6224
6225
6226
6227
38998
39001
22619
39004
6236
22623
39008
39009
6242
39011
6247
39018
6253
22643
6260
22648
6265
39034
22650
6267
39038
22654
6275
39044
39049
6281
6282
6283
22669
6285
6289
22674
39061
6293
39071
22690
39075
22693
39078
39079
39080
6312
6313
6315
39086
39087
39088
39089
22706
6322
6324
22708
39098
22720
39104
22721
39105
39108
6342
39112
6345
6346
39117
6350
6351
22736
6354
22744
39131
39133
39142
22767
22770
39164
22780
22784
22785
39170
6405
39173
6406
6407
22793
6409
39178
6419
6421
39191
22807
39196
6428
39199
6431
39201
6433
6435
39204
6439
6440
22824
22825
39209
6445
6449
22835
6455
22839
39232
6465
6471
22856
22858
22862
6481
6487
39256
22872
22873
6489
6490
39264
39268
22886
39271
22888
6506
22892
39278
22895
39281
39282
22906
39290
22908
39296
39299
6532
39301
6533
39303
22921
22922
22925
39310
22934
39318
6552
6554
39323
39336
39337
22954
22956
6572
39341
6578
22963
39348
6584
22969
22971
6588
6590
6597
6599
6601
39370
39371
22987
22990
6607
22994
39379
39380
23002
39386
6626
6627
23014
39402
39403
6637
23022
23024
39408
39414
6647
23032
6649
23033
6652
6654
39423
23042
23044
39428
6660
23045
23046
23049
6665
39437
23055
39440
39441
23059
39444
23060
39445
6687
39455
6689
23077
6693
23079
6695
23081
6699
39468
39469
39470
6703
39473
23091
39476
39477
6710
6716
23104
39489
6722
23108
6729
6730
39499
39501
6733
39506
23125
23133
39517
6750
6754
23140
23141
39529
39533
39536
6769
6771
39545
23162
6779
23164
39549
6784
23168
23169
6786
23170
39555
6787
39556
6790
39559
6791
23175
39561
23178
23179
39565
23181
6800
39573
6806
23191
6807
39575
6812
39580
39581
39584
23202
23204
6821
23205
23208
6826
23212
39598
39604
23222
6839
39608
39609
23227
39611
39613
39617
39620
39624
23246
23248
39633
39636
39638
6872
23257
23261
6880
39655
23272
6895
6899
23283
39669
23289
39683
6915
39684
23301
23302
39687
23306
23307
23308
39696
6930
23314
39700
6933
23317
6941
23327
23328
39717
39720
6954
39726
23344
39732
23349
23354
6975
23360
39745
39749
6982
39750
39752
23370
39754
39759
23377
39763
39764
23380
39767
6999
7001
39771
23388
7004
23390
7006
7007
23396
7014
7020
23405
7021
39792
23413
23417
7034
39804
39805
39809
39812
39813
23430
39817
39822
39825
7057
23442
7059
23449
7065
7066
39834
7068
39839
7072
39840
39841
39843
23460
23463
7083
23470
7089
23474
7091
7093
39864
7107
39876
39878
39880
23497
39886
23507
39892
23517
39901
39904
39906
23524
39908
39909
23525
23528
39920
39922
23538
39923
23540
7157
39925
23541
23544
7160
39929
23545
7166
7169
39938
39945
23563
23565
39950
7182
7188
23572
39956
39962
39970
39977
23593
39980
23597
39988
39989
39990
39993
39996
7229
23614
39999
40001
7234
7235
40005
23622
7239
7240
40011
23628
40019
40020
7252
23638
40026
40030
23647
7264
7266
23651
40037
7272
40041
23658
7277
7282
7287
40056
40061
7295
40066
23683
40073
7306
23700
23702
40089
7321
40093
23710
7328
7338
40110
23728
40114
40118
7350
23737
7354
23738
7364
7365
40133
40134
40135
40141
23759
23762
40147
40148
23764
40149
7383
40151
23774
7393
40162
40165
7402
23786
23787
7414
40183
40187
40188
7422
23809
7426
40195
40197
23814
23815
7431
40201
40202
23818
40205
7437
7438
7442
40210
40217
40218
7455
7456
40226
23843
23844
7465
7467
7470
23854
40240
7474
23859
23861
7480
23865
7481
7483
40255
23873
23876
7494
23878
23880
40265
7498
40270
40272
40274
23892
7509
40280
23899
7517
7518
40290
40291
40292
7525
23918
7535
7539
7540
40308
40310
40311
23934
7550
23941
7559
7561
40330
40331
40333
40334
23952
40337
23954
7570
23955
7572
7573
23959
40344
7576
23962
7578
23963
40349
23965
23966
7582
23968
40353
23969
40358
23974
7594
40364
7598
23984
40368
40372
23989
23992
40379
7612
7613
23999
7616
7619
24004
24007
40392
7625
7627
7631
40402
40405
40408
7640
40412
24028
40415
40416
7648
7651
24039
40423
7658
24042
24043
40427
24047
24048
7664
7666
24050
40435
7667
40436
24052
40438
24057
7673
7676
24066
7683
7684
24069
40453
40454
7686
40455
7694
40463
7697
7699
40471
24088
40474
40478
7710
24099
7721
24107
24112
7729
24114
40503
7736
7737
24124
40509
24127
24128
40518
40519
24137
24139
7760
24148
7765
40535
24153
24155
7773
40545
7780
24166
40553
40561
40564
40569
7802
40576
7811
24196
40583
7816
40585
7822
24208
40597
40599
7831
40601
7835
40608
40609
7842
40611
7846
24234
40622
24238
24240
40624
40627
7862
40631
24247
7864
7866
40640
40643
40645
40648
7880
40649
7888
24276
24279
24283
7900
24286
24287
24289
24291
24292
24301
24302
40689
24309
24319
7936
40705
7937
7938
24324
7940
40709
40716
40717
24334
40719
7953
7954
7961
40732
7968
24354
24355
24356
7973
40743
24365
40750
24372
24373
7990
24374
7991
40760
24376
7993
24378
24381
24385
40770
40771
8003
8006
24391
8009
24399
24400
40788
8025
8026
40796
40797
8029
40799
8033
40802
24419
40804
24422
24425
40810
40811
40814
8049
8050
24435
8052
24436
40823
24440
24442
40827
40834
40835
40838
24454
24458
8075
40845
8078
24463
8084
8092
8095
24480
40864
8098
8099
24485
8104
24489
40875
8109
40878
24494
40879
8113
24503
8119
24504
8122
24507
8124
24509
40894
8129
24516
40900
8134
40907
8145
40913
8153
24537
40921
8155
40926
40929
24546
24547
40933
8165
40938
24556
8173
24558
8174
8175
8177
24562
40948
8182
8185
40954
40957
40958
24577
8193
40961
40963
24579
40965
8198
40968
40969
8203
24589
24590
40977
24594
24595
40981
8214
24598
40985
24602
24603
24611
8232
24618
24620
8237
41006
24623
41011
24628
41012
24630
41015
41016
41017
41019
8252
41021
24638
8254
41023
8256
24640
8258
41029
41031
24649
24650
8267
41036
24653
41039
24656
24658
24660
41045
24662
24664
8283
8284
41056
24673
41059
8294
8296
24683
41069
8301
41070
41071
41072
8305
8307
24692
41076
24693
24695
41082
24698
41084
41086
24703
41087
41089
24705
24708
24709
24710
24714
8332
24719
8336
41104
8337
41107
41110
24727
24729
41113
24730
41116
8350
41119
8354
41122
24743
41127
8360
8361
24747
41133
24749
8367
24752
41138
41139
41142
24759
24766
8383
8385
8386
8389
24774
24775
8392
24778
8395
24783
24784
41170
8403
41172
24788
24791
8407
24796
8412
41182
41188
24805
24812
24815
24817
8434
8436
24820
8437
24821
41208
8441
41210
41215
41217
41219
24836
24839
8458
8460
41228
8462
41233
24852
24853
41238
41243
24860
41248
24866
8485
8486
41254
8487
24874
8491
41260
41262
41263
8497
41265
24884
8502
8510
8514
41286
24902
8518
41288
8528
24912
24915
41302
24919
24922
24927
8547
8548
41317
41320
8552
8553
24937
24940
24941
8557
41327
8560
41332
24956
41345
41348
41350
41352
8586
41355
8593
24978
41365
8598
24982
8602
24987
24988
41376
24993
41380
8614
41386
8619
25008
41392
8625
41394
41395
8627
41396
25015
25018
25019
41405
8640
8641
41409
41410
8642
8646
25030
8648
41424
41425
8658
41431
25049
41435
25056
8673
41441
41443
41449
8683
25070
41455
25072
41457
41458
41460
8695
25081
41465
25082
25083
41468
8704
25090
41476
25093
41478
41479
25095
41482
8715
8716
25111
41498
25123
25124
8742
25126
41511
25129
25130
8747
41516
25132
25136
8753
41522
25138
25141
8759
8761
25147
25148
41532
41536
8770
25158
41545
8779
41548
41549
8783
8784
25168
41553
25173
25175
25181
8801
25185
8802
25189
8807
25191
25195
25196
8814
8815
25199
41588
25205
8825
41596
25214
8833
41609
41610
25229
25232
8849
8851
25236
25237
25238
41623
8856
25241
8861
25247
41642
8875
25266
41651
41652
25268
25270
41655
8888
41660
25276
25282
41669
8902
25286
8904
25290
41675
8907
41676
25292
25294
41679
25295
8914
25299
41684
8916
25301
8918
41686
25305
41689
8922
41691
8923
41694
41696
8931
41699
25316
41701
25317
25323
8940
25324
25325
8941
8947
25334
8953
8957
41725
41726
8959
25345
8962
25347
41733
8967
41738
25356
25357
41746
25364
41749
25365
8986
8988
25376
8994
8995
25380
41766
8999
41769
25390
9009
41780
41782
41784
25401
41790
9023
9025
41797
9033
25418
41802
9034
41804
25423
41808
41810
9043
41812
9045
41816
9055
25445
9063
41839
25457
25461
25462
9078
41850
9083
9084
41853
41854
9087
25471
41855
9089
25474
9090
41860
9096
9098
41868
9101
41870
9105
25491
9111
41886
41888
25506
41891
25510
41896
25513
9134
25519
41904
25521
25528
9144
9145
25533
41920
9153
9155
25541
9160
9161
41932
25549
41934
41936
25553
9169
41938
9171
9174
41944
25562
9178
25563
41948
41950
41952
9187
25572
41957
41961
9194
25579
41965
25581
9198
25583
25584
41972
25588
41973
41978
25596
9212
41980
41981
25598
25600
25606
25615
42003
9237
25623
9243
9244
42015
9251
42020
25636
9253
9255
42024
42026
25646
9264
25649
25650
25651
42038
25656
9278
42048
9280
25665
25666
9282
42053
9285
25669
25671
9290
25675
9292
42064
42065
42066
9299
42071
9305
42073
25694
25695
25696
42081
42084
9318
9319
42089
42090
25709
9325
25711
9329
9331
42101
9334
25727
25729
25732
42121
25738
9358
25742
9360
42130
9363
25756
42140
25759
25760
25762
9380
25766
9383
42152
25771
42155
25772
42157
9391
25776
9392
42161
42162
42164
9397
42165
42170
25787
25789
25790
42174
25794
25795
9415
42190
25806
25807
25813
9430
25815
25820
42206
42207
9443
25830
25831
42220
42222
42230
9463
42232
42235
42236
9472
25856
25859
25862
42248
42249
42250
42257
9491
42263
25885
42271
42272
25889
9505
42274
25891
42279
9512
25902
25909
9526
25911
42295
9529
42299
25918
42304
9538
25923
9543
25928
9550
42319
9554
25942
9558
25943
9560
25945
42330
9562
9565
25950
9567
25952
42338
9572
9574
9576
9581
25968
42352
9584
25969
9585
42353
42354
25974
9593
42362
42366
25985
25991
9607
9608
42376
25999
42383
26000
9616
42384
42385
26002
26004
9620
26007
42392
26010
9627
26012
42396
9631
42399
42402
26024
42408
9642
42410
9643
42414
9647
9651
42420
42422
42424
9658
42426
42428
9663
42434
42436
26053
9669
9671
9672
9673
9674
9677
42447
9680
42451
42452
26070
9689
42457
9692
26080
26081
26084
26090
42475
9707
9712
26096
9713
42486
26104
42489
26105
9723
42491
9724
42492
9725
42497
9729
42499
26116
42509
9741
26132
26135
42524
9756
9757
26142
9762
9766
9767
9774
9777
9780
26165
26166
9795
9796
42565
42567
26185
42581
9822
42590
26206
26209
42594
26218
26219
9841
42612
26231
9849
42618
42620
26236
42627
26243
42629
9862
9866
42640
42643
26260
9877
26261
26263
9879
26264
9881
42651
26267
9886
26272
42657
9890
26276
42662
42663
26280
26281
9897
26283
26284
26285
9901
42674
9907
26292
9912
42681
9913
42685
9920
9921
26306
9923
42692
9930
9934
42703
26321
26328
26329
42716
26334
9953
42725
9957
42726
9965
26353
42737
9972
9979
9980
42748
26368
26369
9985
9988
42764
26380
10004
42775
42781
10014
42782
42785
42786
26403
42788
42789
42794
10028
42802
26419
10037
10039
42807
10046
26432
26434
42821
42822
26452
26455
10071
10072
26457
26459
42844
10082
42856
26473
42857
10091
26476
26477
42875
26491
26495
42879
26499
42885
42888
10124
26509
26512
42897
10129
42898
10131
10133
10139
10140
26524
42909
26527
10144
26530
42915
26533
10153
26537
42921
10155
26547
26548
10164
42932
42936
26553
26558
26559
26560
42948
10184
26569
26575
42960
10194
26579
10196
26586
26587
10203
42972
10205
10207
10208
10212
42981
10214
42983
10216
26600
26601
10218
26605
26612
26613
43001
10237
10239
43008
43009
10247
43017
10252
43021
10253
10255
43026
26645
10266
26654
10271
26657
43042
26662
10278
26664
26667
26668
26672
10289
26673
43061
26682
10302
26691
26695
10311
26696
43080
10315
43084
10319
10323
43093
10331
43100
26719
43105
26723
43110
26728
10352
26738
43124
26741
43127
26743
26746
10365
10367
26751
10369
10377
10381
43149
43151
26768
10386
43154
43155
10387
43156
26775
43162
10397
10400
26786
43170
43172
26792
43178
43179
10415
26800
10416
43184
26807
10425
26810
43197
26813
10431
26818
43203
43205
26825
43212
26829
43215
26833
10449
10450
10452
43222
43223
43224
26842
10460
26844
10462
26847
26852
43236
26854
10474
43244
43245
26865
43250
26867
43251
43253
10491
26881
10498
10499
26884
10504
26890
43275
26896
43281
43284
26909
43296
10529
43298
10530
43299
10531
43301
10534
10535
26921
43305
10539
10540
43308
43311
43312
10545
26929
43314
26931
43316
10548
26932
43320
10553
43323
26941
43326
10559
26945
26946
43332
43333
43335
10568
43340
26957
43342
43344
26961
26963
10580
10581
26965
26969
43355
43356
10588
10594
10595
43364
26980
10598
43373
10605
10608
26993
43383
10617
27005
27006
27008
10624
43393
10626
43399
27016
43404
43410
10643
27029
10651
10652
27037
43424
43426
27043
27046
10664
43433
43437
43441
43450
27066
43453
27069
27072
43456
43457
10690
43461
27082
27084
10700
43470
43471
27088
43472
43474
43476
10709
27096
10713
10715
43484
43490
10722
27106
43494
43504
43505
10738
10741
10743
27127
10744
43515
27134
43519
10752
10753
10755
43525
10759
27143
10760
43529
10762
27148
27156
43553
10786
27175
43562
10797
43567
10802
10803
43572
43573
10806
27193
10811
10815
27199
10816
43585
27201
10828
27212
27214
10831
27217
43602
43605
27222
10839
27225
43609
27226
27228
10846
10847
43616
27237
43621
43622
10856
27240
27241
10861
27247
10863
10865
27251
43635
43636
43639
43643
43651
27267
27270
43654
27274
27280
43665
10899
43668
27287
27288
27291
27293
43680
10912
27305
27306
27309
43695
10927
27311
10931
27315
27316
10932
27321
27322
10939
43709
27325
10943
27328
27329
27331
43717
43719
43723
10955
43727
43728
27344
10964
43733
27353
27357
27358
43746
27369
27372
27374
10994
27379
43764
10998
27383
10999
43769
11003
43771
43774
11010
11015
27401
43785
11024
11025
11029
27416
11032
43801
11034
43803
43806
11040
43812
11050
27440
27441
43825
43827
27443
43828
11061
43829
11063
11064
27449
11071
27460
11077
43847
11079
43850
43853
11087
43856
27475
43860
11093
11099
27484
43868
43875
43878
27496
11112
43882
43884
43885
43888
27506
43894
11129
27515
43903
11136
43905
43908
43909
27527
27528
11147
43916
11149
27535
27539
27540
27546
43935
27554
11171
11172
27561
11180
27565
11183
27568
11184
11188
43959
11192
27581
11210
43978
43982
27599
43984
27603
27604
11222
43991
27611
11228
11232
27617
27621
27623
11240
11241
44009
44012
27629
11246
44014
44015
27631
27634
44022
44023
27641
44026
27644
11264
27650
11267
44035
11269
11271
11272
27663
27666
11283
44052
44054
11289
27677
11293
11295
44064
27683
27684
27688
11309
27695
27696
44080
11312
44082
27704
27708
44092
11325
44095
44097
27713
11329
44098
11331
44099
44100
11335
44103
44107
11340
27724
27735
44126
11362
11363
44133
27752
44136
11377
11378
44148
11381
44150
27766
44152
11388
11389
11392
44164
11397
44166
27783
11401
11402
27796
27798
11419
44188
11420
44189
27819
27822
27830
11447
11448
11449
11454
27840
11456
27841
27842
11464
27849
11469
27857
27863
27864
11482
27868
27875
27876
27877
27886
11510
11512
11515
11519
11522
11530
27916
11536
27920
11537
27923
11545
27935
11553
11558
27946
11564
11565
11567
11568
11569
11585
27975
11594
11597
11609
11612
27996
11614
11619
11628
28012
28014
28015
11632
28017
28021
11637
11639
11640
28025
11643
11645
28032
11659
28044
11661
28053
28056
28070
11693
11698
11700
28089
28093
28096
28102
28109
11726
11728
11747
28135
28138
11759
11761
28146
28147
28151
11769
28156
28162
11780
11783
28169
28172
28174
28175
11791
11793
28182
11798
28184
11801
28186
28187
11808
11809
28196
11818
28206
28208
28211
11830
28219
28220
28223
11841
11852
28237
28238
28243
11859
11862
28247
11868
28257
28258
11876
11878
11880
28267
11883
28268
11886
28270
28271
11890
28275
28276
11894
11896
28280
11903
28292
11909
11911
11913
11916
11918
28306
28308
11928
28312
11931
28321
11942
28326
11948
11949
28339
28354
11970
11974
28367
28369
28370
28373
28375
11991
28381
28382
12001
12003
28391
12008
28393
12016
12020
28408
28415
28421
28423
12041
28429
28430
12058
12059
28447
12065
12066
28450
12068
28456
28458
12080
12091
12098
28493
28495
12112
28507
28512
12129
28514
28515
12133
28520
12138
12139
12140
12143
12145
28543
12160
12165
12167
28554
28561
28563
12180
12182
28568
28569
28572
28581
28584
12200
12202
12203
28588
28590
12209
28594
12211
12213
28598
28599
12216
12219
12223
28610
12227
12231
12236
28621
12238
28622
12239
28624
28625
28626
12242
28627
28631
28634
12253
28640
12258
12261
28647
12265
12272
12282
28673
12292
12293
28679
28683
12300
28688
12312
12313
28698
12315
28700
28704
28706
28712
28713
12329
28714
12331
12334
28720
28723
28726
28727
12344
28731
28734
28736
12356
28742
12366
28751
12370
12371
28757
12375
28760
12379
12387
28782
12407
28791
28799
12420
28804
12421
12424
28812
12433
28819
12443
12444
28831
28835
28837
28841
12458
28843
28847
28850
12467
28851
12478
28866
28872
12489
28877
12494
28880
12499
12500
28884
28885
28891
12509
28895
28902
28903
12524
12526
28919
28923
12539
28924
12540
28925
12541
12542
28930
28933
28936
28939
28940
28946
12567
28964
28972
28976
28977
12596
12597
12598
12600
28984
28985
28991
12607
12609
28997
12614
12616
29005
12631
12632
12635
29021
29025
29026
29027
12645
29031
12663
29053
12673
12674
12676
12680
29068
29072
12689
29073
12694
12696
29089
12708
12709
29095
29096
12723
29107
29110
12736
12737
12742
29128
12746
29131
12748
12749
12750
12751
12752
12753
29138
12757
12759
29146
12763
12767
29151
29161
29162
12779
12780
12783
12784
29171
29177
12794
29180
29183
12805
12808
12818
29209
29211
12828
12829
12832
29217
29218
29222
12839
12840
12842
29227
29231
29236
12854
29239
29240
12857
12858
12860
12868
12870
29255
29256
12875
29264
12882
12883
12884
29275
29278
29280
12899
12900
29285
12902
12910
29297
29302
12921
12926
12928
12929
12932
29318
29320
29323
12941
12943
12944
12946
29340
29344
12962
12973
29359
12978
29366
12983
29367
12984
29369
29371
29374
29379
12999
13001
13002
29388
13014
13026
13027
29413
29418
13034
29420
13037
29422
13043
29431
13049
13050
13056
29440
29441
13064
13067
13071
13073
29461
13078
13090
13093
29479
29480
13101
29490
13107
29492
13110
29495
29500
29502
29503
13124
13125
13127
29513
29515
13132
13139
13141
29525
29536
29537
13155
29541
13159
13160
29544
29546
13168
29560
29562
13179
13181
13183
13184
29574
29586
29589
13206
29591
29600
13222
29606
13226
29612
29615
13233
29632
13249
29636
13253
29639
29642
29644
29646
29647
29649
29653
13272
29669
13293
13294
29678
13296
13297
29683
13302
29687
13303
13306
29692
13309
29695
13312
13315
29699
29703
13324
13326
29712
13331
29719
13340
13347
13348
29735
13351
13355
13356
29741
29742
13364
13368
29755
13371
13372
29757
29758
13381
29767
29773
29774
13393
29779
13395
13396
29781
29783
29784
29786
29797
29799
13418
29803
29806
29807
13424
13425
13426
13427
13430
13431
13432
29817
13437
13438
29825
29826
13442
29828
13455
29841
29844
13461
29849
29854
13471
13472
13486
29872
29874
29884
13504
13508
29892
29894
29895
13514
29902
13532
29925
13544
29933
13553
13554
29940
29944
13560
29945
13564
29961
29963
29964
29966
13583
13584
29971
13588
13589
29982
13599
13600
13613
13614
29999
13620
13625
13627
30014
13637
13639
30026
13644
13652
30037
13655
30041
13657
30043
13662
30047
13667
30055
13672
30060
30073
13694
13695
13701
30090
13709
30096
13713
13719
30106
13725
13727
30112
13733
13735
13736
13737
13742
30132
13749
13751
30141
30145
13764
30150
30153
13770
13773
30161
30162
13780
30170
30175
30176
30178
13798
13803
30187
30193
30194
13811
13823
30207
30208
13824
13831
30217
30220
13839
30223
30227
13852
30237
13863
13866
30251
13874
30263
30268
13884
30270
30271
13887
13888
30278
30282
30285
30288
30291
13908
30295
30298
30304
13924
30309
30312
30314
13935
30325
13949
13950
30341
13959
30344
30345
13961
30346
13964
13966
30350
30353
30354
13974
13975
13976
13978
30363
30364
30378
13999
30384
30386
14008
30395
14011
14012
30402
30403
14020
14021
30406
14029
14030
30416
14038
30427
30428
14051
30436
30437
30439
14056
14058
14062
30460
14083
30468
14084
30475
30477
30480
30481
30486
14105
14108
30493
30498
14115
30501
30504
30506
30507
14124
14129
30514
14130
14134
14142
14144
30531
14153
30541
14164
14165
30551
14174
14176
30563
14183
30573
30574
30579
14198
14201
30585
30587
30588
14213
30608
30611
14231
14233
14240
14241
30626
30627
14243
14247
14248
30633
14251
30637
14254
30643
14261
30647
30649
30650
30653
30660
14277
30667
14284
30674
14292
14294
14300
30684
14303
30694
14312
14325
30713
30716
14334
14338
30724
30727
30730
30732
14353
14354
14357
30756
14375
30760
14377
14380
14381
14384
30770
30771
30787
14412
14419
14421
14422
14423
14425
30818
30819
30823
14446
14450
14453
14456
30842
30843
30844
14469
14479
14480
30866
30873
30884
14502
30891
30894
30897
30900
30901
30903
14521
14523
30912
14529
14538
30922
30930
30932
14551
14556
30940
30941
14557
14567
30955
14574
30972
30973
30974
14599
14603
14608
31001
31002
14625
31011
14630
14635
14636
14637
14639
31024
14641
31028
14645
31031
14651
31035
31038
31039
14658
31042
31043
14661
31045
31050
31054
14678
14689
14696
31084
14701
14702
14707
31091
31096
31098
31102
31109
14729
14731
31115
14734
14735
31120
31123
14742
31126
31128
31130
31134
14751
31137
31138
14755
31142
14760
14764
14766
31152
14770
31155
14775
31162
14782
31168
14784
31171
31174
14793
14798
31189
14806
31192
31200
14817
31204
14821
31205
31207
14825
31214
14830
14833
14834
31219
31220
14839
14846
14849
31235
14852
31237
31238
14854
31243
14872
31257
31258
31259
14877
14880
31265
31266
14883
31267
31270
31271
31277
31278
31285
31286
31287
31297
14915
14918
31304
31305
31308
31313
31319
14935
14941
31328
14945
31330
14950
31334
31335
14958
14968
14972
31357
31359
14981
31371
31372
14993
15004
31391
31394
31397
31399
15015
31404
15025
15029
15033
31418
15039
31424
15041
15044
15047
15055
15071
15073
15078
15080
15083
31467
31468
31471
15087
31492
15108
31493
15111
15113
31500
15117
31503
31506
15126
15127
15129
15131
31522
15138
15139
31523
31524
31525
31530
15149
31534
15150
31535
15151
15163
15164
15169
15170
31560
15181
15185
31570
15191
15194
31580
31581
31582
15199
15202
31588
15211
15215
15219
31605
15224
15230
31617
15234
31619
31621
31629
15247
31632
15250
31634
31640
15256
15261
31645
31646
31656
31662
15279
31664
15283
31668
15285
31671
15290
31674
31682
15299
15304
31689
15308
31692
15313
15315
15319
15321
31710
15326
15330
31724
31726
15354
15358
31744
31745
15364
15374
31758
31773
31778
31780
15397
15398
31793
31794
31802
15419
15423
15427
15439
15445
15448
15453
31844
15465
15470
31854
31858
31859
15475
31860
15477
15479
15480
15481
31867
15488
15491
15492
31883
31886
31890
31897
15513
31901
31904
31905
15522
31906
31908
15524
15525
31910
15530
15534
31924
31928
31932
31935
15563
31948
31951
15569
15572
31957
31965
31968
31980
15599
31989
15609
15612
31996
31998
15614
31999
15616
32004
15621
15631
15632
32016
32022
15638
15639
32023
32024
15647
32035
32036
15655
32042
32044
15661
15664
32048
15665
15666
15671
32056
32057
15683
15684
32069
32073
15690
15691
15692
32077
32081
32084
32096
15715
15716
32101
15721
15725
32112
15728
15733
15735
32119
32124
15744
32134
15751
15759
32145
32146
15764
15765
32155
15775
32161
15782
32168
15788
15799
15801
32187
32190
32195
15815
32204
15826
32212
15835
32223
15847
15848
32233
32234
32236
15853
15854
32240
32242
15858
32245
15862
32248
32250
32256
32260
32265
15885
15890
32276
15902
15903
15904
15905
32290
32292
15913
15918
32309
15926
15928
32320
15939
32324
15943
15945
15948
32334
15954
15957
32342
15960
15962
15964
32357
32363
15986
32371
32373
32375
15992
16000
32386
32389
32395
16012
32399
16019
32404
16023
16025
32411
32415
32416
16036
16042
32427
32428
32431
32439
32442
16078
32464
16086
16087
32471
16093
32489
32498
32500
16118
32502
16123
32508
32511
16129
32514
32516
16132
32517
16141
32525
16142
32526
32536
16153
16155
32540
32542
16160
32545
16165
16169
32554
32559
32560
32564
16181
32566
16184
16185
16193
32582
16198
16199
32587
16203
32588
32590
16207
16208
32595
16212
32599
32602
16219
16223
16224
16228
16230
16232
32618
32624
16240
16241
16242
32628
16245
32630
16247
32632
32634
16251
16253
16255
16256
32642
16258
32644
16262
16266
32651
32654
16273
32660
16278
16280
16289
32675
32681
16299
16300
16301
16302
16308
32694
16311
16314
16315
16318
32705
32717
16341
32730
16350
32735
32742
16358
16362
16380
32764
9
385
49
147
420
247
284
222
175
447
