316
512
0
1025
2052
2056
520
2060
1037
1041
19
531
1556
20
22
534
1048
539
2079
34
2083
549
1062
1067
556
46
560
48
1587
2099
1075
565
54
1078
1080
569
1081
2106
1595
61
1597
2110
1598
1599
64
1090
1091
580
585
1609
1098
74
586
1612
1101
79
592
2128
81
2131
597
598
1110
87
1623
2137
2144
608
610
1123
1124
612
1125
108
110
2159
1135
112
1648
1649
1137
2161
1139
2164
2165
630
1145
634
2170
1146
2171
1660
636
1661
638
2175
1151
129
2178
132
2183
1160
2185
1164
2192
1681
1170
1682
659
660
1688
2204
157
670
1183
2208
676
678
166
168
1193
681
682
1195
1196
2220
2222
686
1711
1199
177
691
2232
1721
1210
189
1728
1218
1219
2245
2246
198
1734
201
713
2250
714
1231
720
1744
1746
212
726
215
1241
729
218
735
1760
224
1249
227
1765
742
231
744
232
1769
234
1778
1267
756
760
248
762
251
1787
1275
1281
257
1798
778
1802
779
782
1808
1298
788
789
1815
794
282
1819
1311
288
1313
1314
1315
1827
805
1318
806
1831
807
1833
1322
310
311
825
1849
1851
1340
317
318
1855
1344
1857
833
834
836
1349
326
840
841
329
330
1867
1868
1356
845
334
1872
1361
1874
1876
343
855
1880
1368
345
857
1377
867
1382
872
1390
366
1392
372
886
1912
377
1402
1405
1921
1412
903
392
1416
393
1934
911
400
1427
916
1431
1943
920
1434
1946
412
925
415
1444
1957
427
1453
431
1457
1459
948
1973
438
954
957
447
1983
964
1477
1479
1993
458
1484
1487
978
1491
979
468
2004
2005
2007
985
987
989
479
2018
484
2028
2029
1005
2032
1010
1016
504
2042
1531
1020
3
27
29
110
