283
512
1026
517
1541
2055
8
10
524
2060
1548
13
1550
1552
528
531
533
2070
534
539
1565
1566
543
34
2083
35
36
2084
1573
38
553
554
2090
555
556
1069
1587
52
565
57
570
1595
60
61
2110
2112
578
1090
67
1609
2121
74
586
1610
2128
592
83
1620
1621
87
1111
604
2141
1631
1120
609
1635
1124
1125
2150
1126
109
1133
110
111
1137
2161
626
2164
2165
629
630
2167
121
1661
125
2175
2182
2187
1678
1167
145
146
2197
2198
1177
1179
2205
1699
676
1701
2214
166
1191
1703
2218
1194
1708
685
1198
1199
179
1203
1716
1210
187
1213
1727
1215
1728
1729
1219
707
710
2246
201
1231
2256
722
214
1751
1757
225
1762
1251
1252
743
231
1259
1772
1261
1776
1265
1778
1781
246
1275
251
256
770
774
1803
1292
268
781
1295
1298
787
789
1814
790
279
793
1822
1311
288
1314
293
1830
807
1831
1837
302
818
1330
307
819
821
312
1339
316
318
320
1345
835
836
1862
1351
840
841
1865
330
1868
332
1356
1357
1362
1363
853
857
354
357
874
1387
876
365
1904
1395
371
374
890
1914
382
1918
894
383
385
1924
388
901
903
393
1419
1425
915
1431
920
411
1951
1953
1445
1446
1960
427
1454
431
1456
946
950
953
441
1977
1978
442
1468
1980
957
1471
449
962
1987
1988
1476
1477
1479
970
459
1484
462
1998
465
2005
1494
471
984
1496
474
475
478
1502
480
2019
2022
2023
489
2029
1006
496
2037
1013
502
1018
507
1534
4
96
83
132
103
