143
512
1026
771
774
1543
2056
520
2061
1297
1810
787
1045
22
537
538
2077
543
288
1315
1571
2083
36
1829
1830
807
1831
1319
1320
553
555
45
1586
307
1846
1080
825
1082
1594
829
1086
65
321
1857
581
326
1862
841
1098
586
1356
1357
1101
2128
1877
1623
1119
98
356
1125
1126
1640
108
1395
371
1908
1145
1402
638
1924
2181
903
391
392
2185
909
2191
658
1431
920
1688
1948
1951
2209
676
1188
2214
934
1191
1963
1453
431
1711
177
1459
2227
180
1974
2234
1210
957
1728
1988
1220
1477
2246
1992
970
1483
206
1744
2001
979
2004
2005
213
1237
1494
1496
1246
478
479
2017
483
741
229
230
999
232
1512
2025
489
750
1774
1775
1520
1777
1778
499
2037
246
251
507
1020
1
19
