431
2051
5
2058
2060
13
1037
1046
24
28
2079
1059
36
2084
39
2089
1065
42
2090
45
2095
1073
51
54
1078
1080
60
2110
2114
2117
2120
1101
79
2128
2129
1106
2131
85
87
2138
1116
2141
1119
95
2144
2146
1123
2147
99
2148
1124
2149
1126
2150
2153
2155
107
1133
2157
2158
112
2164
116
117
2165
2167
123
2175
1151
128
1152
2177
130
1156
1159
135
1160
2184
142
144
2192
1172
148
149
2199
151
152
154
2205
2209
162
2212
1188
1189
166
2214
1191
168
2218
1199
1200
178
1202
179
2227
2229
186
2234
190
2239
2240
1219
195
1222
198
2247
1225
202
2250
206
208
213
215
1242
1245
1246
224
225
1251
1253
231
1263
240
246
1271
251
1275
1277
1280
1286
267
268
1296
1301
1306
282
286
1312
288
1315
1319
1322
299
300
302
303
1331
316
1340
317
318
1345
321
326
1350
1355
1357
334
1360
341
342
345
1371
1373
350
1377
355
356
1381
357
359
373
1398
374
377
1402
1412
390
392
393
1420
400
1424
401
1425
1431
408
410
414
1439
1440
1441
1444
1445
424
427
1454
431
1459
435
437
447
448
452
1477
454
1479
460
1488
466
1492
478
1507
1508
488
1513
489
495
1519
1520
1522
499
501
509
512
514
1542
1544
1547
1549
527
528
531
536
539
547
1572
549
554
557
1586
1587
565
569
570
1601
578
579
1604
586
1611
589
591
1616
598
1626
607
608
1643
620
1645
624
1648
1650
630
631
633
1658
1661
638
642
1668
1679
1681
1682
671
674
675
678
1704
682
683
1708
1711
1716
1718
698
1726
708
712
713
714
1744
721
722
724
1754
732
739
741
743
1768
744
750
751
1775
1776
1778
1779
756
764
1791
769
775
779
1803
1804
786
1813
1817
1819
798
800
801
803
804
1828
1829
806
807
1831
1833
1835
1836
813
816
818
1844
1851
829
1855
832
1856
833
1863
840
841
1866
847
1874
851
1876
1877
853
857
1885
862
1888
867
876
877
1901
1904
1912
1917
1923
1924
903
1928
1931
908
1933
1934
917
922
1946
1947
924
925
1950
1952
930
935
1963
940
1966
946
947
1973
950
1974
1976
1977
957
1981
1983
962
1989
1990
1993
970
1995
2000
2001
2002
2004
2005
2006
984
990
2016
2019
999
2025
2030
1008
1009
2042
1019
1020
2047
1023
4
17
50
20
52
