255
1026
2054
2055
1547
2060
524
1549
13
528
1040
19
533
2070
534
539
1566
35
36
2084
1577
553
1065
42
2090
554
555
556
1069
557
45
1587
2099
1076
565
54
570
1595
61
2110
2112
2114
578
1090
580
1093
1609
2121
1610
74
586
591
2128
592
1106
1621
1111
87
604
2141
609
1125
2150
102
1645
621
623
1137
2161
114
2164
2165
2167
1662
638
2175
2176
131
2182
1159
140
1172
2197
1179
155
2205
1696
1699
676
1191
1703
2218
1195
1708
1714
179
1716
1210
1213
2239
1727
1215
1729
707
2246
710
202
1231
722
732
225
1251
741
230
231
1768
1769
750
1778
246
762
1275
251
253
1280
774
1803
267
268
1808
787
789
1814
1815
279
793
282
796
1822
798
1313
1314
1315
806
1318
807
1319
1831
1322
302
816
818
307
310
312
825
1339
316
1853
1345
836
1351
841
1865
330
332
1868
1356
1357
337
1877
853
341
857
1378
355
356
357
872
361
876
364
365
1904
882
1395
371
381
1918
894
899
387
1924
901
903
393
909
400
912
1425
1940
1431
920
1432
412
1439
1951
1953
1445
427
1451
1454
431
1456
946
1459
950
443
956
1468
957
447
960
449
962
1477
1479
970
459
1484
1999
1487
465
2005
471
984
985
475
1501
1504
2019
484
2022
2023
2024
2025
489
1513
2029
1517
499
2037
502
1016
1018
1534
2
129
83
