319
512
1026
1539
2055
524
2060
13
1037
527
15
528
2064
16
1040
1041
529
533
2070
534
2072
1049
1562
539
1566
31
1569
35
2084
1062
2087
552
553
1065
42
554
2090
1579
1067
555
556
557
1069
2094
1587
563
2099
1076
564
565
1080
570
1595
60
61
2110
2112
578
1090
1609
2121
74
1610
586
589
1614
591
2128
592
1621
85
87
1111
1626
604
605
2141
2143
2144
609
98
1122
1124
612
1125
2149
1126
2150
1640
2153
1643
1135
1137
2161
2164
2165
1653
2167
634
1661
126
638
2175
2177
2182
2185
653
2189
1167
2191
2197
2202
155
1179
2205
670
1699
676
678
1703
1191
2217
681
2218
1708
172
1199
1202
179
1716
180
1204
181
2232
1210
2235
1213
191
1215
1727
2240
705
1729
1219
707
2246
710
712
713
2250
1231
722
214
726
220
1760
225
1251
1764
229
1766
231
234
1258
238
1777
1778
246
762
251
1282
773
261
774
1801
1803
268
1811
787
789
1814
279
1304
793
1822
1313
1314
1315
1831
807
809
1322
302
816
818
307
311
312
1849
314
1339
316
1340
829
318
1345
1861
326
839
1351
1864
1865
841
330
842
1868
1356
332
1357
1362
1877
853
857
348
1373
1885
1889
1377
867
356
357
360
873
1900
876
365
878
1904
1395
371
1908
374
1402
381
1918
894
1924
901
389
903
1416
393
1934
1424
400
1425
1942
1431
920
922
1951
1440
1953
1444
1445
1963
427
940
1454
431
432
1456
946
434
1459
1973
950
438
1468
957
1983
962
1477
1479
970
459
1484
973
2001
465
467
2004
2005
1494
471
984
985
2010
475
987
1501
2013
2016
994
995
2019
1507
2022
998
2023
489
1002
2029
496
2037
502
1016
1018
1533
1534
3
83
35
60
