155
512
1026
774
2055
1803
268
524
2060
13
528
787
533
789
1814
2070
534
279
793
539
1822
1566
1314
35
2084
1831
553
554
2090
555
556
1069
302
818
1587
307
565
312
825
570
1339
1595
316
61
2110
2112
1345
578
1090
1351
1865
841
1609
2121
74
1610
330
586
332
1868
1356
1357
592
2128
1621
853
87
1111
857
1626
604
2141
609
1125
357
2150
876
365
1904
1137
2161
371
1395
2164
2165
2167
894
1918
2175
1924
901
2182
903
393
1425
2197
1431
920
1179
2205
1951
1953
1699
676
1445
1703
2218
427
1708
431
1456
946
179
1716
1974
950
1210
1468
1213
1727
1215
449
1729
962
1477
2246
710
1479
970
459
1484
1231
465
722
1494
471
984
475
732
1757
225
1251
2019
2022
231
2023
489
2029
750
1778
2037
502
246
1018
1275
1534
1
83
