135
512
2051
1798
522
2060
1037
782
15
1042
1819
1823
288
34
1315
1827
805
2085
1831
1583
48
2099
1076
309
310
1849
825
1851
1595
315
1597
1598
318
1855
2112
1857
833
834
1091
580
1349
841
585
330
1098
1100
1868
1356
79
2128
1874
2131
598
1110
87
1123
1124
872
1390
1135
2160
2161
1139
1395
630
634
636
1661
1405
638
2175
2178
132
2182
2183
392
2185
909
2191
1681
1682
659
916
2197
920
155
415
2208
673
676
168
2218
682
1708
1196
691
1721
1213
447
1728
449
1219
964
201
1993
2250
458
1484
1487
1231
978
2004
213
2005
2007
1241
2010
989
1502
479
1503
224
484
232
1769
1005
238
2032
1010
756
245
246
1016
762
1020
1278
2
49
110
