1034
4097
2052
4101
2053
4103
2057
4107
12
4112
2066
18
23
2074
2075
4126
31
2080
2081
4130
4132
4133
2085
40
2090
45
4142
2095
4145
2100
2103
55
56
4154
4158
4159
2112
4160
4166
71
4169
2122
78
4176
4177
2131
83
4185
90
4187
2140
94
95
96
4193
4194
2147
4197
2149
102
104
4208
2160
115
4213
118
4216
122
2172
124
2173
128
2177
134
4236
142
2192
4240
2194
147
2197
4245
4248
154
157
2206
4261
2214
166
168
4264
2217
4267
2220
173
2222
4271
2223
176
4274
180
4276
2228
182
2234
4282
2238
2239
2240
193
4290
195
4293
204
4301
2254
4303
207
2259
2261
2268
2270
223
2271
4319
2272
4321
226
4324
229
2282
4332
2284
4333
2286
239
4336
4337
241
2290
242
243
245
2296
248
249
2300
4350
2302
4351
2306
4354
259
2307
4356
2309
4358
2313
267
2316
270
273
276
4378
2334
2335
288
4387
2342
4392
297
2347
301
2354
4408
2361
316
318
2366
4415
4417
4420
2372
2374
2375
4425
333
2383
4432
2386
4434
4440
2394
2395
352
2403
4452
4455
2410
2411
363
4462
4463
371
4468
4469
374
4473
2428
2432
385
4483
387
390
4486
2441
4489
2443
2445
398
4496
2452
2453
406
407
4504
408
4509
4510
418
2467
420
2469
2473
426
432
2484
2485
2488
2491
446
448
4544
2496
449
2501
4550
456
2505
2507
4559
465
4561
4562
466
4563
2515
4567
474
2523
4571
476
4573
4574
479
2527
2528
484
4580
2533
487
2536
494
2543
496
498
499
4595
4596
2549
4598
504
2552
506
4603
2556
509
4610
515
2564
4613
4614
4615
529
2579
532
2582
4634
2588
543
2593
4643
2596
549
4647
552
4648
4649
4650
562
4660
4661
569
4666
4668
572
4672
2624
578
2626
4675
2628
4676
2629
582
4679
2633
2638
4689
2641
2643
2645
2647
4699
2652
4702
2655
608
4704
609
4707
2661
4714
2667
4716
2669
4717
2673
627
4723
2676
2677
2679
632
2681
4731
4732
637
2686
2690
2692
2694
646
4747
4750
4751
2703
2704
4753
660
4758
666
667
4765
2717
2726
679
4782
686
2734
4783
2737
4789
2742
695
2745
4795
4800
2754
2755
708
2756
4806
710
2762
714
2763
4814
2767
2768
4818
4821
2773
727
4828
733
735
736
743
4840
4842
4843
4849
2801
4851
2805
758
760
4856
761
2809
4859
763
4863
772
2820
2821
4869
4872
4875
780
2829
783
784
4883
4884
2838
2845
800
801
803
2852
2853
2854
2858
4910
2863
816
4913
817
820
821
825
827
2875
837
838
2886
4937
2892
4949
2903
856
2904
857
4954
861
2910
2914
866
4963
2915
2916
4964
4965
4969
4970
2927
4983
889
4987
4990
4992
4994
2946
4996
901
5000
5003
907
5009
2965
919
5016
921
2969
2970
5022
927
931
2980
934
2984
5032
5034
940
942
5038
2992
2993
947
5044
2997
2999
5048
5053
957
960
5058
962
5061
5063
3017
5065
971
3019
5074
3029
5078
3030
982
3034
3035
5085
3038
5087
3039
3040
994
3043
3044
996
3045
5093
998
5094
5095
3048
1000
1003
5103
3057
1010
3060
1013
5111
1019
1022
1023
5123
3082
3084
1038
3089
1042
3091
3093
5141
1046
1047
5145
1050
5147
3101
3102
5153
1057
5157
1063
1068
5164
1069
5165
5167
1071
1073
5169
1085
1086
5182
1088
1089
1091
3139
1094
3143
1096
1097
1098
3148
5207
1111
5208
3160
1112
5210
5211
1115
5214
1118
5219
1124
5227
1132
3181
1133
5235
1140
5237
5238
1143
5239
1145
5242
5248
5250
5252
3204
5253
3207
5259
5264
3217
3218
5266
3221
1174
5270
5272
1176
1177
1179
1182
3234
1186
1190
3240
1192
5291
3244
5294
1201
3251
3252
1207
3256
1209
3260
5309
3261
1217
3267
1221
3270
3273
3274
1226
5323
3279
1235
5334
5335
1240
1241
3292
5341
3295
5343
5346
1251
1256
3307
1260
5356
1263
5359
1266
1268
5365
3320
5370
5372
3325
3326
5374
1279
1281
3329
3330
3331
1284
1286
1290
3338
1292
5391
1298
3348
5397
5398
5400
5401
1307
1309
1311
1314
1315
5411
1317
1318
1319
1320
5417
3370
3372
5421
1326
5422
3374
1327
3377
5426
1332
5428
3380
5429
1334
5431
3388
5440
3393
3394
1347
3397
5447
1352
1355
5452
3405
1357
5454
3413
3414
3415
3417
5469
3422
1377
5474
3428
1382
1383
5484
5488
1393
1394
5493
5494
5496
3451
3456
3461
1415
3466
5516
1421
3471
1424
5523
5524
1430
5527
1431
1433
1434
1437
1440
1441
3493
1446
5542
5543
1451
3499
1452
5555
1462
5561
3513
1467
5566
1474
3523
1475
1477
5574
1478
3526
5576
3530
5578
3532
3533
3535
3536
3539
3544
3545
1500
3548
3558
1513
3562
1516
1519
1520
3569
3571
1527
1528
3577
1530
3579
3580
1532
1533
1535
3583
1540
3589
1543
1544
3593
3594
1547
1548
1550
1552
1554
3607
1560
1569
1571
1576
3626
3627
3629
1582
1587
3638
3639
1594
1596
3645
3652
3653
3658
1614
3664
3666
1619
3668
3672
1626
3676
3680
1632
1636
1640
1643
3691
3692
3693
1656
1657
3707
1660
1662
1664
3715
3719
1676
1680
3728
1683
3732
3737
3738
1692
1699
1700
1701
3750
1703
3752
1707
3757
3761
1718
1719
3770
1723
3786
3787
3789
3791
3792
3793
3795
3800
1755
3807
1760
3810
1766
3816
3818
1774
1775
3826
1779
3830
1783
3838
1791
3842
3853
1807
3860
3861
1815
1816
3865
1819
1823
3877
1829
3878
3879
1832
1834
1838
3890
3891
1844
3894
3895
1847
1851
3902
3907
3908
1865
3913
1867
3916
3917
1869
1870
1872
1873
1875
3927
1880
1886
3937
1893
1895
1898
1904
1907
1909
1910
3958
1913
1914
1915
1920
3970
3983
1935
3984
1936
3991
1948
1950
3999
4004
1956
1960
4009
1961
1963
4016
4017
1973
4023
4029
4034
4035
1989
4039
1993
1994
1998
1999
4052
2004
4053
2007
4058
2011
4060
4062
4066
2020
2022
4075
4076
4082
2035
2036
2037
2043
2046
22
323
100
68
230
199
169
139
395
300
396
333
175
240
16
275
339
153
251
92
380
60
252
