1624
2
4101
6
4103
4105
4106
4107
4108
14
15
4112
18
19
24
25
4121
26
27
28
4124
4126
31
32
33
4131
4132
4133
38
4135
39
45
48
4145
49
4150
55
4151
4154
67
70
4168
78
4174
81
4184
4185
89
90
4186
94
95
96
4193
4197
102
4200
4202
4203
107
4204
4206
113
117
118
119
4217
122
124
4221
126
4223
128
129
130
131
4228
133
134
4231
4234
4236
142
4239
4241
145
147
4245
4246
151
4248
153
154
4257
4260
164
4261
166
4262
167
4264
173
175
177
178
4276
4278
182
4280
184
4282
4284
190
193
4290
195
4291
4293
197
4296
201
4298
204
4301
207
212
4309
213
218
4315
220
4316
222
4319
4320
4321
226
4324
4325
235
4332
237
4333
4336
241
4337
4338
243
245
4342
249
251
4348
252
4349
4350
4353
4354
4355
4356
261
4358
262
4359
4360
266
4364
270
4366
273
274
4370
4372
276
279
288
289
4394
4396
4397
4398
303
4399
309
4409
316
318
4415
319
4417
322
327
4425
329
330
331
333
4432
336
4434
342
344
4443
4446
4447
357
4453
4454
4458
362
4459
364
4460
365
4462
367
4465
4469
4470
4472
376
4474
379
4477
382
4480
384
4481
386
387
4483
4484
388
4485
389
4486
390
4489
394
4494
398
4496
4497
4499
405
406
408
4507
413
4509
414
418
420
4519
426
4524
430
4528
433
4530
4533
437
4535
446
448
4544
451
4550
454
4551
456
4554
4556
462
465
4562
467
4563
469
4566
471
4567
474
476
4573
4574
479
480
482
4579
484
4582
4585
4588
494
4590
496
4593
499
4595
4596
501
504
4602
4603
512
4608
514
515
516
4612
4615
4616
4617
521
525
4621
4623
530
531
4627
4628
4629
536
537
4634
4637
4638
4643
4644
549
4648
4649
4650
554
555
4651
4653
561
4660
564
4663
567
569
570
4666
572
574
4672
4673
578
580
4678
4679
4680
4681
587
593
4690
595
4691
4692
4693
4699
603
604
605
4704
609
4707
4712
4714
4716
4717
623
4719
627
4723
628
632
4732
636
4733
4738
645
4743
4747
651
4750
4752
4753
659
4756
660
661
662
663
666
4764
668
4765
671
4767
4768
679
4777
683
4783
688
4786
4788
693
695
4791
699
4795
700
701
4800
707
4803
708
710
4806
4809
714
4810
4811
4814
4815
719
721
4818
4825
4828
4830
735
741
4838
4839
4840
4843
748
751
753
4849
4850
758
765
4861
766
4863
4865
772
4869
4870
776
4872
4873
4874
4875
779
781
782
4878
785
786
4883
790
4887
797
4893
798
4896
803
4900
805
4904
4910
815
4913
819
821
4918
824
825
4921
4926
4927
833
834
4934
4937
843
844
845
4946
852
4949
856
4952
4954
862
864
4964
870
872
4969
4970
874
875
4973
877
879
880
881
4977
4981
4982
4983
4984
4987
891
4992
4993
901
5000
906
907
5005
910
5008
5009
5010
5011
5013
5014
919
5017
924
5022
926
928
931
932
933
934
935
5032
938
5035
940
942
5039
943
946
947
5048
955
957
5053
5056
960
963
5061
5069
5072
5074
980
981
982
5078
5080
5085
5087
992
5089
995
997
5094
5095
1000
1003
1004
5102
5103
5104
1010
5106
1015
5112
5114
1024
1025
5125
1029
5127
1031
1033
5131
5133
5136
5139
1043
5141
1047
5145
1050
5147
5148
5150
1055
1056
1057
1058
5155
1060
1061
1062
5159
1065
5162
5164
1068
5165
1071
5168
1073
5169
1074
1075
5173
1079
5175
5177
1082
5179
5180
1085
1086
5182
1088
1089
5192
1097
1098
1100
5197
1104
1105
1108
5204
5206
1111
5207
1112
1115
5211
5214
1118
1119
5216
1121
1122
5219
1125
5223
5225
1131
5227
1134
1136
1139
5235
1140
5237
1143
5239
1144
5242
1147
5245
5246
5249
5250
5254
1160
5259
5264
1168
5265
5266
5268
1172
5270
1177
1179
1180
5277
1181
1182
5278
1183
5279
5280
5281
1186
5283
1187
5285
5287
1192
5289
1194
1196
5294
1200
1201
5301
1205
1206
5303
1209
1210
5309
1213
1215
1216
5312
1218
5314
1221
1223
1224
5320
1226
5323
1230
5327
1235
5332
5334
1241
5337
1245
5343
1247
5344
1248
5346
1251
5347
1260
1266
1267
1268
5373
1279
1281
5377
1284
5381
5384
5389
5391
1296
1298
5395
1301
5398
1302
1303
5400
1306
1308
1310
1311
1312
5410
1315
5411
5413
1318
1319
1320
5416
5419
5422
1326
1327
5425
1330
1332
5428
1333
5429
5436
5437
5438
5440
1347
5443
5445
5447
5449
5450
1355
5452
5453
5454
5456
5458
1364
5461
5467
5469
1374
1375
5471
1377
5474
1382
1383
1384
1385
5483
5487
5488
1393
5490
5492
1396
5493
5494
5496
1406
1409
5505
1410
5506
1412
1416
5513
5515
5516
5519
1424
5524
1430
1433
1434
1436
1437
1439
1440
5536
1441
5538
1446
1447
1451
1452
5550
5555
1461
1462
5558
1463
5560
5561
1466
1467
5563
1468
5564
1469
5566
1472
5569
5571
5572
1477
5574
5576
1481
5577
1483
1485
1491
1492
1497
1500
1502
1507
1509
1513
1519
1524
1528
1530
1531
1532
1533
1536
1540
1544
1547
1550
1551
1552
1553
1558
1559
1562
1563
1569
1572
1573
1575
1579
1581
1582
1583
1594
1596
1599
1607
1609
1620
1629
1635
1636
1638
1640
1647
1648
1657
1660
1662
1664
1672
1680
1683
1684
1688
1697
1698
1700
1701
1706
1707
1708
1711
1712
1718
1719
1720
1722
1723
1731
1732
1739
1757
1758
1760
1761
1763
1767
1768
1770
1771
1775
1779
1781
1784
1786
1795
1796
1801
1803
1809
1810
1812
1814
1815
1816
1819
1823
1828
1830
1834
1837
1844
1847
1849
1851
1860
1864
1869
1870
1872
1873
1875
1879
1881
1882
1889
1895
1902
1904
1910
1913
1914
1915
1920
1925
1931
1933
1936
1941
1947
1948
1951
1955
1956
1960
1961
1962
1963
1970
1973
1975
1981
1982
1984
1987
1988
1989
1990
1999
2001
2002
2004
2007
2010
2014
2018
2020
2022
2023
2030
2031
2033
2035
2036
2037
2039
2043
2045
2047
2050
2052
2053
2057
2067
2075
2078
2079
2080
2085
2086
2100
2112
2116
2118
2119
2122
2123
2138
2141
2143
2149
2158
2166
2171
2174
2176
2187
2188
2192
2197
2201
2204
2211
2214
2217
2218
2221
2223
2230
2231
2234
2241
2243
2250
2254
2255
2265
2268
2270
2274
2282
2284
2286
2287
2290
2296
2300
2301
2302
2303
2306
2307
2311
2313
2314
2318
2322
2324
2333
2334
2337
2342
2347
2348
2354
2355
2360
2361
2366
2372
2374
2379
2386
2387
2393
2395
2397
2399
2403
2410
2411
2414
2422
2427
2428
2432
2435
2436
2439
2440
2443
2445
2449
2452
2466
2467
2469
2470
2471
2474
2480
2484
2485
2486
2487
2491
2493
2496
2499
2501
2507
2508
2509
2511
2512
2513
2515
2520
2524
2528
2529
2530
2536
2541
2543
2545
2549
2552
2561
2567
2568
2572
2579
2584
2591
2592
2593
2594
2604
2605
2606
2608
2609
2621
2622
2624
2626
2628
2629
2631
2641
2643
2646
2649
2651
2654
2657
2665
2667
2672
2674
2676
2677
2679
2683
2690
2692
2697
2698
2704
2707
2710
2712
2717
2718
2724
2731
2732
2734
2741
2742
2744
2745
2748
2750
2755
2759
2762
2763
2768
2772
2781
2784
2790
2792
2801
2808
2813
2817
2818
2821
2823
2833
2844
2848
2850
2853
2855
2856
2858
2863
2864
2875
2882
2883
2885
2892
2901
2903
2914
2915
2916
2927
2930
2932
2933
2936
2937
2943
2953
2972
2975
2979
2980
2983
2989
2992
2995
2999
3001
3003
3004
3006
3012
3015
3029
3030
3034
3035
3037
3043
3046
3048
3054
3057
3058
3060
3070
3082
3084
3085
3091
3092
3093
3103
3110
3111
3125
3127
3129
3130
3131
3133
3134
3139
3140
3143
3148
3151
3153
3163
3169
3175
3179
3180
3181
3182
3186
3187
3189
3191
3204
3210
3215
3217
3219
3222
3228
3229
3234
3239
3245
3246
3252
3254
3257
3259
3260
3261
3262
3263
3267
3270
3271
3272
3276
3287
3292
3295
3302
3307
3310
3313
3316
3323
3326
3328
3330
3331
3332
3340
3342
3344
3348
3350
3351
3355
3359
3360
3367
3370
3374
3375
3376
3377
3382
3389
3396
3399
3400
3402
3403
3405
3414
3418
3419
3420
3422
3424
3425
3431
3436
3438
3440
3443
3446
3456
3457
3458
3461
3464
3465
3466
3472
3477
3481
3482
3491
3495
3510
3512
3516
3523
3525
3526
3530
3532
3533
3535
3539
3541
3544
3545
3549
3551
3559
3561
3562
3569
3571
3572
3573
3577
3579
3580
3585
3593
3594
3597
3607
3609
3610
3611
3612
3613
3624
3625
3626
3629
3633
3641
3643
3644
3645
3646
3653
3659
3666
3668
3670
3672
3677
3678
3680
3686
3690
3692
3698
3702
3703
3707
3709
3711
3714
3716
3717
3719
3722
3732
3737
3738
3743
3746
3749
3750
3751
3752
3753
3757
3758
3759
3763
3765
3770
3777
3787
3791
3792
3793
3795
3800
3809
3814
3816
3818
3826
3832
3834
3837
3838
3841
3845
3854
3855
3860
3861
3863
3865
3868
3870
3873
3877
3882
3883
3891
3895
3897
3898
3901
3902
3903
3904
3908
3909
3911
3914
3917
3925
3934
3944
3949
3951
3953
3957
3958
3965
3970
3971
3977
3978
3980
3981
3984
3987
3993
3997
3998
4001
4003
4004
4009
4010
4016
4017
4034
4035
4040
4045
4047
4050
4052
4058
4061
4062
4064
4066
4067
4071
4082
4084
4087
4088
4091
4095
40
64
68
132
70
395
203
139
77
334
16
208
80
17
83
276
85
341
408
24
217
153
282
92
413
29
94
286
96
229
108
175
242
115
307
371
54
57
251
189
254
