1094
2
4099
4
2053
4103
4106
4107
12
2065
4118
23
24
25
2075
4126
2080
4131
36
4133
40
4136
2090
4140
4141
4142
2094
4145
55
56
61
4160
67
2115
2117
4166
71
72
2122
2123
4176
4177
2131
4181
89
90
2140
2143
95
96
4192
4193
2147
2149
4197
4198
107
2158
4208
2166
118
2167
4218
2173
128
4225
4228
2182
2183
2184
2185
137
4236
142
4239
4241
2193
145
147
4248
153
4251
2203
2211
4259
4261
166
2214
4264
168
2217
173
2222
4272
2225
178
4275
180
4277
4278
2234
2239
4290
197
4296
2250
204
213
220
2268
2270
222
223
4320
226
2274
4324
4331
2284
2286
4336
242
2290
2291
4343
2296
249
2297
252
2302
4350
4351
2306
4354
260
4357
2309
4358
2313
2314
4364
268
270
2318
273
4369
2322
4378
282
2333
288
290
4388
293
2342
2347
4396
303
2351
305
2355
307
313
4412
316
2366
4415
4416
4417
2372
4420
327
4424
4425
333
2384
4434
4435
341
342
344
2394
2399
352
2401
353
4453
360
2410
2411
4459
367
4463
4468
372
2424
2427
2428
380
2429
4478
382
383
385
2436
4486
390
2443
2445
397
398
4494
4496
2449
4499
2452
4501
2453
410
4506
414
416
418
420
2474
2475
430
4527
433
2483
2484
2485
4535
2488
441
2491
446
2494
4544
2498
452
2505
457
4554
2508
2510
462
2517
4566
2520
2523
476
4573
4574
479
2528
4580
484
2533
4582
487
2536
4585
4586
493
494
2546
499
4596
501
504
4600
506
4603
4609
513
515
516
2564
4613
4616
2571
2572
4623
2578
532
4637
2591
2592
544
4641
2594
549
4645
4647
4648
4649
4650
4651
558
4659
4660
571
2621
4669
2622
4672
578
4681
4683
587
4689
593
2641
2643
4692
4694
4697
2651
603
605
4702
2657
609
610
4707
4708
2665
2667
621
4719
4720
4723
2676
2677
4732
636
637
2686
2690
2692
647
650
2698
4747
4748
2701
2704
2712
2714
2715
667
2717
4767
2726
679
2727
2732
2734
2736
2737
2739
2741
4789
694
2742
695
2745
699
700
2749
704
4800
2753
2754
2755
707
4803
708
2756
710
2758
2762
4810
4811
2764
4813
4814
2767
719
720
2768
721
4818
4819
2773
4821
727
728
4825
4826
2781
735
2790
4838
2791
4840
745
4843
748
753
4851
762
4859
4860
770
772
4869
2823
4872
2824
777
4874
778
4875
780
2829
4879
786
2834
4884
4887
793
2842
794
4892
4893
798
800
2851
4899
2856
4904
2857
4906
2858
2859
2860
4910
2863
4913
819
821
825
4921
2878
4931
837
2886
4934
4936
4937
843
2892
4949
2901
856
4954
861
2912
4963
2916
4965
4969
873
4970
874
875
2926
2927
2928
880
2930
4982
889
2938
4987
891
4997
2950
903
5000
2953
5001
5003
5006
2962
917
5014
2969
5017
921
2971
5022
2975
2978
2979
2980
932
5029
934
5031
5034
5035
5036
942
943
5044
2997
5048
953
957
958
5055
5056
962
5058
3011
963
3012
3013
967
5063
968
5065
5068
5072
977
5074
3029
5078
3033
3034
3037
5085
3039
5087
992
3042
3043
3044
996
5093
997
3045
3048
1004
5100
5103
1008
5106
1010
3060
5111
5115
3067
1019
3070
3071
1023
1024
5120
3080
1032
1033
1035
3084
3085
1038
3089
1042
3091
3093
1046
1047
3100
3102
1056
3104
5153
1057
3105
5158
3111
1065
1069
5165
1070
1073
1074
3122
5171
5172
1076
1081
3130
5180
1085
5181
3134
1086
5182
1088
1089
3139
5187
5188
1094
5192
1096
3144
1097
1098
3146
1100
5197
1104
1105
3155
1111
5207
1114
5210
1118
5214
3167
1120
5217
5219
3172
5222
1127
5227
1131
1132
3181
1133
5232
3186
5235
3189
5238
1144
3193
5242
5248
5250
3204
3206
1160
1161
1167
1168
3217
3219
1174
1177
3225
1179
3229
1182
5279
5280
1186
1189
1192
3240
5290
5291
3244
1201
3253
5301
1207
1210
3258
1211
3260
5311
3263
1216
1217
3267
1221
1224
3272
3273
1226
5325
1235
5332
5334
1241
3289
3292
5343
3295
3297
1251
3300
3301
1256
1260
5357
1261
1263
5359
1266
5364
1268
1273
5372
3325
1277
3326
1279
1281
3330
5378
3331
1284
5382
3339
1292
5389
1293
5391
5392
3346
1299
5395
3350
3351
1303
5400
5401
1308
1310
3358
1311
3360
1315
5412
1317
3366
1318
5417
3370
5421
3374
1326
3375
3376
3380
1332
5428
1333
5429
5431
3384
5436
3388
3389
5438
5440
5441
3395
3397
5445
5447
3399
3400
1352
1355
3405
5453
5454
3410
5458
3413
3414
3417
1370
3420
5468
5469
1374
3422
1377
1382
1383
5479
1384
5483
5484
1388
1389
3442
5494
5496
5498
3451
3456
5505
1410
1412
3461
1413
3465
3466
3469
5519
1424
5524
3477
1430
1432
1433
3481
1434
3482
3483
1436
1440
1441
5538
3490
5540
1446
3497
3499
1452
1453
5550
5553
1458
5555
1461
1462
3510
1463
5561
3513
5563
5566
5569
1475
1477
3526
1478
5574
5576
1481
3530
5578
3532
3533
3536
3537
3539
3548
1500
3549
1501
1503
1504
3553
1510
3561
3562
3563
3565
1519
3569
3571
1524
3572
1528
3577
1530
1532
3580
3581
1533
3582
3584
1540
1544
3593
1550
3601
1556
3604
1558
3607
1562
1563
1565
3613
1566
1569
3618
1571
1573
3625
3626
3627
1582
3633
1587
3639
1594
3644
1604
1614
3663
3666
1619
1620
3668
3670
3672
3673
3676
1631
3680
1633
1636
1637
1640
3692
3693
1648
1653
1655
1656
1657
3707
1660
1662
1663
1664
3715
3716
3719
1671
1672
3727
3728
3730
1683
3736
3738
1691
1692
3745
1699
1701
3749
3751
3752
3757
3761
1713
3763
3765
1718
3770
1722
1725
1726
1728
3777
1731
3792
3793
3794
3807
3810
1766
3814
1767
1770
1771
3819
3821
1775
1776
3826
1781
3830
1787
3837
3838
1791
3841
3847
3854
3859
3861
1813
3862
1816
3865
1823
3872
3873
3877
3880
3884
1840
3890
3891
1844
3907
3908
3913
1867
3917
1870
3920
1873
1874
1875
3934
1892
3951
3958
1913
1914
1915
3966
1920
3973
1927
3979
3980
3984
1939
3992
1950
4004
4005
4009
1964
1965
1966
4016
4020
4023
4025
4029
1983
4034
1986
1988
1994
1998
4046
4047
1999
4051
4052
2004
4056
2014
4062
4063
2020
4068
2021
2022
4071
2025
4076
2029
2031
4082
2036
4084
2037
2039
4088
2043
2046
22
386
323
133
230
135
202
203
76
174
79
368
240
17
339
150
151
57
26
251
92
220
29
