1065
4098
4101
4103
2057
2058
4106
4108
12
16
4121
2075
2081
33
4130
4131
36
4132
4133
38
40
41
43
45
4142
47
4145
4146
2100
53
2103
55
2107
61
2109
4160
2114
67
70
4167
71
72
2121
2122
2123
4174
83
85
4181
4184
88
91
4188
2141
98
2147
2150
102
4208
113
115
117
2168
4217
122
2171
2173
2174
4225
2177
129
2183
135
4234
2187
2188
4236
2189
2191
2192
147
4245
153
2203
2206
4261
2214
168
4264
170
4268
2220
178
4275
2231
184
2233
2234
2239
2243
195
4293
197
201
204
2255
208
212
4309
213
2265
2268
224
2272
4320
2273
4321
2274
235
2286
2287
242
2290
4339
4342
2296
248
249
252
253
2301
2306
4358
2311
2313
4364
2318
4369
2322
274
4370
275
2324
276
4378
2335
290
4388
2341
2345
4394
4396
300
4397
4398
303
304
2352
4403
307
2356
4408
313
4411
2363
4417
324
2372
327
4425
2379
4431
4432
2386
4434
2387
4435
4437
341
342
4438
344
4441
2393
347
4443
348
2396
2397
2399
352
2403
355
359
2407
361
2411
2414
2415
4465
4466
4468
2421
374
2422
2424
376
4474
379
2428
4485
389
4487
391
2443
4493
4494
2447
405
4502
2455
410
414
2463
2466
420
4519
426
2474
429
4529
2484
4535
2488
2491
4544
2501
457
2505
4554
2508
461
462
2511
4562
469
470
4567
474
2523
476
4573
478
479
4579
4580
4586
4588
2541
2542
504
4602
2556
508
2557
515
4612
516
4613
4615
2568
4616
522
523
4622
2575
4625
4626
2579
532
4628
536
537
4634
542
4638
543
2591
2592
4643
4644
4645
549
2597
4649
4650
554
2604
2605
2606
2608
2609
4660
564
2613
4662
4665
570
4666
572
2621
574
2625
4673
578
580
586
2635
589
2640
593
4690
4691
4693
2646
2649
603
4699
4706
611
4716
621
623
4719
2672
627
2676
628
2677
4726
4736
2689
2690
643
4739
2692
4742
4743
647
649
4747
4749
653
4751
4753
4757
2710
666
2714
4764
4767
4768
2721
674
2723
2724
676
2731
2734
691
695
4793
2745
699
702
704
4801
707
2755
4803
2757
4806
710
4809
2762
716
4814
2767
4815
4819
2771
2773
2774
2776
728
2781
4830
735
2784
4835
2789
2790
744
745
2796
4844
751
4850
755
758
4856
762
4859
4860
4862
4863
2817
772
2821
777
4875
4878
783
786
4884
2842
797
4896
801
803
2851
804
805
2855
2857
2858
4906
811
2862
2863
2864
2865
2866
821
4918
2876
4924
4926
2878
4928
2881
834
2882
2883
2884
2885
4937
4938
2890
2891
844
845
4943
2897
4946
2901
4949
856
861
862
864
2914
866
2917
4966
870
4967
872
4969
2921
874
4970
2926
2927
880
4977
2929
4982
4987
4989
904
2953
906
5003
5007
914
5010
5011
2964
5013
5016
920
2969
922
5018
5019
5022
2974
928
5025
929
5027
2980
933
5029
935
5031
5032
938
5035
942
5039
2991
944
947
2999
3001
3003
5056
962
5061
967
971
3024
3025
982
983
5081
3033
3035
5083
5085
5087
993
994
995
3045
997
5094
3048
3050
3054
5105
1010
3058
3060
1014
3062
1015
5112
3065
1020
1025
5121
5123
1029
3080
3084
1039
1042
5139
3091
1043
3093
5145
5148
5149
1055
3103
1056
5153
3107
1060
3110
3111
1065
1067
1069
5165
1071
3125
1079
3129
5177
5180
1085
5181
3134
1086
3139
5188
3148
1100
3149
5197
5198
1102
1111
5207
5214
3167
1121
5217
1125
1128
5224
5225
3178
5226
5227
1131
1132
3180
3181
3182
1136
1139
3189
5237
5238
5239
5240
5242
1146
5245
3199
3204
5252
5255
1160
1162
5259
1166
1168
5265
5266
3219
3222
1175
5272
5275
1180
3228
3229
5277
1182
5278
5281
3234
3235
5283
3239
3240
3241
5289
1196
3244
1200
3252
5301
1207
3256
3257
1211
5307
3259
3260
5309
1213
3262
1215
5311
1218
5315
1221
3270
1223
1224
1226
5323
3276
3277
5327
1235
5334
3287
3289
1242
1243
3291
3292
3293
5343
1247
3295
1251
5353
1260
5356
3315
1268
5365
3322
5371
5372
3325
3326
1279
1281
5377
1282
3330
3333
5382
3338
1290
3339
1292
3341
5389
1293
3342
5391
5392
3344
3346
1299
5395
3348
5398
3350
5400
1307
1308
5404
1310
3358
3359
3360
5408
1315
1317
3366
5417
3371
5421
3374
1326
1327
1328
3377
3380
5436
3388
5441
5442
3397
5447
3400
1352
3403
3405
1361
3410
1362
3414
1370
3418
3420
5469
5471
1377
1382
5478
1384
1385
3436
5485
1389
3439
3442
3443
1398
1399
5496
3448
5499
3451
3455
1409
3457
3458
1410
5507
1413
1416
1420
1424
3474
1428
3477
3480
1434
1436
1437
5538
5539
5540
3493
1446
5547
1452
5553
1458
5555
1459
1462
5560
3513
1469
5569
3521
5570
3523
1475
3526
1478
5578
3530
3532
1488
3537
3539
3541
1494
3542
3544
3548
1500
3549
1501
3551
3553
1507
1508
3558
3559
3561
3565
3572
1528
3577
1532
1533
3581
3582
1540
3590
1543
1544
3593
3594
1546
3595
1548
1550
1551
3599
1560
3611
1566
1569
1571
3624
1578
3626
3627
3629
1582
3633
1587
3639
1594
1596
3644
3645
1609
1610
1611
3660
1614
3664
3666
1619
1620
3675
3676
3677
3680
3681
1636
3693
1648
3697
3698
1655
1656
3709
3711
3715
1667
3716
3719
3722
3727
1680
3728
3729
3730
1683
3734
1688
3738
3740
1692
1693
1699
1701
3750
1703
1707
1712
1714
3763
3765
1718
1721
3773
1725
1726
3776
3777
3778
3783
3787
3792
1744
3796
1757
3805
1761
3810
1766
3819
1772
1775
3824
3826
1784
3832
1785
3834
1795
1803
3852
3857
1810
3858
3859
1812
3861
1816
3865
1823
3871
1828
3877
1834
3882
1835
1840
3889
1844
3901
3902
3907
3908
1861
3911
1864
3912
3917
1874
3926
1890
1896
3944
3949
1904
1909
3965
3969
1925
1927
3979
1932
3984
1941
3992
3993
3996
3997
1951
4001
1955
4004
4005
1958
1960
4016
4018
1970
4020
4022
4027
1984
4035
1990
4040
4041
1994
1995
1998
2002
4051
4053
2005
4056
4058
2011
4066
4067
2023
4071
2024
4073
2028
2031
2033
4081
2036
2037
2039
4088
2043
2047
27
322
4
11
76
401
210
147
404
212
149
343
153
220
96
355
229
38
230
297
113
371
181
54
55
121
380
254
