1061
2052
4
4101
2057
11
4107
12
2066
4118
4121
25
2075
27
2077
4125
4126
31
2079
2080
33
4130
35
4132
2085
4133
40
45
4142
2094
4145
2103
55
4158
4159
4160
2112
4166
2122
74
83
4183
4187
4188
92
94
95
4194
2149
4197
102
4203
2158
2159
4210
116
2165
2166
4214
120
4217
128
4225
4227
2179
4228
2183
135
137
2185
4234
138
2188
4236
142
4239
143
2192
4241
2194
147
4244
4245
4248
154
2206
166
2214
4262
2217
4267
2220
174
2222
4270
4271
4272
2225
4274
4275
180
4276
2228
2234
2240
2242
195
4293
197
4294
201
204
4301
212
2261
4315
2270
223
2271
2272
4321
226
2274
229
4330
2284
239
2288
2290
4338
243
2296
248
2297
249
250
252
2302
4350
4351
2306
2309
4358
2312
267
4364
2318
273
4370
276
280
2333
2334
2335
289
4387
293
2342
4392
4393
297
2347
4396
2351
307
2355
4411
316
4412
4413
4415
4416
4417
326
2375
4424
328
4425
4426
2379
4432
342
4440
2392
2395
2397
2399
352
2403
4451
4452
357
4455
2409
2410
363
4461
2414
4463
367
4468
4469
2422
375
4480
2434
2435
4483
2436
4486
390
2441
398
4496
400
4499
2452
2453
4501
406
407
408
4504
2457
4507
2464
4512
418
420
2470
4519
426
431
432
2484
4533
2485
440
2491
2493
446
4544
4550
456
2505
4556
2509
4561
465
4562
467
4567
4568
2523
476
4573
4574
479
2527
2529
4579
483
484
4582
2536
2540
494
2543
498
499
4595
2547
4596
500
2549
501
4598
2552
2556
512
4609
4610
515
2564
4615
2568
2572
529
530
532
2582
4634
2588
4637
543
4640
4641
4643
2596
4645
2597
4647
4648
4649
4650
2604
558
562
4659
4660
567
4668
572
2622
4671
4672
2624
578
4675
4676
2628
582
4680
4681
2635
2641
4689
594
2643
4692
2645
4699
2651
2652
605
4702
4704
4707
612
4708
2661
615
4714
4720
2673
4723
2676
629
2677
630
2681
4732
636
637
2686
2688
2690
2692
646
649
4747
4750
4751
4753
4754
4756
4758
666
667
4765
2717
4777
2732
684
2734
4782
4783
2737
4789
2742
695
2745
699
700
4800
707
708
2756
2758
710
2760
2762
4810
2763
4811
721
4818
4828
733
4838
2790
2791
2792
746
4842
4843
748
751
753
2802
757
2805
758
760
2809
761
762
763
4859
765
4863
768
772
2820
2821
773
2823
4872
777
4874
4876
2829
784
4881
789
2838
4887
794
2843
798
2847
2848
800
801
803
2851
2852
2854
2856
4910
2863
4913
821
4918
825
4921
827
834
2883
4934
838
839
4936
4937
843
845
2896
4947
4949
2901
856
2904
4954
861
2910
2914
866
4963
4965
4969
4970
874
875
2927
2928
2930
885
4983
2935
4987
891
2941
4990
2945
4994
4996
2949
5000
907
5003
5011
5013
919
5016
2970
5022
928
2978
931
2979
2980
932
5029
938
5034
939
942
5038
5039
943
2993
947
948
2997
2998
5046
2999
5048
953
5049
959
3008
960
5058
5061
969
971
5067
5070
3023
3024
5074
980
3029
5078
3030
982
3033
3034
3035
3036
3038
5087
3039
3040
5091
3043
3045
5093
998
5094
999
3048
5097
5103
1009
3057
1012
3060
1013
5115
3070
5118
1023
3071
1024
5125
1031
3080
1032
3083
5136
3089
3091
5139
3093
1050
5147
5148
3101
3102
1055
1056
5157
1063
1067
5165
1071
5167
1073
3122
1074
5170
5172
1079
3129
5177
3130
1085
3133
3134
1086
1088
1089
3139
1094
5192
1097
1098
5194
3148
3150
1103
5202
5206
1111
5207
3160
1112
1114
1115
5211
1118
3167
1119
5216
1120
1121
1124
5227
3181
1133
3183
1137
5235
5237
3189
5238
1143
5239
5241
1145
5242
1147
3195
5250
5252
3204
5253
1160
5256
1165
5262
5264
3217
3218
1182
1183
3234
5283
5289
3243
5291
3244
5294
1200
1201
3251
3252
1207
5303
3256
3259
5309
1214
1217
3270
1224
5320
3273
3274
3277
5329
5330
1235
5332
5334
1239
5335
1241
3292
3295
5343
5346
1251
3300
5355
1260
5359
1265
1266
1268
5365
3320
3322
5370
3326
3327
1281
3329
3331
1284
1285
1286
1290
5387
3340
1292
5389
5391
5398
1303
5401
3355
1307
1308
1309
1314
1315
1316
3366
1318
1319
5415
3370
3372
5422
1326
1327
1329
3378
1332
5428
1333
5429
1334
5431
5439
5440
3393
5442
3396
3397
5447
1355
5453
3405
3410
5458
5459
3412
3413
5461
3414
3415
3417
1374
3424
1377
3428
1382
1383
1384
1392
5488
1394
1396
5493
1398
5494
5496
3448
1401
3456
5505
1415
5511
5513
5515
1421
1424
3472
1426
5523
5524
3477
1430
1433
1434
3482
1436
1437
1442
5538
3493
1446
5542
5543
3499
1452
5550
5552
5555
1461
3510
1463
5561
3513
1468
5566
1471
5569
3523
5572
5578
3532
3533
3536
3539
1495
3545
1500
3549
1511
3561
1515
3564
1516
3567
3571
1524
3574
1527
3577
1530
1532
3581
1533
1535
1536
1540
1541
3589
3590
1543
3593
1548
1550
1552
1553
1554
3607
1560
3609
3611
3612
1565
3624
1576
3626
1580
3629
3638
3639
1594
3643
3644
1596
1597
3653
1614
3663
3666
1619
3668
3670
3672
1626
3676
1631
3680
1636
1637
3695
1648
1653
1656
1660
3711
1664
3715
3719
1672
3728
1680
1682
1683
3732
3738
3739
1691
3745
3747
1699
1700
3750
1703
1704
3752
3757
3758
1713
1715
3770
1723
1725
1726
1729
1732
3786
3787
3789
3792
3793
3795
3811
1766
3815
1770
3818
3819
1774
1775
1777
3826
1781
3830
1783
3832
1787
1789
3837
3842
1795
3847
1802
3853
3854
1807
1810
3858
1812
3860
1815
1816
1817
3865
1819
3868
1822
1823
1828
3877
3878
3882
1839
3890
3891
3894
1851
3901
3902
3907
3908
1865
3914
1867
3917
1870
1872
1874
1875
3924
1883
3933
3937
1895
1898
3951
1906
1909
1910
1914
1920
3970
1925
1926
3980
1935
3983
3984
1941
3991
1948
3999
4004
1956
4005
1960
1963
4017
4018
4023
1982
4034
1986
4035
4036
1989
4039
1993
2004
4053
4058
2011
2017
2020
2022
4071
4075
2029
2033
4082
4083
2036
2037
2041
2043
4091
4092
2046
4095
23
257
100
199
203
396
301
77
333
366
14
79
175
240
84
86
406
153
185
251
380
28
253
190
