962
4100
2057
2058
4107
4108
14
2065
2067
4118
2070
23
25
2075
2077
2078
4126
33
4131
4133
2085
40
2089
2090
2092
45
4145
2100
54
4151
55
56
4154
2115
2123
75
78
4177
82
2131
4181
90
4188
4189
95
2147
4196
4197
2149
101
4202
2159
2165
117
2166
4214
122
2174
128
4225
4228
134
135
4234
4235
2188
4236
2189
142
4239
145
4241
147
148
4244
4245
4251
4254
159
166
2214
168
2217
2221
173
174
4272
178
4280
187
4290
2243
197
198
4296
201
2250
211
2268
223
4320
4321
226
2274
4324
229
4330
2284
4332
2285
2286
4335
2288
4337
242
2296
248
250
2300
2301
2302
2306
4358
2312
2313
4364
4366
270
273
2322
2326
280
284
2333
4382
290
2342
295
4394
2347
303
2355
307
309
4407
2361
313
4411
2363
316
4413
4415
4417
2369
4420
327
4425
4426
2379
333
4430
2384
2386
4434
342
344
2394
2395
352
2403
2409
4459
2411
4460
2413
4461
2414
2418
372
2428
2429
4478
383
2432
2433
385
4486
4489
2445
398
4496
400
4499
4501
408
2457
4507
414
420
4519
430
2478
431
433
4529
2484
2485
4533
2491
446
448
2499
452
4549
4550
4551
457
4554
462
2511
465
2514
4563
467
469
473
474
2523
476
4573
4574
479
2528
484
4582
4586
493
2542
494
2543
4596
500
501
504
4600
506
4603
2556
512
4609
2568
2572
2577
2579
2584
4637
545
4645
549
4648
4649
4650
554
558
559
2609
2612
564
4660
2614
4664
570
572
4669
2622
4671
4672
578
2629
2631
2633
4681
2635
4683
2641
593
2642
2643
4694
2646
2651
605
4705
609
612
615
2665
2667
4717
2674
4723
627
2676
628
2677
629
630
632
4732
2685
2692
645
647
649
4745
4747
4751
4752
2704
4753
4755
2710
662
663
2712
2714
666
2715
667
4765
4768
673
675
2726
679
2734
4786
2741
2742
694
695
2745
699
700
2754
707
4803
2755
708
2756
2757
2758
4806
2760
4810
4811
2765
4814
2767
4815
2768
721
4818
723
2772
725
4821
2789
4837
4838
2790
4839
744
745
4843
748
753
2801
4851
758
2809
2812
2813
768
772
2820
4870
2823
4872
777
778
4874
4875
780
2834
789
4887
2842
799
2847
801
803
2851
808
2859
4910
2863
4913
4914
4918
4921
827
4925
833
2882
2883
837
4936
4937
4944
4946
4947
2901
856
2904
2905
4953
4955
861
862
864
2916
4965
4969
874
4970
2927
879
880
2930
4980
4982
2935
4983
889
4987
891
2941
4996
2949
2950
903
5000
5004
2960
5010
917
921
5019
5022
927
2979
2980
932
933
5029
934
5031
5035
942
943
5039
2992
5041
5044
5046
2998
950
952
3001
953
955
3005
5054
959
5056
963
3011
3013
5063
975
3023
5076
3029
982
5078
984
5080
3033
3034
5085
5087
3042
3043
995
3044
996
5094
3048
5097
3054
5103
1009
1010
3058
1012
3060
1013
5111
5115
1019
3070
1023
1024
3073
5123
1031
3080
3083
3085
1041
5139
3091
5141
3093
3100
1055
1056
5153
1059
5159
3112
1065
1068
1069
5165
1071
1073
1074
5171
5177
3129
3132
1085
5182
1086
1088
1089
3139
5188
1094
5192
1096
1097
1098
5194
5197
3150
3151
1105
3155
1111
5207
1112
1114
5210
5214
1118
3174
1128
5227
3179
3181
1134
3183
1136
5233
1137
5235
3189
5237
1144
5241
5242
5245
5248
5250
3204
3205
1160
1162
5261
5264
1168
3217
5266
3219
1174
1177
1180
3229
1182
5279
5281
3234
3243
5294
5301
1210
1213
5311
3267
1221
3270
1224
3273
1226
5329
1235
5332
5334
1241
3292
5342
5343
1251
3300
3301
1256
5355
1260
5357
1263
1265
3313
1268
5365
1270
3322
3325
3326
3327
1281
3330
3331
1284
5382
3339
5389
3342
5391
3344
1299
5396
5398
5400
5401
5405
3358
1311
1312
5410
1317
1319
1320
3369
3372
3374
1326
3376
1329
1332
5429
5438
5439
5440
5441
3397
5445
5447
3399
3400
1355
5453
5458
1364
1365
1370
3418
1374
1377
1382
1383
1384
5484
1389
5494
1398
5496
1401
3450
3452
5501
1407
5505
3457
1413
3461
1416
5513
3466
3468
1424
1426
3477
3478
1433
1434
3483
1436
1441
5538
1442
1446
3497
1452
1453
5553
1458
5555
3510
1462
1463
5561
1467
5566
1471
5569
3526
5574
5576
3530
1483
3532
3537
3539
1491
1497
3545
1500
3549
1507
1513
1514
3562
1515
1519
3569
3571
1524
1528
3577
1530
1532
3580
1533
3582
1535
1540
3590
1543
3593
1548
3597
1550
1551
1552
1558
1562
1563
3612
3614
1569
3626
3627
1580
1582
1587
3639
1594
3643
1597
1599
1604
1614
3664
3665
3666
1619
1620
3668
3669
3670
3672
3676
3679
3687
1643
3692
1648
3696
1653
1656
1657
3705
1660
1662
3711
1664
1665
3715
3719
1672
3722
3727
3730
1682
1683
3738
1701
3750
1703
3751
1704
3753
1706
1712
3763
1717
3765
1728
3777
3788
3792
1763
3811
1766
3815
3816
1775
1777
3826
1779
3838
3839
3841
1802
1803
1804
3854
1809
3859
3860
3861
3862
1816
1817
1823
3877
3878
3879
1837
1838
1840
3890
1843
1856
1857
1859
3908
3911
3914
1867
3917
1870
3919
3920
1873
1874
3924
1879
1883
1886
3934
3941
1895
3949
3951
3953
1909
3961
1915
3964
3969
1926
3984
1948
3997
4004
4005
1960
4009
1963
4016
4017
1970
4020
1973
1975
4025
4029
4031
1984
4034
4035
4040
4045
1999
4051
2004
4052
4058
2011
4060
2014
4062
4063
2017
4066
2019
2020
2021
2022
4071
4081
4082
2036
4084
2037
4086
2039
2041
2043
21
257
323
327
203
395
76
301
173
143
16
148
276
86
342
54
23
248
57
251
92
61
