966
2
2051
4
4100
2052
4101
4106
4107
14
2065
19
23
24
2075
27
4126
2078
31
4130
4131
4132
4133
2085
40
4136
2090
4142
4145
4147
2100
4149
55
2103
56
4154
4159
2114
67
2115
4166
2122
2123
4173
4175
4177
81
83
2131
4185
90
4187
2140
94
2143
4193
4194
2147
102
4199
4202
4203
107
2158
2160
113
4209
116
4216
122
4220
2177
2178
131
2185
4234
4236
2192
2194
147
148
4245
4248
154
4251
4259
2211
165
2214
168
2220
173
4272
2225
4276
182
2231
185
4282
186
2234
4290
197
4293
2247
201
2251
4301
2261
213
2268
223
4320
224
2273
226
4324
229
4329
2286
242
2290
4339
243
244
2296
249
2306
261
2313
265
273
274
4378
2334
2335
4387
4388
2342
296
297
4396
303
316
4415
4417
323
327
4428
333
2382
2384
2385
4434
2386
2387
4439
4440
344
2393
345
2394
2397
352
353
2401
2403
355
4453
357
361
2410
2411
4460
4462
2414
2415
372
4469
4470
2427
2428
4478
382
383
4480
385
2434
2435
4483
4486
4489
2441
2445
4494
4495
2452
2453
406
4504
4509
420
426
2474
429
430
432
4531
4537
2490
443
2493
446
4544
452
2501
456
2505
457
4554
4556
461
2509
4561
4562
2514
4563
2515
474
2523
476
4573
4574
478
2527
2529
483
484
492
493
494
2543
498
4596
501
2549
2552
4600
506
4603
2556
4610
4613
4614
523
527
4623
530
532
543
2592
2593
4641
4643
2595
4645
4649
4650
4651
558
562
4660
4663
569
572
2621
2624
2626
4675
2628
582
4679
4680
2633
4683
587
2638
593
594
2642
4692
4694
4695
603
2652
4700
605
4704
4705
2657
2658
4707
4712
4713
2665
4714
4716
4719
624
2673
627
4723
2676
4728
634
4732
2692
646
4742
4747
4750
4751
2704
660
4756
2712
666
2714
2715
667
2716
2717
670
4767
2722
2726
679
680
4777
2734
4782
687
4783
2737
691
692
694
695
699
2748
2754
4803
708
709
710
2762
2763
4814
719
2768
4816
720
4821
728
2776
4828
733
2781
735
2784
2790
4838
2792
746
753
2801
4849
4851
2805
758
4854
761
765
4862
4863
772
4870
4872
778
4875
780
2829
783
784
4880
786
2834
4883
2838
798
799
800
2848
801
803
2851
2853
2856
2858
2859
4910
2863
4913
819
821
4918
825
2874
2875
2878
831
4931
4934
838
843
851
4949
2901
856
2904
4953
2905
864
2912
2914
2915
868
2916
2917
4966
4969
874
4970
2926
882
4980
4982
4983
889
4987
4990
896
4992
4993
901
2950
5000
2953
906
5003
910
5007
2960
2963
5011
917
5014
921
2970
5022
5027
931
2980
932
934
935
5031
5034
5035
5036
942
5038
947
5044
2997
2999
959
5056
960
5058
3011
3013
5063
3021
980
5078
3035
5084
3037
5085
3038
3039
5087
992
3042
996
3044
3045
997
5093
3047
3048
1004
3057
1010
3060
1014
3062
5111
5115
1019
3071
3072
5123
3080
1033
1041
5139
3093
1046
1050
5147
3100
1055
5153
1057
3105
3111
1065
1068
1069
1070
5167
1071
3120
1073
1074
1078
1079
3130
3133
1086
5182
1089
3139
3140
5192
1096
1097
1098
3146
1100
3148
5197
1102
1104
3155
5206
1111
5207
5210
1115
5211
3165
5214
1118
5216
5222
5227
1131
3181
1136
5238
5239
1144
5242
5243
1147
1148
5248
3204
5252
5253
5254
3208
1167
5264
3218
5270
1174
3225
1177
1180
1182
5279
1183
5280
3234
1186
3241
1200
1201
3251
3252
3253
5303
3256
1210
5309
5311
1217
3267
5316
3269
5318
3270
5319
3272
5320
3274
5323
1235
5334
5335
5337
1241
5338
3291
3292
5343
3295
3297
5346
1251
3301
1256
3307
1260
5356
5357
1263
3312
1266
1268
5365
5370
5372
3326
1281
3330
3331
1286
1290
3338
3340
1292
5391
1298
3348
5398
1303
5400
5401
1307
3355
1309
3358
1310
1311
3359
1315
5411
1317
1318
1319
3370
1325
1326
5422
1327
3375
3376
1332
1333
1334
5436
3389
5441
5442
3396
3397
3399
1353
1355
5452
3414
3415
5466
3420
3424
1377
5474
3428
5478
1383
5484
3438
5488
1396
5493
1398
5494
1410
1412
3461
1413
1415
3466
5515
3468
1421
3472
1424
1427
3477
3480
3481
1434
3482
1437
5536
1441
5538
5540
1446
5542
3497
1453
5550
1458
5555
1461
3510
1463
3515
1468
5566
5569
5572
5574
5576
3528
1481
5578
3530
3532
3539
1500
3548
1501
3550
1503
3553
1510
3562
1516
1519
3569
1527
1528
3577
3580
3582
3583
1536
3593
3594
3597
1550
1558
3607
3609
1562
1565
3613
1569
3627
3629
1582
3633
3643
3647
3651
1604
3653
1610
3664
3665
3666
1619
1620
3669
1631
3679
1636
3687
3692
1649
1650
1656
1657
1662
3710
1664
3715
1670
1671
3719
3728
3730
1683
1684
3732
3738
1691
1699
1700
3750
3751
3752
3753
1707
3758
3762
1723
1725
3773
1728
1732
3785
3786
3787
3789
1742
3793
3795
3800
1753
1757
3814
1766
1767
1770
1771
3821
1774
1775
1781
3837
3839
1802
3853
3854
1807
1810
1813
3861
1815
1816
3865
1817
1819
1820
3868
1823
3872
3873
3877
3878
3879
3880
1834
3884
1837
3886
1840
3890
3891
1844
1851
3902
3911
3917
1870
1872
1873
3937
3938
1895
3944
3950
1909
3958
1910
1914
1915
3964
3970
3971
3977
3981
3983
3984
1939
1943
1948
1950
3999
4004
1956
1960
1961
4009
4016
4017
1972
1981
4029
1982
4031
4032
1984
4033
4035
1988
1989
1999
4047
4052
2004
2007
4056
4058
4062
2014
4063
4066
4067
2021
2029
4078
2033
2036
4086
2039
4090
4091
20
323
36
100
68
135
107
108
333
77
238
175
401
148
55
57
122
218
92
29
287
