1133
4096
4098
3
2052
4101
4103
4105
4107
2059
12
4110
4113
18
2071
2075
27
2078
4126
4131
4133
2087
41
2091
4142
48
4145
2100
55
4153
4154
2107
63
2112
2113
67
2116
2117
4166
2118
71
2122
4172
2129
83
4181
89
4185
91
2140
4188
94
95
4192
97
4193
98
2149
4197
102
2150
4202
4208
2160
115
2164
122
2171
124
2173
4223
128
4225
130
2183
136
2185
2189
142
2194
147
149
2197
2204
2206
2207
4255
2214
166
168
4264
4265
2217
170
4267
2220
173
2225
177
178
4274
4275
4276
180
2228
2230
182
2232
2234
4282
190
2239
2240
2242
4290
197
210
2261
217
4315
4316
4320
2272
226
229
2284
2286
2287
239
2290
246
2296
249
2297
4346
251
4348
253
2302
2306
260
4357
4358
4359
266
267
270
2318
273
4370
2322
4376
4378
4380
2334
2335
289
290
2342
4392
4394
4396
4398
2351
303
2352
2355
311
313
4412
316
317
2367
4415
4416
2372
324
327
2375
4424
4425
333
2382
4431
4433
4434
2386
4440
346
2397
352
354
2403
357
4455
360
2410
2411
2414
367
2415
4466
4468
2422
2428
4480
2435
4486
2440
2443
2445
398
4496
2452
405
4501
2453
406
408
409
410
411
4508
4509
414
4510
2463
418
420
2471
426
433
2485
4534
2487
2488
2491
2492
2493
446
4544
2501
4550
456
2505
457
4554
2508
4556
2509
4561
4562
2515
4564
468
469
4567
476
2526
479
2528
2529
2530
4579
4580
484
4585
4586
494
4590
2543
4593
4595
4596
4598
504
2552
506
4603
2556
511
4609
4610
4613
2567
2568
4617
4621
4622
529
530
532
536
538
543
2592
4643
549
4648
4649
4650
2606
2607
562
4659
4660
569
2619
572
4669
2621
574
4672
2624
2626
4675
4676
582
4679
4680
2632
589
4685
592
4689
593
2641
595
2643
4693
2645
603
2652
4704
609
611
4707
4708
614
617
4713
4714
619
4716
4720
2673
2674
4723
2676
2677
2678
4728
2683
4732
636
2686
2689
2690
4739
2692
646
647
649
4747
652
4749
4750
4751
2704
4753
4756
660
4757
662
2714
666
667
4764
2717
4765
2718
674
2723
2724
4777
2731
2732
2734
4783
2736
2737
693
2741
2742
695
2743
2745
699
702
2750
4801
2755
4803
708
2757
710
4806
2764
2767
2768
4820
2773
2776
732
735
4838
2790
2792
745
4842
4843
753
2801
2805
758
4855
4856
761
4859
765
4862
4863
2817
2818
772
2820
777
779
4878
783
784
786
4883
4884
2838
794
2842
2845
2848
800
801
803
804
2857
810
4906
2858
2863
4913
2867
821
825
2874
2875
2876
828
2877
2878
4928
4930
837
4936
4937
2890
844
845
4946
856
4954
859
861
2910
2914
2915
2916
870
4967
874
4970
875
877
2926
879
883
2932
2933
4982
4983
889
4987
4993
4994
4995
901
5000
2953
907
2961
914
2962
2969
2970
922
2972
5022
2978
2980
932
933
934
5031
5035
2988
941
942
5038
5039
2991
2993
947
2999
953
957
962
3010
3015
971
3021
3026
980
981
5078
982
3030
3034
5085
989
5087
3039
994
3043
995
5093
3045
3046
998
5095
3048
5096
1001
5105
5106
3060
1013
1014
1023
3074
5123
5125
1030
1031
1032
3080
3084
5136
5139
1043
3091
1045
5144
3100
3101
5149
3103
1055
1056
1057
5153
3107
3108
3110
1063
1065
5165
5167
1071
1073
3122
1074
1075
5171
5172
3125
5174
1079
5175
3130
5180
3133
1085
1086
5182
3134
1088
1089
3139
1093
1094
1096
3144
1098
3149
1101
3153
5204
5206
3158
1111
3160
5211
1115
1118
5214
5215
1120
5216
5217
5219
5220
1124
5222
5223
5227
3180
3181
1134
3185
1139
5238
3193
5242
1146
1147
3200
5250
5253
3210
5259
1167
5264
1168
3217
5266
1170
5267
3219
1174
5270
5272
1180
3229
1182
1183
3234
1186
5285
3239
3240
3241
5291
3244
3245
3246
1199
1200
1201
5298
3251
3254
5303
1207
1208
3256
5307
3260
5309
5311
1217
1218
3267
1221
1224
5320
3274
5323
3277
3281
1235
3284
1238
1239
5335
3287
3289
3292
3295
5344
1251
3300
3302
3307
1260
1266
1268
3316
5365
3320
5370
5372
3325
5373
3326
1279
3327
1281
5377
3329
3330
3331
1284
5381
5382
3338
3339
3340
1292
5389
1293
3342
1295
5391
1298
5395
1299
3348
5398
1302
3350
5400
5401
3355
1310
3358
3359
1315
5411
1317
1318
1319
5417
3370
3372
5421
1326
3374
5422
1327
3377
3380
5428
1332
1333
3382
1334
3384
3386
3388
5436
3389
1341
5438
5440
5441
3396
3397
1352
3400
1355
5452
3405
5457
1361
3410
1362
5461
1365
3414
3415
3418
1370
3419
5468
5469
3424
1377
5474
3428
1382
1383
1384
3436
1389
5485
1394
3443
1396
5494
1398
5496
3451
3456
3461
1415
5515
1421
1424
3472
3477
3480
1433
1434
3482
1436
1437
5536
1441
3490
5542
3495
1452
5550
1456
5553
5555
5556
1461
3510
5560
5561
1468
1469
5566
5568
5569
1475
5572
1477
5574
1478
3526
5576
5578
3530
3532
1486
1488
3537
3539
1491
1493
1498
1500
3553
1508
3558
3560
3561
1513
3562
1519
3569
3571
1524
3572
1527
1528
3577
1530
3580
1532
3581
1533
3583
1535
1536
3589
3590
1544
3593
3594
3595
1547
1550
3599
1552
1560
3609
3610
1564
1571
3619
1575
3624
1576
3626
3629
1581
1582
1584
3633
1587
3638
3641
1594
3643
3644
1598
1602
1608
1609
1611
1614
3663
3666
1619
1620
3668
3672
3674
1626
3675
3676
3677
1629
1631
3680
1634
1635
3684
1636
1637
3692
3693
1648
3696
3698
3702
1656
3706
3707
1660
3709
1662
1664
3714
3717
3719
1671
1673
3726
3727
1680
3728
3729
3730
1683
3734
3738
1691
1692
1693
3745
1699
1700
1701
3750
3752
3753
1706
3758
3759
1712
3763
1718
1722
1723
1726
3777
3783
3786
1741
3791
3792
3793
1753
3810
1766
1769
1770
3819
1775
3826
1778
1787
3838
3839
3841
1799
3847
1803
3851
1805
3854
1810
3862
1816
3868
3871
1823
3877
3882
1837
1840
3891
1844
1851
3901
3902
3908
1861
1867
3917
1870
3920
1873
1882
3939
3942
3944
1896
3948
1903
3954
1909
3958
1913
3962
1914
1915
3963
3965
3969
1927
3978
1932
3983
3984
3991
3993
3999
1953
1954
4003
4004
1959
1960
4009
1961
1966
4016
4017
4018
4020
1981
1983
4034
1986
4035
4037
1990
4039
1994
4045
1998
4046
1999
4051
2004
2007
4055
4056
4058
2010
2011
4062
4064
4066
4067
2020
2022
2024
4073
2025
2028
2029
2030
2033
4081
2036
2037
4087
4091
2044
2046
24
0
100
68
261
230
199
265
76
77
79
113
178
114
242
371
85
310
23
121
26
251
92
350
94
