1308
2
3
2052
4101
4103
2057
4106
10
4107
4108
12
14
2065
2066
18
2067
23
2072
24
26
4122
2075
28
29
4126
31
32
2081
4130
4131
36
4132
4133
2085
2086
39
40
4137
2090
4140
4142
2094
2095
4145
2100
4149
4150
55
4151
2103
56
4153
4154
61
4158
4160
2112
66
67
2117
4166
71
72
2121
2122
2123
2124
4172
4174
4177
2129
83
2131
4185
4186
90
4188
2140
94
2143
96
4192
4193
2147
102
4199
4203
107
2156
4204
2157
2158
4208
112
4211
116
4212
118
2166
4218
122
4220
2172
124
2173
131
135
2185
4235
4236
141
2192
2193
145
2194
146
147
153
154
2203
157
2206
4258
2211
4259
4261
2214
168
2217
2218
2220
2221
175
4272
2225
4275
4276
181
182
2231
4280
2234
186
4282
4284
2239
2241
2242
4291
195
2244
4296
2249
4298
204
205
4301
4305
210
2261
213
2263
2268
220
2269
222
223
2271
4320
4321
226
4324
229
4325
232
2286
242
2290
4339
2291
243
246
2296
249
252
4348
4350
2302
4353
2306
259
260
4357
261
4358
2313
2314
267
4366
270
4368
4369
273
274
2322
4378
2334
2335
4383
295
4392
4394
2347
4396
2348
4397
301
2350
303
4399
305
307
2355
4404
2356
309
4408
4412
316
2366
319
4417
322
323
2372
326
327
4428
4430
4432
4433
4434
2386
4435
341
4440
2394
2395
2397
2398
352
353
2401
4453
360
2410
2411
4460
364
4462
367
4466
4468
4469
374
2424
4473
2428
2429
381
382
385
4483
2436
4484
388
2439
2443
2445
4494
2449
2452
2453
406
4507
4509
2465
420
422
4519
426
2474
4523
2478
4526
433
434
4531
2483
2484
4533
437
4535
2488
2491
446
4544
2497
4547
2499
452
4550
4551
456
2505
457
2506
4554
2508
462
2512
4561
465
4562
466
2515
2518
4566
471
4567
2520
4568
2523
476
4573
4574
2528
481
4579
484
4580
4585
4588
494
2543
496
2546
499
2549
2552
504
4601
506
2556
2557
4605
511
512
4609
2561
4610
515
516
2565
4613
4615
4616
521
4620
4622
527
4623
2576
2579
532
4629
4632
4634
538
2587
2588
4637
543
544
2592
545
4641
4643
2597
4645
2600
4649
4650
555
4651
4652
556
2606
562
4660
2614
569
570
571
572
4668
2621
2626
578
4675
579
580
2628
582
4678
4679
584
4681
2633
587
4685
590
593
4691
4692
4693
603
4699
604
2652
4700
605
606
608
4704
609
2657
2658
4707
611
2660
2667
4716
621
4719
2673
2674
627
2675
4724
2676
2677
4725
632
4728
2681
634
4732
2686
2690
4739
2692
645
646
2698
4747
4748
4750
4751
4753
659
660
663
666
2714
667
668
670
4767
674
2722
2723
675
2724
2726
2727
679
680
4780
2734
4783
2737
4786
2739
692
4788
695
4792
2745
2750
702
704
4801
2754
4803
707
710
714
2762
2763
2764
4813
4814
2767
719
720
2769
4818
2770
2772
2773
4821
725
728
4826
4828
2781
4830
735
736
741
4838
2790
4839
745
2794
2801
753
4851
4852
2805
758
4856
2808
760
761
2809
2811
2812
4862
4863
772
2821
774
2824
4872
777
4875
2828
780
2829
784
785
786
4883
4884
789
4885
2838
4887
4892
4893
2845
2846
798
800
801
2850
2851
803
804
2853
808
4904
2857
2858
2861
813
2863
4913
819
821
4918
824
2874
2875
827
2878
4928
2881
833
2883
837
4934
840
845
2894
2896
2899
4947
2901
4949
2903
856
858
861
2910
865
2914
2915
4965
870
4967
4969
874
4970
875
4974
2927
881
883
4982
2935
889
4987
4992
4996
901
2953
5003
5004
2956
914
5011
918
5014
5017
2969
921
2970
2971
5020
924
5022
2974
2975
2977
2980
5029
934
5031
935
2984
5032
2988
2989
5038
5042
5044
2999
953
955
958
5056
960
962
963
5059
967
5063
5067
971
5068
3021
5074
3029
5077
3030
5080
3033
3037
3039
5089
994
3044
996
5093
3045
997
5094
998
3048
5097
1004
5103
3057
1010
3060
3061
3062
1015
5111
3067
5115
1019
1023
3074
5127
3080
1033
5132
3084
3085
5136
1042
3092
3093
5141
1046
5147
3100
1055
5153
3107
3108
5157
5158
3111
1065
1066
5165
1069
1070
1071
5167
5168
1074
1083
5181
5182
3134
1086
5184
1089
3137
3144
1096
1098
5195
1100
3148
5197
3150
1104
1111
5207
3160
1112
5210
5215
5219
1124
3172
1125
3174
1127
3175
1131
5227
1132
3181
1134
5232
3185
5234
3187
1139
1140
5237
5238
1143
5239
3192
3193
5242
5243
3198
5248
5252
3204
5253
5257
3210
5259
1167
5264
3216
5266
3219
5268
1174
5270
3224
1177
1178
1180
3229
1181
1182
5279
3232
1186
3234
5283
5286
5287
3240
3241
5289
5291
1199
3248
1200
1201
5298
3251
3252
1205
1206
1207
3256
5307
3260
5309
3263
5311
5312
1217
5316
1221
1223
3271
3272
1226
3274
5323
1232
1234
1235
1236
5334
5335
1241
3289
3292
3293
5343
1247
3295
3297
5346
1251
5347
1255
1256
1258
3307
1260
1263
1266
1268
5365
3320
5370
5372
1278
3326
3327
1279
5377
1281
3331
1284
5382
1292
3340
5389
5391
1298
5395
3348
5397
5398
3350
1302
1303
5401
1307
1308
1310
3358
5406
5410
1314
5411
1315
3363
1317
1318
1319
1320
5417
3370
1324
5421
1326
5422
1327
3375
3376
5425
3377
3380
1332
5429
1334
3384
3388
5436
5440
5441
3394
5443
5444
3397
3398
5446
1350
5447
3400
1352
3401
3402
3403
1355
5452
3405
5454
5456
3410
1362
3411
3413
3414
3415
1372
5468
5469
3422
1375
5472
3425
1377
5474
3428
1381
1382
5479
1383
5483
5484
1389
1391
1392
5488
3442
3443
1396
5493
5494
5496
5498
3451
1406
1410
3458
5508
3465
5513
1421
5519
3471
1424
5523
1427
3477
3478
1431
1432
5528
3481
1434
1436
1437
1440
5537
3490
3493
5542
1446
5544
3507
5555
1460
1461
1462
3510
5560
3515
1469
5566
1475
3523
1478
5574
1480
1481
5578
1483
3532
1488
3537
3539
1492
1493
3545
3548
1500
1503
3553
3554
1507
1509
1510
3561
3563
3565
1519
1524
1525
1527
3577
1530
3579
1531
1532
1533
3581
1535
3585
1537
1540
3589
1543
1544
3593
3594
3595
1548
3597
1550
1551
3599
1554
3606
3607
1563
3612
3613
1565
1566
1569
3618
1570
1571
1573
3627
3628
3629
1582
3633
1587
3638
3639
1594
3646
1598
3650
1609
3660
1614
3662
3664
3666
1619
1620
3669
3676
3677
1631
1633
3683
1636
3686
3690
1644
3693
1647
1648
1649
1653
1655
1656
3709
1661
3716
3719
1671
1673
3722
1676
3726
1679
3728
3730
1683
3732
1688
3738
1692
3743
1698
1699
1700
1701
3749
3752
1707
3757
1712
3763
3765
1718
1720
3770
1723
1724
3777
3778
3786
1742
3792
3795
3798
3806
3810
1763
1764
3813
1766
3814
3816
3818
1771
1775
3826
1778
3828
1781
3837
3838
3839
3841
3844
3847
3848
3851
1809
3859
3862
1815
1816
3865
1819
1823
3873
3877
1830
3879
1834
1840
3890
3891
1844
3893
3894
3897
1851
3901
3907
1864
1865
3913
3914
3915
3917
1870
1871
1872
1874
1879
3927
1882
3934
1886
1895
1896
3948
1902
1904
3953
1905
1907
3965
1920
3970
3971
3973
3979
3983
3984
3987
1941
3995
3997
3999
1953
4004
4005
1960
1961
1963
1964
1966
4016
4017
1975
1981
4029
1982
4034
1988
4037
1989
1990
4041
1994
4045
1998
4046
4047
2000
4053
2007
4055
4058
2013
2014
4063
2018
4066
2022
2025
4073
2028
4078
2031
4082
2036
4084
2037
4086
2039
2040
4088
2043
2045
2046
30
386
323
68
132
330
13
276
277
24
344
280
26
282
220
348
92
413
29
287
100
230
102
300
175
178
247
121
380
316
61
