997
0
3
4100
4107
4108
2060
2064
18
4116
2075
2078
4126
31
2083
4131
2084
4132
2085
4133
39
40
4139
44
4142
4145
55
4153
4154
2110
2112
66
67
2123
4172
79
2129
4181
4183
89
4186
4188
95
96
99
2149
4197
102
4202
4203
2157
4207
112
4213
2165
118
2167
122
124
2173
2175
128
131
4234
2188
142
2192
2193
147
148
4245
4247
2200
153
154
2204
157
2209
2214
166
173
4272
178
181
182
2234
188
4284
2237
193
4290
2242
4291
2244
197
2247
4296
201
4298
2252
204
4301
207
210
2259
220
221
2271
2272
4320
4321
226
4324
229
4326
2283
2284
4333
2286
4338
242
243
4344
2296
248
4348
2302
255
256
2306
4358
2312
2313
2316
270
273
2322
275
282
2335
290
293
2342
4392
4394
4397
303
4399
305
306
4403
2355
307
2361
313
4409
314
316
2366
4414
318
4415
320
4417
2371
2372
327
328
4425
4428
333
2382
4431
2383
2385
4434
4440
2397
352
353
2403
2409
2410
2411
4461
366
4466
2419
371
4469
2424
4472
377
2428
4480
4483
2436
2437
4486
4489
395
2443
2445
398
4496
2449
2452
409
410
4507
414
2465
2467
420
423
4519
4526
431
2485
437
2486
438
2488
4537
2491
2495
4544
2496
449
2501
4551
456
2505
457
4554
2507
4561
4562
2514
4563
2518
2520
4568
2523
476
479
2528
4576
4579
484
2532
485
4586
4588
494
2543
496
4596
2549
4598
506
4603
508
4604
2557
511
512
2560
4614
2568
4616
2569
4620
2573
4622
532
536
4632
4633
538
4636
540
4637
2591
2592
4641
2596
549
550
4648
553
4649
4650
556
4652
4660
2616
4666
571
2621
4669
575
2623
4672
4677
585
2633
4685
591
593
2641
2642
4691
2643
4692
4693
603
606
2655
608
4705
4706
611
612
615
623
2672
4722
4723
2676
2677
4728
4732
2693
647
4747
2700
4750
2704
4753
2706
659
4760
2714
666
668
2717
2722
674
2723
2724
2734
686
4783
692
2741
2742
695
2745
697
4795
699
702
4801
2755
4803
708
2757
709
4806
710
2760
2762
2763
2767
4815
2768
720
2772
724
725
2776
730
4826
2780
2781
4830
2784
4836
4838
742
745
4843
749
2799
753
4849
756
758
4856
2809
4863
767
771
772
2820
4872
777
4873
784
786
789
4887
2842
798
799
801
803
804
4901
4904
2856
4906
812
4910
2863
4913
4917
4918
823
824
825
2874
4928
2883
837
4934
4935
840
4936
4937
843
845
4947
4949
854
2902
2903
856
2905
4953
4954
859
4956
861
864
2914
2916
4964
870
4967
4969
874
4970
4971
875
2924
4974
879
2927
881
883
4980
4982
4983
2937
4987
2941
2947
5000
2953
912
5009
914
919
5016
5017
2971
5022
2975
2977
931
2980
5029
934
5031
5035
2988
2989
942
5039
943
2992
2995
948
2998
2999
953
3002
5053
957
958
960
963
5062
971
3023
5078
3030
3033
3034
5085
5087
3043
5093
3048
1003
5104
3057
1010
3060
1012
3061
1014
5117
3074
5127
3083
1036
5132
5134
1041
3091
5139
3092
3093
5147
3099
3100
3101
1055
1056
5153
1057
3107
1060
3108
5158
1065
1068
5165
3117
1071
1073
5169
1074
1076
1079
5177
3129
5180
1085
1086
1088
3136
1089
1090
3139
5192
1098
5195
3148
1111
5207
1112
1114
5214
1118
5215
5216
5219
3173
5227
3181
3182
3183
5232
3185
1137
1139
1140
1141
3190
5238
5239
5241
5243
3199
1151
5250
5251
3204
1168
3216
3217
5266
3219
3225
1179
3229
5277
1182
3234
3238
5286
5287
1192
3241
3247
1200
1201
5298
3252
1206
1209
5307
5311
3267
1222
1224
5323
5329
1235
5334
1241
5337
3292
5341
5342
5343
3295
5346
1251
1255
1260
1266
1268
5364
3322
5372
3325
5374
3326
3327
1281
5377
5378
3330
3331
5379
1284
5380
5382
3339
5389
1293
1296
5392
3346
1299
5398
1303
5400
3358
1310
1315
1318
5416
1320
3370
5421
5422
1326
3374
5423
5425
5426
1332
3380
1335
5434
5436
5439
5440
5441
1346
1347
1348
1349
5447
3400
5449
3402
1355
5454
5456
1362
3410
3411
3414
1370
5466
5469
3422
1375
1376
1377
1381
1382
3433
1387
1389
1392
5488
1393
5493
1398
5496
5499
3460
5509
3461
3467
5519
1424
3475
3476
3477
3480
1433
1434
5531
1441
5538
1446
1448
3497
1451
1452
3504
5553
5555
3507
1460
1461
3509
3510
5560
5561
1469
5569
5572
3526
5574
5576
3530
5578
3537
1489
3539
1492
3547
1500
1501
3549
1505
3562
1519
1521
3569
3571
1523
3572
1525
1528
3577
1532
3580
1533
3583
1535
3585
1540
1543
3593
3595
3597
1550
3599
1560
3612
1565
3626
3627
1582
3633
3637
3638
1594
3643
3645
1598
3653
3656
3658
1614
3663
3664
3665
3666
3668
1620
3672
3674
3677
3680
3687
3692
1648
1657
3707
1660
3709
1662
3711
1664
3714
3716
3719
1673
3727
1680
3730
1683
3732
1685
1689
3738
1690
1691
3741
3742
1699
3748
3749
1701
3750
3752
1704
3753
3754
3760
3763
3765
1720
3769
1723
3777
1732
3781
1742
3791
1743
3792
3793
3795
3800
3806
1760
3811
3813
3818
3820
1775
1777
3826
1778
1781
3829
3838
1791
3839
1802
1810
3860
1813
3861
3862
1815
1816
3865
1819
1823
3873
3877
3879
1837
3891
3895
3896
1854
1858
3907
3908
3911
3914
1867
3915
1870
1872
1873
1874
1882
1891
3941
3945
3948
1902
1904
3954
1909
3958
1915
3964
3965
3970
3976
3980
1936
3987
3992
3996
3997
1950
1952
1953
1956
4005
4009
1963
4016
1972
4020
4025
1982
4031
4034
1989
4037
1990
1999
4047
2001
4051
2004
4052
2005
4055
4056
4060
4062
2017
4066
4067
2020
2021
2022
2023
4071
4073
2028
2033
2035
2036
2037
2043
2045
4093
24
128
257
132
40
168
297
139
76
142
206
175
178
148
213
310
88
344
121
409
346
251
92
412
126
