233
1025
2
3
515
1030
2057
15
2065
1043
532
547
1060
548
1061
1573
39
1578
44
1581
45
558
50
564
56
1595
1084
1085
573
1086
68
581
70
1608
585
74
1098
1611
587
1100
77
81
1106
1619
1108
87
1624
1112
1114
604
96
1121
1636
1637
102
1639
105
617
1132
1135
113
119
633
634
635
124
1152
645
134
136
137
140
142
1168
1172
1686
1176
665
1690
668
1693
1696
160
1185
674
1702
1192
170
173
183
1720
1721
186
1726
1730
709
711
1735
200
716
1745
1746
723
1747
1748
1751
727
1752
218
1243
1245
222
224
1249
227
1769
745
746
754
755
250
1792
1281
772
773
1798
1289
271
1812
1813
277
790
1303
1818
1307
1310
805
1830
1318
299
301
1838
1327
1329
1331
309
823
830
1855
1348
1860
325
1350
1351
1356
1868
332
333
1872
1365
860
1373
863
1381
870
874
363
1389
1901
1393
1394
1910
1915
379
383
1408
897
1412
1927
905
395
1931
1428
407
408
1944
1945
409
1435
412
1437
417
1444
932
933
1446
1960
1452
942
434
946
439
954
956
446
1471
448
962
964
1477
456
969
458
461
974
465
467
980
477
479
2016
481
2023
1511
2025
1002
1009
498
1011
2036
1525
1527
506
1021
16
32
2
4
5
71
44
76
19
83
149
55
152
154
122
94
158
