260
1025
1538
2
515
3
2052
6
1545
1034
11
1550
15
1043
532
1046
537
544
545
547
548
1060
558
1585
50
54
1080
56
1595
571
572
1085
1086
1599
1089
67
579
68
581
70
1095
1608
74
1611
587
81
593
1108
87
1624
600
604
605
96
98
611
99
1123
1636
614
1639
105
617
618
107
108
1132
1644
627
1143
1145
633
634
124
131
645
1671
1672
1673
650
139
142
1679
1168
1684
1685
149
665
667
668
670
671
1183
160
1186
1702
170
1707
688
183
1721
186
699
1727
1730
707
1220
709
1222
711
1735
200
712
716
204
1745
209
722
1746
211
723
727
1242
1755
1243
222
224
230
1767
1769
745
234
1775
241
1792
1281
258
772
773
1803
782
1294
1807
787
1811
1812
1813
789
790
1303
1818
1307
1822
1313
1830
1318
299
1324
1838
819
1331
309
1333
823
316
1853
1855
1344
1860
325
1350
326
1351
1352
843
331
1360
1872
849
1876
343
1879
859
860
1373
1890
873
874
362
363
1900
876
367
1907
1908
372
1397
1398
1912
1400
893
897
1412
1926
1927
1929
395
1422
1939
1428
1944
1435
412
1437
415
1441
417
1444
932
421
1957
933
1446
934
1960
1963
1452
1454
944
434
1974
439
1977
954
1467
1469
1471
960
452
964
456
969
458
461
1998
464
980
470
480
2016
2018
2023
489
2025
1002
1525
1526
1527
506
507
1532
17
32
96
33
100
5
71
135
44
76
142
111
119
55
56
57
94
63
