221
1536
2
3
6
1545
1034
1550
15
1043
532
1046
544
547
1581
558
561
1585
50
54
56
1595
571
1085
573
1086
1600
1089
1603
68
580
1605
581
70
1095
1096
74
587
1108
87
600
1625
92
604
606
96
98
611
99
1636
102
1639
105
617
107
1644
1132
1133
627
1143
634
124
1668
1156
132
646
1672
649
142
1680
1168
1170
1172
1684
149
665
667
157
670
160
1185
674
1703
1192
170
1706
173
1721
699
1730
1220
1222
1735
1223
200
204
716
206
1745
722
211
723
727
1752
218
1243
222
1247
224
1251
1767
745
1773
241
1792
1281
772
773
776
1803
1812
277
1813
790
1303
1818
1307
1820
1822
1310
1824
1830
1318
807
299
1324
1838
1331
309
1334
823
1855
1344
1856
1860
325
1350
326
1351
1352
331
1359
1872
1876
852
1879
343
860
1373
1385
362
367
1392
1398
383
1408
897
1412
1926
1927
1417
1418
395
1939
916
1428
1944
1435
412
1437
415
417
932
1957
933
1446
1960
1452
942
434
948
439
954
1978
1467
1471
964
456
969
1481
457
461
1998
2001
980
472
2014
480
2016
2018
2023
2025
1002
2036
1013
1525
1527
504
506
1530
507
1532
14
96
32
129
37
71
8
76
44
111
83
149
119
57
94
