301
2049
2
1538
515
3
1029
6
1545
522
1550
2062
15
2065
1043
544
33
545
36
548
1060
1065
1577
44
558
1070
1585
1587
54
571
572
573
1085
1086
1600
1088
1601
1089
1602
579
68
580
581
1605
70
1606
1608
1096
585
1098
74
587
1100
77
589
1617
81
87
1624
600
1114
604
92
606
98
611
99
1123
1636
614
1639
105
617
1129
618
107
1131
1644
1132
1133
113
627
115
1143
1145
635
124
645
134
1671
138
1675
142
1168
1680
657
1171
149
1687
665
667
1693
670
1183
1695
1702
1192
170
1707
174
177
695
1721
1210
699
1726
1727
1216
194
707
197
1222
711
712
200
714
716
1745
722
723
727
215
1243
222
224
1763
1251
1769
745
746
1775
241
242
1792
1795
772
1285
773
263
776
265
1289
1803
1291
782
787
790
1303
793
1818
1307
1313
290
806
299
1324
300
1327
1841
1330
307
1331
309
1334
1848
1849
316
1853
830
1344
1856
1860
837
325
1349
326
1350
328
1352
843
1868
1872
849
1876
852
1877
1365
1879
859
863
1891
868
1381
361
874
1388
1900
876
879
1392
880
1393
369
370
372
887
1401
1402
1916
897
1922
1412
1924
1926
1927
1931
395
1420
1422
1425
914
1939
916
1428
1944
1435
1437
927
415
417
1442
418
1444
932
933
935
1960
938
1452
941
1454
434
1459
436
948
439
440
953
954
1469
1471
960
448
1986
1987
964
458
1483
1997
974
465
467
980
982
477
480
481
2018
998
2023
488
2025
1001
2026
1002
1006
1009
497
2033
498
1012
1525
2038
1527
504
1017
506
1530
1020
1532
1021
509
18
96
37
135
39
43
44
76
79
146
114
119
56
154
122
93
94
95
127
