341
1025
2049
2
3
515
1030
6
1544
522
2058
1034
11
15
2065
529
531
1043
532
534
542
544
1570
547
548
1060
1061
1574
1066
1578
44
1581
45
558
1585
564
54
55
56
1082
571
1595
1085
573
1086
1599
1600
578
67
1603
579
68
580
581
1605
1093
70
1608
584
1096
73
1098
1100
589
77
81
1106
1619
1108
87
1624
1112
600
1114
602
1116
92
611
1636
1125
617
107
1644
622
1135
113
1650
627
118
1143
1656
634
635
1152
1668
645
1160
136
1672
648
137
138
139
1167
1168
1680
146
1170
1172
1684
1173
149
1686
1176
665
1690
668
1693
670
671
160
1703
170
173
174
178
1714
691
1716
1206
1720
1210
699
702
1727
192
1730
707
1220
709
1735
711
1224
716
1745
722
723
1748
1238
727
1752
1242
218
1754
1243
732
220
1758
224
1248
1249
225
739
227
1251
229
1767
1769
745
1770
754
755
244
250
766
1793
1281
258
1795
1285
1798
262
775
776
1289
1803
270
782
787
1812
277
789
1813
790
1303
793
1818
1820
1822
287
1824
1318
1830
299
811
1324
1838
1326
1329
1330
1331
1333
309
1334
823
1336
1339
830
1855
1344
832
1856
1857
1860
325
1349
837
326
1350
1351
1866
331
1868
332
333
334
1359
1361
852
1876
1877
1878
1879
855
1884
860
1373
863
1380
1897
1385
874
362
363
875
1388
1901
1392
880
370
372
1909
1910
380
383
1408
897
1922
1926
1927
1929
1418
395
397
1426
1939
916
1943
1944
408
1945
409
412
1437
415
417
1442
1443
932
421
933
1446
1960
1963
1452
942
1454
434
946
439
1978
956
446
1471
960
448
1986
964
1477
456
969
1483
974
1998
467
980
470
982
479
2015
481
2018
483
2023
999
2025
1513
1002
2026
491
493
1008
1009
498
1013
1525
1527
2040
506
1530
1532
1021
20
32
4
37
71
8
43
142
143
111
81
83
51
19
117
119
152
122
27
94
158
