222
1025
1538
3
6
1034
522
2058
15
2065
18
1043
532
1046
545
547
548
1060
1578
558
1585
50
54
56
1595
571
1086
1603
68
70
1095
1608
74
587
81
1108
1624
600
1114
604
605
96
611
1636
100
102
1639
105
617
107
1132
108
113
627
115
629
634
635
124
1666
1668
1156
132
645
1672
649
138
142
1679
1168
1684
1172
149
665
670
160
1185
674
1702
170
173
1710
1715
1721
698
699
1730
1220
1222
1735
711
714
202
716
1745
722
723
1748
727
1752
1755
1243
1245
222
224
1252
1767
745
1769
1792
1281
772
773
1798
1289
1292
1807
787
789
277
1813
790
1303
793
1818
1820
1822
1310
805
1830
1318
1321
811
1324
1838
819
1334
823
1338
1855
1344
1860
325
1349
326
1350
1351
331
1356
1359
1872
849
852
1365
1877
343
1879
860
863
868
362
874
363
1900
876
1388
880
370
1912
379
383
1408
1412
1926
1927
395
397
1939
1427
1428
1944
412
1437
417
932
1956
933
1446
1960
942
1454
1459
439
440
954
1467
1471
448
962
456
969
458
461
1998
974
2001
467
980
2016
480
2018
2023
2025
1002
1517
498
2036
1525
1013
1527
1532
509
2047
13
32
67
71
135
43
44
76
111
83
149
119
122
63
