241
1026
515
3
2052
6
1034
15
1043
532
544
545
547
1061
1066
44
558
50
564
1590
54
56
1082
1595
571
1085
64
1600
1603
67
580
68
1093
1605
70
1095
1096
1608
1611
587
81
1108
87
1624
600
92
604
605
606
96
98
1122
99
611
1123
614
1639
105
618
107
1644
1132
1133
622
1136
627
1143
1145
633
634
124
1668
645
134
1671
1672
650
142
1680
1168
1171
1172
1684
665
667
1693
670
160
674
170
173
183
1721
186
1210
699
192
1216
1730
707
1220
709
1222
711
1735
200
712
204
716
1745
722
723
1747
1748
727
224
225
745
1775
241
1781
1792
1281
258
1795
773
776
265
1803
1809
787
1811
1812
789
1813
277
790
1303
1818
1820
1822
1313
805
1830
1318
811
1324
301
1838
820
309
1334
823
1853
1855
1344
1860
325
326
1350
1351
331
843
1868
1359
1876
852
1879
343
859
860
353
1890
868
870
1385
362
876
367
1392
370
372
1400
383
1408
897
1922
1926
1927
395
1939
916
1428
1944
1435
412
414
415
417
1441
1444
932
1956
933
934
1447
935
1960
1963
1452
942
1454
944
439
953
954
1467
1469
1471
960
1986
456
969
458
1998
980
1493
477
480
2018
2023
2025
2026
1002
1006
1011
1525
1527
1530
506
507
1532
14
96
32
0
37
5
71
104
44
111
83
55
119
56
95
