315
1026
1538
515
3
1540
1030
1542
522
523
2062
15
1043
532
540
31
544
33
1570
547
1060
36
1061
38
1575
552
1577
1578
1066
44
45
558
1070
47
1585
50
564
54
55
56
1082
1595
571
1085
573
1086
64
576
67
68
1604
580
70
1606
1608
585
1098
1611
589
1614
81
1106
1108
87
1112
1624
1114
1116
604
605
1120
611
1636
1125
1639
105
618
107
1644
1132
1133
622
1135
627
1656
633
1145
634
636
124
1152
1668
1671
650
138
142
1168
1170
1171
1172
1684
149
1687
1176
665
667
156
670
671
160
674
1702
1703
170
173
174
687
178
1716
1206
695
1721
699
1216
1730
707
197
709
1222
1735
711
200
712
716
722
1747
723
1748
214
1239
1752
218
1243
732
222
739
1768
1769
745
233
1775
754
250
766
1792
1281
1795
772
1285
773
776
1289
1809
273
787
1812
1813
789
277
790
793
1818
1820
1822
1313
1314
805
1830
1318
807
1831
299
300
1324
1838
1329
820
309
1333
1334
823
1853
1855
1344
1860
837
1349
325
1350
1351
328
1353
1866
1868
332
1356
1361
338
852
1876
1877
854
1879
859
860
352
353
1890
1891
359
874
1388
876
1901
880
370
372
887
383
1408
1922
1411
1924
1412
1926
1927
1417
1418
395
1422
1425
1939
916
1944
1435
412
1437
1438
415
417
1442
932
1444
1956
421
933
934
1446
935
423
1447
1960
938
1451
1963
1452
428
941
1453
942
944
947
439
440
953
1978
954
1467
956
1470
1471
960
1986
456
969
458
461
467
980
2005
477
1501
2016
1505
993
2018
483
1508
997
2023
1511
1001
1002
1006
2033
1009
1011
1525
1527
1015
2040
506
2042
1532
2044
509
19
32
5
71
104
8
43
44
83
19
117
119
56
25
153
91
93
157
158
95
