252
1025
2
3
515
6
2056
523
14
1043
2067
544
545
33
547
36
548
1061
550
39
1581
1070
558
1585
564
54
56
1081
1595
1086
67
579
68
581
1095
1608
74
1611
587
1100
77
589
81
1108
87
1624
602
604
1630
96
1121
99
1636
1637
614
1639
105
617
618
108
1132
1133
1650
627
1145
633
634
124
1660
637
1661
132
645
134
1671
135
649
137
138
650
142
1168
146
1172
149
1686
1176
1689
665
1690
668
1693
670
1183
160
674
1702
1192
170
173
696
1721
699
1212
703
709
1222
711
1735
1736
712
200
1224
1737
1738
716
1745
1237
727
1243
222
224
739
745
1769
234
1775
1272
1792
1281
1285
773
1803
782
277
1813
790
1818
1307
1820
1313
1830
811
299
1324
1838
303
1331
307
309
1335
830
1855
1860
1348
1349
837
325
1350
1352
328
1868
333
1872
849
340
1876
1878
1879
1880
856
1371
860
1373
1379
868
1380
361
874
363
1900
372
885
887
891
379
1404
383
1408
897
1411
899
1412
391
1927
1422
399
1428
1944
408
409
1946
1434
1435
1437
417
1441
1442
1444
932
420
1956
933
1445
1446
1959
1960
936
938
1452
942
1454
944
434
1974
439
954
443
956
1469
1471
960
962
451
964
969
457
458
1483
461
980
477
1503
480
2023
1002
2027
1519
1009
1527
506
1532
509
17
65
98
131
4
5
135
71
72
43
44
76
144
114
83
19
56
94
