245
1025
1538
2
515
3
2052
6
1030
522
1550
15
2067
1043
534
542
544
547
548
1060
39
1577
1066
1581
45
1070
46
558
1585
1589
54
55
571
1595
1085
1086
1599
1600
67
68
580
1608
584
74
1098
587
1100
589
81
1106
87
1624
1112
1625
1114
604
1116
1120
1121
611
1636
1125
102
1639
617
107
1644
1132
1135
1136
627
629
1143
1655
634
124
1152
132
645
1160
649
139
141
142
1679
1168
657
146
1172
149
1687
665
1690
1693
1185
170
174
178
695
183
1721
1210
699
1730
707
1735
1224
716
1745
722
723
727
1752
218
1242
1243
1245
222
224
1249
739
745
1769
234
1773
240
754
244
1780
250
766
1792
1795
772
773
1285
1803
268
782
273
1809
1812
1813
790
1303
1314
1830
299
300
1838
1329
1330
309
1334
823
1336
1339
1344
1857
1348
1860
325
326
1351
1356
332
1872
849
852
1878
1879
860
1373
1897
1900
1901
1909
379
380
897
1922
1411
1412
1926
1927
393
395
1420
1933
1426
1939
1428
408
1944
409
412
1437
415
417
1443
932
1444
933
421
1446
1960
1963
1452
941
1454
439
953
954
1467
1471
962
964
456
457
969
458
1483
461
2001
467
980
470
480
2016
2018
483
2023
488
2025
1513
1001
489
1002
493
2036
1525
1013
1527
506
1531
1532
15
32
4
135
71
76
142
81
115
51
148
149
119
55
93
158
