1086
4101
4103
4107
12
4108
2065
2066
4117
2069
23
25
2075
28
4126
4127
4130
4131
35
4133
38
39
40
4137
41
2090
4142
4145
55
2103
56
4154
4158
4160
2112
67
4166
71
2122
2124
78
4177
2131
83
89
4186
90
2140
2142
95
2147
4197
2149
102
4203
4205
110
2158
2160
4208
113
2163
2166
2171
2172
125
2173
128
129
4225
4228
2181
134
135
2185
4234
4236
142
4239
4241
2194
147
2197
4245
2206
2208
4261
2214
166
168
4264
4267
2220
173
4271
4272
2225
4274
4276
2228
184
2234
4284
2238
2240
2241
4290
4291
195
197
4296
2249
4298
2250
204
205
2256
2261
4309
2265
2268
222
2271
223
2272
4320
4321
226
4324
229
2282
4331
4332
2284
2286
239
4337
2290
242
4338
248
2296
249
2300
253
4350
2302
256
2306
258
4356
4358
2313
267
4364
270
2318
4374
4378
2333
2334
2335
2342
295
4392
2347
4396
301
303
2355
4407
4408
2361
316
2366
4415
4417
322
327
2375
4425
333
4430
4432
337
4434
2386
342
4439
4440
2394
2395
352
2406
4455
2410
2411
363
4459
4460
4466
2418
4468
379
2428
4476
2432
385
386
2436
4486
4489
2443
2445
4494
398
4496
2449
4499
2452
2453
407
408
2462
4510
4515
420
422
4519
426
433
2484
437
2485
2488
2491
446
448
4547
452
2501
4550
4551
2504
2505
2506
4554
465
4561
4562
4563
471
2520
2523
476
4573
4574
479
2528
484
4580
4582
494
2543
496
499
4595
4596
501
4598
4599
2552
504
506
4603
2556
2557
4610
4613
4615
4616
2568
2572
4622
529
2579
4628
532
537
2588
4637
4638
543
2592
545
4641
4643
2596
552
4648
4649
4650
554
2605
2608
562
4660
2614
570
4668
2621
2622
2624
4672
4673
578
4675
580
2628
2629
582
4681
593
2641
594
4691
2643
2645
4693
600
4699
603
2651
604
2652
605
4701
4704
2657
2661
4714
2667
2669
4717
2672
2673
2674
627
4723
2676
2677
4727
632
2681
634
4732
2686
2690
4739
643
2692
4741
646
4747
4750
4751
2704
4752
4753
659
4758
2714
667
668
4765
674
675
2723
2724
2726
679
4778
2734
2742
695
4792
2745
4795
700
2750
702
2751
4801
2754
4803
708
710
2762
4810
4811
4814
4815
2767
2768
721
4818
4821
2776
4830
735
2784
4835
2788
2789
4838
743
746
4842
4843
748
2801
4849
753
4851
757
2805
758
760
761
762
763
4859
2812
771
772
2820
2821
2822
4872
4874
4875
780
2828
2829
783
784
786
788
4884
4886
2838
4887
2841
797
2846
798
800
801
802
803
2852
804
2854
807
2855
808
2856
2861
4910
2864
4913
819
821
4918
824
825
2873
4921
827
2877
2878
4928
2882
835
4931
2883
837
4937
843
845
4949
2903
856
4954
859
2908
861
2910
864
865
866
2914
2916
4965
4967
4970
874
875
877
2927
2930
4982
4983
889
891
2944
4994
5000
906
907
5004
914
919
5016
5017
921
2969
2970
5022
5025
2978
5026
2979
2980
932
934
5031
936
5032
5034
5035
2987
2989
942
5038
5039
943
2992
2993
2994
947
5044
2997
5046
5047
953
962
5063
5064
5072
5074
3029
5077
981
5078
3030
982
3034
988
5085
990
5086
5087
3039
3040
994
3043
3044
996
3045
5093
998
5094
3046
5095
3048
1004
3054
5103
1010
3060
1013
5111
1015
5115
1019
3070
1023
3071
1024
1031
3084
3090
1042
3091
3092
5141
3093
1050
3100
3101
1056
5153
1057
3107
1060
5157
1063
1065
3115
1069
5165
5166
5167
5168
1073
3124
1085
5182
1086
3134
1088
1089
3137
3139
1094
1096
5192
5193
1097
5194
1098
1111
3159
5207
3160
5210
1115
5214
5217
5219
1124
3174
1129
5225
5226
1131
5227
3181
1134
3187
1139
5235
5237
3189
1143
1145
5242
5248
5250
3204
5252
5253
1160
5259
3217
1174
3222
1177
3228
1182
5279
3234
5287
3240
3244
1200
3251
3252
5301
1207
3256
3259
5307
3260
5309
3267
5316
3270
1224
3274
5323
3279
1235
5332
5334
5335
1241
3292
3293
3295
1251
3300
1256
1260
1263
1268
5365
3320
5372
3326
3327
1279
1281
5377
3329
3330
3331
5382
5385
1292
5391
5395
3350
1302
5400
5401
1308
3358
1310
1311
1315
3365
1317
3366
1319
5417
3370
3372
5421
5422
1326
3376
5425
3377
1332
3380
5429
1334
3388
5436
5438
5440
3393
5441
3394
3397
5447
1351
1352
3401
3402
1355
1357
5453
3405
5456
3410
1362
5458
3412
3413
3414
3415
5469
1374
1375
1377
3428
5477
1382
1383
1384
1385
5483
5484
1394
5490
1395
1398
5494
3448
5496
5500
5505
3461
3465
3466
1420
3469
1421
5519
1424
5523
3478
5528
1433
1434
1436
1437
5534
1441
5538
3492
3493
5542
1446
5546
1452
1454
5555
1462
3510
1463
5560
3513
5561
3514
1467
5566
5569
1473
1474
3523
1475
5574
1478
5576
3530
3531
3532
3539
1491
1492
3541
1496
3545
1500
3549
3551
3559
1513
3562
3566
1519
3569
3571
1527
1528
3577
3580
1532
1533
3581
3585
3587
1540
3589
1544
3593
3595
3596
1548
1550
3599
1552
1554
1560
1563
3613
1569
1571
1576
3626
3627
3629
1582
3633
1587
1588
3638
3639
1594
1596
3644
1599
3648
3650
3660
1614
3666
1619
1620
3668
3670
3672
1626
3676
3677
3680
3682
1636
1637
3691
3692
1644
3693
1647
1648
3697
3698
1656
1657
3707
1660
1662
3711
1663
1664
3712
3717
3719
1672
3722
3728
3730
1683
3738
1691
1692
1699
1700
3749
3750
1703
3751
3752
1707
3757
1718
1720
3770
1722
1723
1724
1730
3786
3793
3798
3810
1764
1766
3816
1775
3826
1779
3828
1781
1783
3834
1786
3837
3838
1792
3841
3842
3848
3854
1816
3865
1823
3873
1826
1829
3877
1830
1838
1840
3890
1844
3894
1849
3897
1851
3900
3901
3908
1865
3914
1867
3917
1870
1873
3934
1898
1902
3951
1904
1905
1909
3958
1914
1915
3965
1920
3978
3980
1935
3983
3984
3985
3987
1943
3991
1948
3997
3999
1951
4002
4003
1955
4004
4007
1960
4009
1961
1963
4016
1973
4029
1982
1984
4034
4035
1990
4039
1991
1993
1994
1998
1999
2003
4052
2004
4053
2011
4062
2015
4063
4066
2018
4067
2020
2022
2023
4072
4073
2028
2031
2033
4082
2036
2037
2043
2044
2045
2046
20
0
225
161
323
132
100
229
102
230
199
395
203
396
274
121
251
92
316
380
255
