1270
2
3
4101
2053
4103
2057
4106
2058
4108
14
2065
18
2067
23
24
25
2075
27
4123
28
2076
2077
4126
4127
4130
4131
36
4132
4133
38
4135
39
41
2090
2092
4140
4142
2094
4146
4147
2100
55
2103
56
4153
2112
67
2115
71
2121
2122
2123
4172
4174
4175
4177
2129
82
2131
89
2138
4186
90
2140
4188
2143
96
98
2147
4196
102
4199
4200
4202
107
4203
2155
4206
2158
4208
113
115
4213
2166
122
4218
2171
124
125
2173
4223
129
4227
4228
4231
2183
4236
2189
141
4239
4241
145
147
4248
2201
153
4251
157
159
2208
4257
2211
4261
2214
168
4264
2217
2219
2220
2221
4272
178
4275
2231
184
4280
185
2234
4284
2239
193
2241
2242
195
4291
2247
2249
201
2250
4298
4299
204
207
210
213
4309
2264
2265
2268
223
4320
2272
4321
226
4324
4329
4333
2285
2286
241
242
2290
2296
248
249
250
252
4348
253
2302
4350
256
2306
4354
4358
2313
4364
2316
270
2318
4366
4369
4370
277
4378
284
2333
2334
4388
2342
4395
4396
4398
303
2352
2355
2356
2357
309
316
4412
4413
2366
318
4415
4417
322
4420
2372
327
330
4430
2383
4431
4432
2384
2386
4434
4435
342
4438
344
2393
345
2394
4443
2395
2396
2397
2399
352
2401
2403
357
4453
2406
2407
2408
361
2410
4458
4459
2411
4460
2414
4462
4465
4468
372
2422
4472
4473
2426
379
4476
2428
4477
382
4478
383
4480
385
2434
2435
4484
2436
394
2443
2445
4494
2449
4499
2452
405
407
414
2462
420
4519
4520
426
2474
429
430
2478
2484
437
2488
2490
2491
443
2493
446
4544
449
2499
452
2501
4550
454
4551
457
4553
4554
2507
4556
2508
2509
2513
465
4562
4563
469
471
4567
2520
2523
476
4574
2528
2529
4579
483
484
4580
4582
4588
492
493
2543
2546
501
4599
504
4600
506
2556
4606
511
512
4609
516
4613
4614
4615
2568
4616
522
523
2572
4623
2577
530
4628
532
534
2582
2584
537
538
4637
4638
2592
544
4641
4643
4645
4649
4650
554
4651
2605
2606
558
2607
2608
4660
2612
4666
570
572
2621
2622
574
2624
4673
578
580
2629
582
4680
587
4683
2635
4685
593
4689
4690
4691
4692
4693
4694
4697
2651
603
4699
604
605
4701
2655
4704
2657
609
611
4712
2665
4713
4714
4716
4719
2674
627
2676
2677
4728
634
4732
4738
4739
2692
4741
645
649
4747
653
4751
2704
659
4756
661
2712
2714
2715
667
668
4767
2724
2726
679
2727
4777
683
2731
2734
686
687
688
4786
2739
2741
4789
694
695
2745
699
4795
700
2750
704
2754
4803
4806
710
712
4810
2762
4811
716
4813
4814
2766
719
4815
2767
721
723
2772
4821
2773
2776
729
4830
735
2784
741
4837
4839
4840
2792
4842
748
4849
2801
753
4851
762
4859
765
4863
2817
771
772
4868
4869
2821
2823
4872
2824
4874
778
4875
780
4878
4880
786
2834
788
4884
790
4886
4887
2841
4892
797
2848
803
2851
4899
2855
807
2856
2859
2863
2864
4913
819
821
824
825
4921
2873
2874
2878
831
833
2883
4934
840
4937
843
2891
844
845
4944
2896
2901
856
4952
2906
2908
861
864
2914
4964
868
4966
870
4969
4970
874
875
2927
879
2930
883
4982
4984
889
891
4987
896
4993
2950
2953
906
5003
2960
5009
2963
2964
917
5014
919
5016
5017
921
2969
5019
5022
2975
929
2978
5026
2979
932
933
934
5031
5032
5035
2988
2989
942
5039
943
5041
5044
2999
3003
957
5053
5054
959
5056
962
3011
963
3013
5061
5063
5064
971
5068
980
5078
3030
5083
3037
5086
5087
992
5089
3042
994
3043
3044
996
3045
5093
5094
3048
1003
1004
3053
3054
5104
1009
5106
1010
1011
1014
3062
1015
5111
1019
5115
3067
1020
3070
3071
1023
1024
3073
5121
3074
5123
3080
1033
3082
3084
5133
3085
1039
5136
3090
5139
1043
3092
1050
5147
3100
5150
3103
5153
1058
1060
3108
1061
1062
3110
3111
1065
5162
1068
1069
5165
1070
5166
5169
1074
3125
1079
3130
3131
5179
5180
3132
3133
3134
5182
1086
1089
3139
5192
1096
1097
5193
5194
3148
5197
1104
1105
3155
1108
5206
1111
5207
1112
5210
1115
3165
5214
3167
5215
5216
5219
3172
1127
5225
5227
1131
3179
3180
3181
3185
3187
1139
1140
3189
1144
1147
1148
3199
5248
3204
1160
3208
1162
5259
3212
5261
5262
1167
1168
5266
3222
1174
5270
1175
3224
1177
1179
1180
3228
1182
1183
5279
3234
5283
1190
5286
5287
3239
1192
3240
5291
3244
1200
1201
5298
3252
5301
1207
5303
1209
3259
1211
3260
1212
5311
3263
5314
5315
1221
3270
5318
1224
5320
3272
3273
1226
5323
3278
5327
3279
1235
5332
5334
3287
1241
3289
1242
3292
5340
5341
5343
3295
1248
1251
3301
1256
1260
5357
1263
3312
1266
1268
5365
1273
3322
5371
5372
3327
1279
1281
1284
5382
5385
1292
3340
5389
3342
5391
1297
3345
5395
5396
3350
1303
5401
3355
1308
5404
1310
3358
3359
3360
5410
1315
3365
1317
1319
5417
3370
5421
1326
3375
3376
5425
3377
5426
5427
3380
1333
3382
5436
3388
5438
5441
5442
1347
3396
1348
3397
5445
5447
3399
1352
1353
5450
3402
5453
3405
5454
5456
5458
3410
1364
3413
3414
3418
5466
5467
5469
1374
3422
1375
3424
1376
1377
5477
1382
1383
5479
1384
1385
3436
5484
1389
1393
3443
5491
1396
5494
3446
1399
5496
3450
3451
5500
5501
5505
1410
1413
3466
5515
3468
3469
5519
1424
3472
3477
1432
3481
1434
1436
5534
1440
5538
1446
1449
5546
1451
1453
1458
5555
1459
1461
3510
1463
5560
3513
5563
1468
1469
5566
5569
3523
1475
5572
1477
1478
5574
3530
5578
1483
3532
3535
3539
1492
1496
1497
3548
1500
3549
3550
1503
3551
3553
1510
3559
3563
3566
1519
1521
3572
3573
3577
1530
3580
1533
3581
3582
1536
3585
1540
3590
1544
3593
1550
1551
1552
1558
1560
3609
1562
3612
3613
1566
1569
1571
3624
3626
3627
3629
1582
1583
3633
1587
3638
1594
3643
3644
3645
1598
3647
3650
1604
3658
3660
1614
3663
3664
3666
1619
1620
3670
3676
3677
3679
3681
1633
1636
3685
1643
3693
1647
1648
3697
3698
1650
1653
1656
1657
3709
3711
1664
1667
3715
1670
3719
1671
1672
1673
3722
1680
3730
1684
1688
3738
1691
3740
1692
1693
1697
1699
1701
3749
3750
3751
1703
3752
1707
3758
1712
1714
1715
3765
1718
1720
1725
3776
1728
3778
1732
3792
3800
1753
1760
3810
1763
1764
3814
1766
3815
1770
1771
1772
1775
1778
3827
1781
1785
3834
1786
3838
1797
3847
1803
3852
3854
1809
1811
3860
3865
1817
1818
3868
1820
3871
1823
3873
1827
1828
3877
1830
1834
3886
1840
3889
3890
1844
3895
1847
3899
3901
3904
1856
1858
1859
3914
3917
1870
1879
1882
1895
3944
3948
1902
3951
1904
3953
1909
3961
3965
3970
3977
3980
1933
3981
3984
1936
3985
3987
1939
3993
3997
1950
1951
1953
1955
4004
1961
1963
1964
4016
1975
1977
4029
1982
1984
4032
4033
4034
4035
1988
4037
1990
1994
1995
1998
4048
2005
4053
4055
4056
4060
4061
2014
4063
2018
2022
2023
4072
4073
4074
2028
2031
2033
2035
2036
4084
4086
2039
4090
4091
2043
2044
2045
4094
27
386
323
131
132
72
203
139
11
77
143
80
276
149
408
28
29
221
161
36
229
293
230
297
107
178
371
57
