1009
4098
2
4101
2053
6
4103
4105
4106
4107
2065
4113
23
24
25
27
4126
2078
32
2080
4130
4133
2086
41
2090
4142
4145
4146
55
56
2104
63
67
2117
4166
2119
71
2121
2122
4177
82
2131
83
84
4181
89
90
2140
2143
96
97
4193
2147
4197
102
107
4204
4208
115
2166
119
2169
122
124
2173
126
4222
4225
130
4228
2183
136
137
2185
2188
4236
4239
4241
2194
147
4245
151
2206
2211
168
4264
2217
2218
2220
173
2222
4272
177
2225
178
180
4276
2232
2234
190
2239
193
4290
2244
4293
197
2250
204
2261
213
216
217
218
2268
2270
223
4320
4321
226
4324
229
2282
4331
237
2286
2287
2290
242
246
2296
2297
249
253
4350
4351
4353
2306
4354
4357
2309
4358
4359
2313
2314
4363
4364
2318
2322
4378
2333
2334
2335
290
4388
2342
2347
4396
4397
2351
2352
304
2355
312
4409
313
316
4412
317
319
4416
4417
2374
4424
333
4431
4432
4433
4434
4435
4440
2394
2396
352
2401
357
4453
4454
358
361
2410
2411
4459
2414
4462
367
4463
4465
2418
4468
2422
2428
382
4480
385
386
2435
4484
388
4485
390
2439
2443
2445
398
4494
4499
2452
4501
2453
410
4507
414
4510
418
420
4519
426
2474
433
2484
2488
2491
2492
2493
4541
446
4544
448
452
2505
4556
2508
2509
4558
2512
4561
4562
476
4573
2529
484
4580
4581
4582
2536
490
4586
2541
2542
494
4593
499
501
2552
506
4609
2561
4610
2564
4613
2568
520
521
2572
4621
4623
530
4627
531
2580
532
4629
536
4637
543
2591
2592
4643
549
4645
4647
4649
2601
4650
4651
2606
562
4660
567
572
4669
2621
2622
578
4675
580
2628
582
4678
4680
4681
587
589
4689
4690
595
4699
2651
603
2652
605
4702
4704
2657
4707
4708
4714
4719
4720
2673
2674
2676
4732
636
637
2687
2689
4738
4739
2692
646
647
2698
4747
2701
2702
4750
4751
2704
4756
667
2717
2718
4767
2722
2726
679
4777
2732
2734
4783
4784
2737
4787
4789
2742
695
2743
2745
699
700
2750
4800
2754
4803
2755
708
2756
2757
710
712
2762
4811
716
2767
719
2768
721
4818
2773
732
4828
734
736
2784
739
2789
2792
4840
745
748
753
4849
4851
2805
2808
761
762
4859
2812
765
4862
4863
767
772
2823
4872
4874
4875
780
784
785
786
4884
2838
4887
794
2842
2848
800
801
2850
803
2851
806
4906
810
2863
4913
2867
819
821
4918
825
4921
2877
2878
4927
2881
4936
841
4937
845
4946
4950
2903
856
859
861
2914
4963
2916
4966
4970
4973
879
2927
2929
2930
4981
4983
889
4987
891
4996
904
2953
907
5014
5016
921
2969
2970
2972
924
5022
929
2978
2979
2980
932
933
934
5033
5035
941
942
5038
5039
947
5044
2998
2999
3000
953
957
5056
962
5063
971
3021
5074
980
3029
981
5078
3035
5085
3037
3039
5087
992
994
3044
996
3045
5093
1001
3051
1004
5102
5103
1010
3060
5111
5115
1019
3070
1023
1024
5121
5125
1032
1033
5131
3084
1038
5136
3089
3093
3102
5153
1057
5155
1062
3111
3114
5165
1069
5167
1073
3122
5171
5172
3124
1079
3130
5180
1084
3133
1086
5182
3134
1089
3139
1094
1095
1096
5192
1097
1098
5197
1104
1107
3158
5206
5207
1111
3160
1114
5210
3165
5214
1118
1120
5216
1121
5217
1124
1125
5222
5227
1131
1132
3181
1133
1134
3182
1140
3189
1143
5242
1147
3199
5248
5249
3204
5253
1160
1168
3219
5267
1174
1177
1178
3229
1181
1182
3231
1183
3234
5285
3240
5291
3244
3246
1200
5297
3251
3252
5303
1208
3256
1211
3260
5309
5312
3267
1220
1223
1224
5320
3272
3273
3274
1235
5332
5334
1239
5335
1241
3292
5343
1251
3300
3302
1256
1260
1263
5359
1268
5365
3320
5370
3323
5372
5373
3325
3326
1279
1281
3330
3331
5382
3338
3339
5388
1292
3340
1293
5389
5391
1295
1299
3347
5396
1302
3350
5400
5401
3355
3359
3360
1315
1317
1319
5416
5417
3370
3372
5421
3374
1326
3375
3377
5428
1332
3380
1333
5429
1334
3382
5431
3387
3388
5436
1341
3389
5438
5442
3396
3397
5447
3400
1352
3404
5453
3405
5454
3410
5458
1363
1364
3414
5463
3415
3417
1370
3418
5469
1374
3424
1377
3428
1382
1383
1384
5484
1389
1394
1396
5494
5495
3451
5499
3456
5505
3461
3464
5513
5515
1421
1424
3472
1426
5524
3477
1430
3481
1434
1436
1437
1441
5538
3491
5542
3495
3499
5550
5553
5555
5556
3510
1463
3513
5563
1468
5564
5566
1472
5569
3523
1475
5572
1477
3526
5574
1478
5576
3530
3533
1486
3536
3537
3539
1493
3545
1499
1500
3549
3551
1503
1509
3558
1510
3561
3562
1517
1519
3569
1521
3570
1524
1527
1528
1530
3580
3581
1533
1535
1536
1540
3590
3593
3597
1550
3609
3613
1566
1569
1571
1573
3624
3627
3629
1582
1583
3633
1587
3641
1594
3643
3644
1599
3663
3666
1619
1620
3670
3676
1629
1636
3684
1637
1640
3691
3692
3693
1648
1656
1662
3719
1672
3727
3728
1683
3738
1692
3743
3745
1698
1699
1700
1701
1703
3752
1706
3757
3758
3763
1715
1716
1718
1723
1726
3776
3777
1732
3786
3787
1740
1741
3793
1753
3810
1766
3814
1770
3819
1771
1775
3830
1785
1787
1789
3838
3841
3845
1799
3854
1810
3861
1816
3868
1823
3872
3877
3882
3889
3890
3897
1852
3901
1860
3917
1870
3920
1873
3921
1874
1875
1889
3939
3944
1896
3951
1904
1909
3958
3959
1913
1914
3962
1915
1920
1927
3977
3983
3984
1937
3992
3999
1954
4004
1960
4009
4016
4020
4023
4026
4029
4030
1983
1986
4035
1994
1995
4045
1998
1999
2001
4051
4052
2004
4056
2010
2011
2014
4062
4064
4066
4067
4076
2033
4082
2036
2039
4091
2043
2044
20
0
385
323
100
292
134
230
297
203
76
77
334
79
240
242
18
282
92
29
350
