1088
4103
2057
12
2065
4113
18
23
4121
27
2075
28
4125
29
4126
4127
33
4131
2083
4133
2085
38
4137
2090
4142
2094
4145
50
55
56
4154
63
2112
2114
67
2115
70
71
2122
2124
78
4177
2131
4184
89
90
2138
2140
2141
4189
95
96
97
4193
2147
4197
2149
4203
2158
4208
113
115
4213
4214
2173
125
128
4225
2177
129
2179
134
2183
136
137
4234
4236
142
2194
147
4248
153
2202
4251
2205
2208
2214
166
168
4264
4272
4275
182
2232
184
4280
2234
4286
2241
195
2249
204
2252
205
2255
207
217
2265
2268
222
223
4320
224
2273
4321
2274
4324
2277
2282
4330
235
2284
4333
4336
4337
2290
242
246
249
2297
2300
252
4350
2302
4353
2306
4358
263
2311
2313
2316
2318
270
2324
4378
2334
293
295
4392
4393
4394
2347
4396
303
2351
2352
2355
4411
316
4412
317
4413
318
4415
4416
4417
322
327
4423
4424
4425
330
4426
2379
4430
2383
2384
4433
2386
4435
2387
342
2392
344
2394
4443
2398
352
355
2403
357
2406
2411
4460
364
2414
367
4465
4468
372
2422
379
2428
4476
4478
383
2432
4480
385
386
2435
2436
4485
4486
4489
2445
4494
398
4496
2452
4501
2457
413
2466
2467
420
4519
430
433
4533
2485
440
2488
2492
2493
446
4544
448
449
4547
452
2501
454
4551
456
457
2507
4556
2508
461
2509
2513
465
4562
4563
467
471
4567
4568
474
476
4573
4574
478
479
2528
4576
2529
4580
2532
493
2543
499
4596
501
4599
4600
504
506
4602
512
4609
4610
4612
516
4613
4614
4615
2568
2569
523
530
2579
4628
536
537
4636
4638
543
2591
4641
545
2594
4643
4644
4645
4648
4649
4650
554
2605
4659
4660
2614
4662
2615
4666
572
4669
4672
4673
578
580
2629
582
4680
4681
4683
589
592
4689
593
2641
2643
4692
2645
4694
4699
604
4701
2655
4707
4708
613
2665
4714
2667
623
4720
627
4723
2676
2677
632
636
4732
2689
4739
2692
4741
4742
4743
649
4747
4751
4752
2704
4753
4756
661
2712
4760
2714
666
667
2715
2717
675
2724
2726
679
4777
2732
2734
686
687
691
2741
694
2742
695
2743
4792
2745
699
4795
2750
2754
4803
710
4806
2758
4809
2762
4814
2767
4815
4818
723
2773
4821
725
730
732
2781
2784
2790
4838
2792
744
2793
4843
2799
753
4849
2801
4851
4859
2812
765
4863
768
772
773
2821
4872
777
778
4875
780
2828
783
2834
4884
788
790
2838
4886
2841
794
797
798
2846
2848
4896
803
2851
805
807
2855
2856
808
4905
810
2859
2861
813
4910
2864
4913
2867
821
4918
825
2873
4926
2879
2885
837
4934
4936
2888
4937
843
845
4946
2901
856
4954
2908
4956
861
2910
864
865
2914
4964
2917
4965
4966
872
4969
4970
874
875
2927
4977
4982
2935
889
4987
2945
2950
5000
906
907
5003
5004
5007
5009
917
919
921
2969
5022
2978
5026
5027
2980
932
5031
935
5032
5035
941
5039
2992
947
5044
2997
5046
2999
953
3005
5053
5056
3008
962
3011
3013
5063
5064
971
3021
5074
980
5077
3029
5078
982
3030
3034
988
5086
5087
3042
994
3043
996
3044
5093
5094
3048
1001
1003
3054
5103
1009
1013
5111
1015
5112
5115
1019
1023
1025
1029
1031
3080
1032
3084
1036
5133
3085
5136
1042
3090
3091
5141
1047
3098
3100
3101
5150
1055
1056
5153
1060
1065
5162
1067
1068
5165
1069
5166
1071
5168
5169
3122
5170
1075
5172
1079
3130
3133
1085
3134
5182
1086
1088
1089
1094
1096
5193
5194
1098
5197
1102
3155
3158
5206
5207
1111
3160
1112
5210
1118
1120
5216
5217
5219
5222
3174
5225
1131
5227
3181
3182
1134
1139
3187
1140
3189
1144
1147
3195
5248
5250
3204
1160
3210
5259
5265
3217
5267
3219
1174
1177
1179
1180
3228
3229
5277
1182
5279
1183
3234
3238
3240
3241
5289
3244
1196
3252
5301
5303
1208
1209
3257
3259
5307
3260
5311
1215
3267
1221
3270
1224
5320
1226
3276
3279
1235
5334
1239
1241
3292
5341
5343
1247
1248
1251
3300
3301
1256
1260
5356
5357
3309
1263
1265
1268
5364
5372
3325
1278
1279
1281
1284
5382
5385
3338
5387
3340
1292
5391
1295
5392
5395
3348
3350
1302
5398
1303
5401
3355
1307
1308
1310
3358
1311
1314
1315
1317
3365
1320
5417
3370
3372
5421
1326
3376
1329
3377
5426
5428
3380
1333
5429
3388
5436
1341
3389
5438
5440
5441
3394
5442
1347
3396
3397
3399
5447
1352
3400
5450
3403
1355
3405
5454
3410
5459
3413
3414
3418
5467
5469
3422
5471
3424
1377
5477
1382
1383
1385
5483
5484
1393
1396
3446
5496
3451
5500
1413
5509
1414
3465
3466
5515
1424
3472
1426
3477
3478
3480
5528
1433
1434
1436
5534
5540
1446
5542
5546
1451
1452
1453
5550
1458
5555
5556
1461
3509
3510
1462
5560
5561
1467
1468
5566
1470
1471
5569
1475
3523
5572
1478
5578
5580
3532
1486
3539
3541
1493
1496
3545
3551
1505
3559
3561
1513
3564
3566
1519
3571
1524
3573
3577
1530
1532
3581
1533
3582
1535
1536
1540
3590
1543
1544
1552
1558
3609
1562
1563
3613
1569
1571
3624
3626
3627
1580
3629
1582
3633
1587
3643
3644
1596
3645
1597
3646
3650
1604
1610
3658
3660
1614
3663
3666
1619
1620
3668
3672
3676
3677
1631
3680
1636
3684
1637
1644
3693
1647
3698
1656
3707
1660
3711
1664
3719
3722
1680
3730
1682
1683
1688
1689
3738
1691
1692
3742
3745
1700
1701
3751
3752
1707
3757
3758
1713
3763
1718
3773
1725
1726
1728
3777
1732
1734
1741
3800
1753
1757
3810
1764
1766
3816
1770
3819
3820
1775
3826
1779
3828
1781
1784
1786
3834
1787
3837
3838
3841
3847
1803
1810
3860
3862
3865
3868
1823
3877
1830
3878
1838
1840
3890
3895
3901
3908
3911
1864
3914
1867
3917
1870
3920
3933
3934
3939
1905
1909
1914
3962
3965
1920
1927
1933
3984
1936
3985
1939
1948
1950
1951
4001
1955
4004
1961
1963
4014
4016
4019
1973
4029
1982
1983
1984
1986
4034
1990
1994
4045
1998
2002
4055
4056
4058
4060
2014
4066
2018
4067
2020
2022
2023
4072
4075
2028
2031
2033
4082
2035
2036
2037
2039
4091
2043
2044
2047
23
96
161
323
229
230
393
395
139
77
14
79
80
339
374
86
55
57
251
412
316
156
350
254
