1142
4
2052
4101
2057
4106
12
4108
2066
4117
4118
2072
4121
25
26
2075
27
28
4126
4130
4131
4133
40
2089
2092
45
4142
4145
4147
2100
4149
55
2103
4154
4157
4158
4159
66
67
2117
4166
2122
2123
4175
83
4185
2138
4187
4188
94
95
4192
4193
4194
2147
4196
2149
4197
102
4199
4205
2159
2160
2163
4211
116
4212
2165
2166
2167
4216
4217
4220
2176
128
4228
2185
4234
2188
2189
142
4239
145
4241
2194
146
147
4244
4245
4248
2206
163
166
4262
2217
2220
4270
174
4272
4276
182
4278
2231
2234
4282
186
2238
2241
195
4293
197
4296
201
2250
2256
2258
212
2261
2263
221
222
223
4321
226
227
229
2284
2285
2288
2290
4338
243
4339
246
2296
248
249
250
252
4349
2302
4350
2303
2306
258
260
4357
4358
2310
4360
2312
4363
4364
270
4368
273
276
279
280
284
2333
2334
2335
4387
293
2342
295
4392
297
2347
4396
4397
303
2351
2355
307
2356
4407
316
4415
4417
2369
322
323
2372
4420
327
4425
330
4430
4431
4434
342
4439
4440
4441
345
2395
2396
2397
352
2403
357
360
361
2409
2410
4459
364
4461
2414
2428
4477
4480
2435
2437
4486
392
2441
2443
2444
4494
398
4496
2448
400
4497
4499
2452
2453
406
4504
4507
4509
4515
420
2470
422
4519
426
431
432
433
2483
4531
2484
2485
4533
2488
2490
2491
443
2493
448
456
2505
4553
2506
4556
2509
4560
4561
2513
465
4562
2515
4563
469
471
474
2523
4573
4574
2527
479
2529
4579
484
485
4582
4585
490
4587
492
2543
496
498
4596
501
2552
504
2556
508
4608
512
4609
4610
515
4615
520
2568
2572
527
2577
530
532
536
4634
2588
4637
543
2593
545
4643
4648
552
4649
4650
2604
4653
558
562
4660
2612
2614
4664
572
4668
2622
4671
4672
578
2626
4675
2628
582
4679
4680
2635
2638
593
2641
594
2643
4691
4693
2646
2651
4699
2652
604
4700
605
4704
609
4706
2658
4707
612
4712
2665
4713
4714
2667
4716
621
2673
627
4723
2676
2677
630
2681
634
4732
2686
2687
4739
2692
646
649
2697
4747
4750
2702
4751
2704
4753
659
4755
660
4756
661
2712
665
666
667
670
4766
675
2724
676
679
680
4777
2732
2734
4782
687
4783
2737
4785
2742
695
2745
699
700
707
708
4806
710
2760
4810
2762
4811
2764
4814
721
4818
723
2772
4825
4828
733
734
735
2784
736
2786
4837
2790
4838
743
2792
746
4843
748
4844
751
2801
2805
757
758
760
761
2809
765
766
767
4863
2818
772
2820
2821
2823
4874
4875
2829
784
4883
4884
789
790
2838
4887
4893
2847
800
2848
801
803
2852
2853
4901
808
2857
2858
2863
821
825
4921
2874
2875
827
4925
831
2882
835
4937
841
845
2894
4944
4946
4947
2899
4949
856
2904
4954
861
2914
2915
868
4965
870
874
4970
4971
877
2927
2929
2930
2935
4987
891
2941
4990
2942
2943
896
4992
4996
901
2949
5000
2952
5003
908
5004
2960
2963
5011
5013
5017
2970
927
928
5025
2979
932
2980
933
5029
934
935
938
5038
942
943
5039
2992
5041
947
2997
2998
2999
5054
5056
5058
963
5061
971
5067
5069
3021
3023
980
5076
3029
981
5078
5080
3034
3035
988
3038
3039
5087
3043
995
3045
5093
998
5094
5097
3051
5103
5106
3060
1012
3062
1015
5115
3070
1023
1024
3073
5123
5125
1031
5130
3083
5133
5134
5136
3091
3093
1050
5148
5150
1055
1056
5157
3109
1065
5162
1067
5165
5167
1071
1073
1074
1076
1079
3127
5177
3129
3130
3132
1085
3133
1086
3134
5182
1088
5184
1089
3139
1094
5192
3144
1097
5194
3150
1105
5206
1111
5207
3160
1112
1114
5211
3165
3167
5216
1121
5219
1124
3174
5227
1131
3179
3181
3182
1134
3183
1137
3187
1139
5235
3189
5237
5238
1143
1144
3193
5241
5242
1147
1148
3199
5250
3204
5252
1160
3210
5261
1167
5264
3217
3218
5270
1178
1180
1182
5278
1183
3231
3234
1186
5282
3241
5291
3243
5294
1201
5297
3251
5303
3256
1210
3260
5309
3262
5311
1216
1217
5314
5316
3270
1224
5320
3273
3274
5332
5335
1241
3292
3295
1248
1251
3307
1260
1268
5365
3320
5370
3322
5372
5374
1278
3327
1279
3328
1281
5377
3331
1286
5382
1292
3340
5388
5389
5391
1296
1298
3346
5395
5396
3348
5398
3351
5401
3355
1307
1309
1310
1312
1315
5411
1317
1318
3366
1319
3368
5421
1326
1327
5423
5425
3377
1332
1333
1334
1335
3384
5434
5436
5438
5440
1348
3396
3397
5445
1349
5447
1353
5450
1355
5452
3404
5453
1357
5458
3410
1363
3412
3414
3415
5463
3418
5467
3420
5468
5469
1374
3424
1376
1377
5474
3428
1382
1383
3431
1384
5483
1392
1396
3446
5494
1398
5495
5496
1401
3450
5501
5506
1415
3465
5513
3466
5515
1420
1421
5519
1424
3472
3473
5523
1427
3477
3478
5527
1433
1434
3483
1436
1437
5537
3490
5538
1442
3492
3493
5542
1446
1447
1452
1454
5555
1461
1463
3512
5560
5561
3515
1468
5566
5569
3523
5572
5577
3532
1489
3539
1493
3545
1500
3548
3549
1501
3553
1507
3559
3561
3563
1515
1516
1517
1519
1521
3571
1524
3573
1527
3577
3580
1532
1533
3581
1536
3585
1540
1543
3593
3594
1548
3596
1550
1553
1554
3607
3609
1562
3611
1563
3612
3613
3624
3625
3626
3627
1580
3629
3633
3638
3639
1594
3643
1596
3646
1614
3662
3666
1619
3668
3669
3670
3672
3674
3676
3677
3679
1631
1636
3691
1643
1648
1649
1650
1656
1657
3707
1660
3711
1664
3712
1665
3715
1670
3719
1671
1672
1677
1679
3728
1683
1684
3738
1700
3750
1703
1704
3752
1706
1707
3757
3758
1712
1716
3765
3770
1723
1725
1730
1731
3786
3787
3789
3792
3795
1753
1758
1762
1766
3815
1770
1774
1775
1777
3826
3832
3838
3841
1795
1802
1804
3853
3854
1807
3855
1810
1812
3860
3862
1816
3865
1817
3868
1820
1823
3873
1826
1828
3877
1830
3878
3882
1834
3886
3889
3890
1843
3891
1844
3894
1851
3899
3900
3901
3902
1856
3907
3908
1865
1867
1870
3921
1873
1874
1875
3924
1883
3934
3937
1895
3951
3953
1909
1910
3959
3961
3965
1920
1925
1926
1931
3980
1933
3981
3983
3984
1938
1941
1943
1948
3998
3999
4003
4004
4005
1960
1961
1963
1966
4016
4017
4031
4032
4033
4034
4035
1990
1991
4046
2004
4053
2007
4056
4058
2011
2017
2018
4066
2020
2022
4071
2025
4078
2033
4082
2036
2037
2039
4088
2041
4090
2043
4091
2045
2046
4095
24
257
225
66
100
68
134
203
107
77
333
301
142
143
80
17
83
308
342
153
26
251
380
348
287
