1023
4098
3
4101
2057
2058
4107
12
4113
18
2069
2070
25
4121
2075
27
28
4130
4131
36
4133
40
41
45
4142
4145
55
2104
4153
61
63
4160
2112
4163
4166
72
2121
2122
2123
4172
79
2129
83
4181
89
4188
95
97
2149
4197
102
4200
115
2165
2166
4214
2168
122
4220
124
2173
128
2176
4225
4228
136
2185
4234
2188
140
4236
142
4239
4241
145
2194
147
2196
4245
4248
2203
2206
159
4261
166
168
2217
2220
173
4272
178
4276
2231
2232
2234
2241
2242
4290
197
4293
201
2250
210
4308
2261
217
2269
222
4320
4321
226
2274
229
232
4330
2284
2286
4336
2290
242
4342
246
2296
248
249
4348
253
4349
2302
2306
4358
4359
2312
4360
2313
4364
4367
273
2322
274
2326
4374
279
2333
2334
2335
288
290
2342
4392
4394
2347
4396
2348
4397
2350
303
2351
2352
2355
4403
307
2360
313
2361
4411
316
317
4413
4415
4417
322
327
4425
4426
2380
333
4432
337
4433
4434
341
342
4440
2397
2399
352
2403
357
359
2409
2411
4459
4460
364
2413
2414
2415
2418
374
2422
2424
4472
2428
2432
4480
2433
386
2435
4486
4487
2443
4494
398
4496
4499
2452
2453
4501
408
2457
410
414
4510
420
426
433
2484
2485
4535
2491
2492
2493
4544
4549
2505
2506
2508
4556
2509
462
4561
4562
466
467
471
2523
476
479
2529
4579
484
4582
2536
4586
494
2543
499
4596
501
4598
504
2552
506
4603
4605
511
512
4608
4610
515
2564
2568
2572
2575
530
4626
532
2580
534
536
2584
538
2587
4637
543
2593
4643
547
549
2597
4645
4648
4649
4650
4653
559
562
4660
567
4666
572
4669
2622
4672
4675
582
583
4680
4681
589
4685
2641
2643
2651
2652
604
605
2654
4704
2657
611
4714
4715
621
2673
2674
4723
627
2676
4724
2677
4728
632
4732
2689
4739
2692
646
647
649
4747
4750
4751
2704
4753
2707
659
4756
666
667
673
676
4777
4778
2734
4785
4789
2742
695
2743
2744
4793
699
700
2750
704
2755
708
2757
2758
2760
4810
2762
4811
4814
2767
4815
2768
721
4818
2771
725
728
732
2781
739
2789
2790
4838
2792
744
745
4843
748
4844
753
2805
758
4856
2808
761
2809
2810
4859
765
4863
768
2818
772
2820
2823
4872
777
4874
784
2833
786
789
2838
4887
4888
2842
800
2848
801
803
2851
806
4906
810
4914
819
2867
4918
825
4921
2874
4924
2877
2878
836
840
4936
4937
845
2894
4947
2901
856
4954
859
861
2910
2914
2916
4969
874
4970
875
2926
2927
2929
2930
883
4982
4983
2935
2937
4987
891
4989
2941
2943
4996
5000
5003
907
5008
5017
2970
5022
2974
2979
2980
932
933
5029
934
936
2988
941
5038
942
943
5039
2994
947
2998
5046
2999
5047
952
953
3005
3012
967
5065
971
3021
975
3023
5072
980
3029
5078
3030
984
3033
3034
5085
5087
3039
3043
3045
5093
997
5094
1001
1004
3054
5103
5104
1009
1010
5106
3060
1012
1013
1014
3070
1023
1024
3074
1031
3080
3083
5136
3091
1047
1055
1056
1057
3107
1059
5155
3108
3115
5165
1069
5167
1071
1073
3124
1079
3127
3128
3129
5177
3130
5180
3133
5181
1085
3134
5182
1086
1088
3137
1089
3139
1095
5192
1096
1097
1098
1100
3150
5206
3158
1111
3159
5207
3160
1112
5214
1118
5215
5216
1124
5222
1129
5227
1131
3179
3181
1137
3185
3187
3189
3192
5240
5241
5242
1147
5250
3204
5253
3205
5255
1160
1162
1168
3217
5266
3219
5267
3224
3229
1182
5279
1183
5281
3234
3241
1195
3244
1200
5298
3251
3252
3256
1208
3260
5309
3262
5314
3267
1220
1224
5320
3274
1232
5329
1235
5332
5335
3289
3292
3293
3295
5343
1251
3300
5355
1260
1265
1266
3315
1268
5365
3320
5370
3322
3325
3326
3327
1281
5377
3330
3331
5382
3338
3339
3340
1292
1293
3342
5391
1295
3346
1299
5396
3350
5398
3351
5400
5401
3355
3359
1314
1315
1317
1319
3369
3370
3372
3374
1326
3376
1329
5425
1332
3380
1333
1334
5436
3389
1341
5438
5439
5440
3396
3397
3398
5447
3400
3401
1355
3405
3410
5458
1363
1364
3414
3415
1370
3418
3420
1374
5471
3424
1377
3428
1382
1383
1384
5483
1389
3442
1394
1395
1396
5494
1398
5496
5498
3452
5505
1410
5506
5507
3461
5515
3468
1421
3469
5519
1424
3472
1426
3476
3477
1433
1434
1436
1437
1440
1441
5538
1446
5542
1447
1452
5553
5555
5556
3510
1463
5560
3512
5561
1468
1469
5566
1471
5569
5572
3526
5574
5576
1481
5577
3530
3532
3533
1486
3537
3539
3542
3544
1497
3545
1500
1501
3549
3551
3554
3558
3561
3562
3565
1519
3569
3570
3571
1527
1528
3577
1532
3580
1533
1535
1536
1537
3587
1540
3590
1543
3595
1548
1550
3599
1553
3609
3612
3613
3614
1566
3624
3626
1580
3628
3629
1582
3633
1588
3638
3639
1594
3643
1597
1598
1599
3648
1600
3659
1614
3666
3670
3672
3680
3683
1636
3684
3692
1648
1649
1655
1656
3705
1657
1660
1662
3711
1664
3715
3716
3719
1671
1672
1673
3727
3728
1682
1683
3738
1697
1699
1700
1701
3750
3751
1703
1704
3757
3758
1712
3763
1715
1717
1723
1724
3777
1731
3786
1738
1740
1741
3792
3793
3800
1753
3805
3811
1766
1770
1775
1777
3826
1778
1789
3839
3841
3847
1802
3854
1810
3858
3859
3860
3861
1816
3868
1823
3872
3877
1830
3878
3882
3893
3897
3901
1853
1857
3907
3908
3914
1867
3916
3917
1870
3919
3920
1873
1874
1882
3941
3948
3951
1909
3958
3962
1915
3965
1920
1927
3979
1931
3980
3983
3984
3992
3998
3999
1953
4004
4005
1960
4009
1963
4016
4020
4022
4025
4034
4037
1990
4045
1999
4051
4052
2004
4055
4056
4058
4062
4063
2017
4066
2018
4067
2020
2022
4071
4073
2028
2033
2037
4090
2043
4091
2044
4095
20
0
257
355
291
100
102
327
392
203
76
77
178
402
83
277
86
251
220
92
350
