1076
2
2051
4099
2052
4101
4104
2057
4106
2059
4108
14
2065
2067
4118
23
24
25
4121
4122
27
4126
2080
2081
4130
4131
4133
2090
4141
4142
4145
2100
53
4151
55
56
4154
58
2115
67
2117
4166
2122
4177
83
2131
89
4185
90
91
2140
94
2143
96
4192
2144
4193
2147
102
4203
107
2157
2158
2160
113
2167
120
122
2171
4220
2178
2184
2185
4234
4236
2192
145
2194
147
4248
4251
157
4255
2211
4261
2214
166
168
2217
2220
4268
2221
175
4272
178
4275
4276
180
182
4280
2234
4282
2239
4296
2251
4305
2261
213
4310
2268
2270
223
224
4320
2273
226
4322
4323
4324
229
2279
2286
242
2290
2292
244
2293
2296
249
4345
2300
4350
4351
2306
4354
260
2309
4357
4358
263
2313
4366
273
4370
275
2327
282
4378
4379
4380
2334
2335
288
4388
2342
296
2347
4398
303
2352
305
2355
309
316
2367
4415
4417
4418
2370
4420
2372
327
2382
2384
4432
2385
4434
2387
4436
343
344
4440
4441
2394
346
2395
2397
2398
352
2401
2403
355
357
4453
360
4456
2410
2411
4460
2414
2415
4463
372
2421
380
2428
4478
382
383
4480
385
2435
2436
389
390
4487
2443
397
2445
4493
4494
4499
2452
2453
405
4501
4508
4509
413
414
418
420
426
428
430
2478
2482
434
2483
2484
4537
2493
446
2494
2499
452
2501
4550
456
457
2505
4554
4556
2509
461
465
4561
4562
2515
2516
4564
469
4567
2520
474
476
4573
478
4574
2529
484
485
2536
4585
493
2543
496
499
504
4600
2552
506
512
513
4609
4610
2564
4613
4614
2568
522
523
4620
4623
4625
530
541
543
2592
2593
4641
2594
2595
4643
4645
4647
4650
4651
557
2606
2608
562
568
569
570
572
2621
574
578
2626
4675
2630
582
4679
4680
584
4681
4683
587
4688
593
594
4691
4692
4694
4695
603
2652
605
4702
4704
609
2657
4707
614
2665
617
4714
2667
4716
4719
2673
2674
627
2676
628
4726
4728
2680
4732
637
638
2686
2690
2692
645
646
4742
649
2698
4750
4751
4756
660
663
2712
4761
2714
666
667
2715
4763
4767
676
4772
2726
679
4777
2734
2737
4786
691
4789
2741
694
695
2745
699
4800
2752
2754
4803
707
2755
2756
710
4806
2762
714
2764
4814
719
4818
4819
2772
4821
727
729
2781
4830
735
4834
741
2789
2790
4838
4839
2792
745
746
2794
2797
2801
753
4851
2805
758
4855
761
765
4863
2817
4866
772
4872
778
4875
780
4878
4879
783
784
2834
786
4883
2838
4890
4893
798
800
2848
4896
801
2851
2853
2855
2856
4904
2857
2858
2859
4913
819
821
4918
825
2875
2881
833
4930
2883
4934
4936
2889
4938
843
844
851
856
859
861
864
2914
2915
4963
2917
4965
4966
870
4969
874
4970
875
879
882
4982
889
2938
4987
4992
4996
901
2950
2953
5003
2955
908
5007
917
5014
921
2970
5020
5022
2975
5027
932
933
934
5031
5035
5038
942
947
5044
2999
5048
955
5056
963
3011
5059
3013
5063
5065
976
5074
3026
3027
980
3029
5080
5084
3037
3039
992
5089
3042
996
3044
3045
5093
3047
3048
5096
5097
5099
1004
5103
1008
1010
3060
3061
5111
3064
3066
1018
5115
1019
5116
1021
3071
5123
5125
1030
5127
3080
1033
3085
5136
3089
5139
1043
1045
1047
3100
3102
3103
1055
5151
3104
5153
5157
5158
3110
3111
1065
5164
1069
1070
5167
1071
3120
1074
3125
1078
5174
1079
3130
3133
1086
5182
3134
1089
5187
5188
3140
1094
1096
3144
5192
1098
5197
1102
1104
1106
3155
5206
5207
1111
3161
5210
1116
5216
1124
5220
3175
1128
5224
1131
3180
3181
1133
5234
5237
5238
5239
1144
3193
5242
1146
1147
5243
3198
5248
5253
5257
3210
5259
5263
1167
5264
1168
1169
1170
3219
5267
1174
5270
3224
1177
3225
1179
1180
3229
1182
1183
5279
5280
3234
1186
5283
3239
3241
5289
5291
5295
1200
1201
3251
5299
5303
3256
5309
3261
5311
1217
1221
1223
5320
1224
3272
3273
3274
5323
3275
5326
1231
5328
1235
3284
5334
1238
5335
3287
1241
5338
3291
3292
5343
3296
3297
1251
3301
1256
3307
1260
5356
5357
3311
1263
5359
1266
1267
1268
5365
5367
3320
1273
5370
5372
3329
1282
3331
1288
3336
1292
3340
5389
3342
5391
1298
3348
5398
3351
1303
5401
3355
1307
1308
3358
1310
5406
3359
5410
1315
5411
5412
1317
3366
1318
1319
3371
3374
1327
3375
3376
1333
5429
1334
5431
3384
5436
3392
5441
5442
3394
5443
3396
5444
3397
3398
5446
3399
3400
1355
5452
5454
1359
1361
3411
3414
3415
3417
3418
3420
5469
3424
3425
5474
1379
3428
1381
5478
1382
1383
3432
5484
3436
1389
5487
5489
3443
1396
3444
1398
5494
5496
5498
3456
5505
1413
3461
1418
5515
3468
1421
3469
3472
1424
5524
3477
1430
3480
3481
1434
3482
3483
1436
5532
1437
5536
3490
5540
5542
1446
3499
1453
1458
5555
3507
3508
1461
1462
3510
1468
5566
5569
5572
1477
1480
5578
1483
3532
3533
3536
3537
3539
1494
3545
3548
1503
3553
1510
1519
1524
1527
3577
1530
3579
1531
1533
3582
1535
1536
3584
3594
1550
1551
1558
3609
1562
3612
3613
1569
3624
3626
3627
3629
1582
3633
1594
3643
1602
3651
1604
1609
1610
1612
3661
3666
1619
1620
3668
3679
1634
1636
3686
1640
3690
1646
3696
1649
1656
3706
1658
3709
1663
1666
3715
3719
1671
3722
3726
3728
3730
3738
1691
1693
1699
1700
1701
3750
3751
1707
3757
3758
1712
3763
3765
1723
3773
1728
3777
3783
3785
3786
3791
3792
3796
1753
3804
1757
1763
1766
3814
1770
3819
1771
1775
1776
1781
3830
3836
3837
3843
1799
1803
3851
1809
1810
3859
3860
3861
3868
1823
3871
3875
3877
1834
1840
3890
3891
1844
1851
1861
3911
3917
1870
1875
1879
1895
1896
3944
3948
3950
3953
1913
3973
1927
3983
3984
1939
3988
1943
3993
3997
3999
4002
4004
1960
1961
1965
1966
4016
4017
1975
4023
4029
1981
1982
1988
1992
4041
1995
4045
4046
4053
2007
4058
2013
2014
4063
4067
2022
2023
2025
2033
4081
4082
4084
2036
2037
4086
2039
4091
2046
23
323
100
68
357
38
43
204
77
174
47
240
371
276
86
55
23
24
57
122
26
315
29
31
