987
2052
4101
2053
4103
4112
4113
2071
25
4126
2078
4130
4131
4133
39
4140
2094
4145
4146
2100
55
4154
63
2112
67
2117
4166
71
2121
2122
78
4177
2130
82
83
4181
89
4185
94
2142
4192
96
4193
97
98
102
4203
110
4208
115
2165
2166
2168
122
4218
2171
2172
2173
4225
4228
134
2183
136
137
2185
4236
2188
4239
4241
2194
153
2206
4261
2214
168
4265
2217
2220
2223
2225
178
4274
4275
4276
182
2232
2234
4282
2239
193
2250
2254
2261
217
4319
2272
4320
4321
226
228
2277
229
2282
4332
2286
4336
4337
241
4338
2290
242
245
246
2296
249
2297
252
2300
2306
260
4356
4357
4358
262
2313
4363
4364
2318
273
4369
4370
2322
4378
2333
2334
2335
288
290
2342
4396
4398
2351
303
2352
2354
2355
313
2361
316
4412
317
4416
4417
2372
2374
2375
327
4424
4431
4432
4433
2386
4434
4435
4440
2396
2397
352
354
360
361
2410
2411
4459
367
4465
4466
4468
2422
2428
2432
387
4489
2443
2445
398
4499
2452
404
4501
2453
405
409
410
4509
414
4510
416
420
2469
426
2483
2484
4533
2488
2491
446
448
4544
2496
2501
456
2504
2505
457
4554
2508
4561
4562
2515
4563
469
4567
2523
476
4574
484
4580
4582
4585
4586
490
2542
2543
496
2546
501
4598
2552
504
509
4609
4610
4613
4615
520
2568
2572
4622
2579
532
536
4637
543
2592
544
4643
549
4645
4649
4650
2606
2607
562
4659
4662
569
572
4669
2621
574
2622
2626
4675
2628
2629
582
4679
589
4689
593
4690
4693
4697
4699
2651
603
2652
605
4704
609
4706
4707
4708
4712
4713
619
4716
4717
4720
2673
627
2676
2678
4727
2679
632
634
4732
636
2686
2687
2689
4739
643
2692
646
647
649
4747
653
2702
4750
4751
4752
4753
660
666
2714
667
2717
4765
674
2723
2724
2731
2732
4783
2737
2739
695
2743
2745
699
700
702
704
4801
2755
4803
2757
4806
710
4810
714
4811
716
2764
4813
4814
2767
721
2773
732
734
735
736
2788
2789
4838
2790
745
4842
748
753
2801
4849
2805
758
761
762
4859
4862
767
2817
772
2821
4869
2822
2823
2824
777
4874
4878
784
786
4883
4884
2838
4887
794
2842
4892
2845
798
800
801
803
804
2852
2853
2857
810
2858
4906
4910
2863
4913
2867
821
825
4921
2875
2878
4928
4930
4931
837
4935
4936
4937
841
844
845
4946
4947
4949
2901
2903
856
861
2910
2914
2915
870
4966
4967
4969
4970
879
2930
4982
889
891
4987
2943
4992
4995
4996
901
2953
907
911
914
2965
919
5016
2969
2970
5022
2978
2979
932
933
5031
5032
5035
941
942
5038
943
2992
947
950
2998
2999
953
957
962
967
971
5068
3021
5078
982
990
3039
994
995
3045
5093
3046
3048
1000
1001
3051
1010
5114
3067
3070
1023
1024
5121
5125
1029
1032
3080
3082
3084
3091
5139
1043
3093
5141
1047
5145
3100
3103
5153
3107
3110
1065
5164
5165
1071
5167
3122
1074
5171
5172
3125
3130
5180
3134
3139
1094
1096
5192
3144
1097
1098
3158
1111
5207
3160
1114
3165
1118
5215
1120
1121
5217
5219
1124
3172
5222
1127
5226
5227
3180
1132
3181
3182
1139
3189
5238
3193
5242
3199
3200
3204
5253
1160
3210
5259
1167
5264
1168
5266
5267
3219
5270
3223
3224
1177
1178
1180
3229
1182
3231
3234
1186
3239
3240
5291
3244
5294
1200
5297
1201
3251
3252
3254
5303
1207
1208
3256
5307
1211
3260
5309
3261
3263
5311
1217
1221
1224
3274
1226
5323
1235
5332
5334
1239
3287
5335
3289
3292
3295
5343
1251
3300
3307
1260
1268
5365
3320
3322
5370
5372
3325
3327
1279
3329
1281
5377
3331
1284
5382
3338
3339
1292
5388
1293
5389
3342
5391
1295
1298
1299
5395
3348
3350
5398
5400
5401
1310
3358
3359
1311
3360
1315
5411
1317
1318
1319
1320
5417
3370
3372
5421
1326
3374
1327
3380
5428
1332
1333
1334
3384
5435
5436
3388
3389
1341
5438
5441
5442
3394
3397
5447
1351
3400
1352
1355
5452
3404
5453
3405
5454
5457
3410
5458
1362
1363
3413
3414
3415
5463
1370
5468
5469
1374
1377
5474
3428
1382
5479
1384
3436
1389
5485
5490
5494
1398
5495
5496
3448
3451
5505
1415
3466
5516
1421
1424
1426
3477
3480
1432
1434
1436
1437
1440
5538
3490
5542
5550
5553
5555
5556
1462
3510
1463
5560
3513
3514
1467
5566
5569
3523
1475
1477
3526
1478
3530
5578
3531
3532
1486
3537
3539
1491
3548
3549
3551
3553
1507
3561
1513
3563
1517
1519
1524
1527
3577
1530
3581
1533
1535
1540
3590
1544
3593
3594
3595
1547
1550
3599
1552
3602
1560
1564
1566
1569
3618
1571
3626
3629
1582
3633
1587
3639
1594
3644
1614
3663
3666
1620
3670
3674
3677
1631
1633
3684
1636
1637
3691
3693
1648
1653
1656
1657
3709
1663
3714
3717
1671
1672
3726
3727
3728
3730
1683
3737
3738
3740
1692
1693
3745
1699
1700
1701
3750
1703
1712
3763
1716
1718
1719
1723
1726
3776
3777
3786
1741
3792
3798
1753
1756
3810
1766
3816
1769
3819
1775
1779
1785
1787
1792
3847
3854
3859
3861
3865
1823
3871
1828
3877
1829
1838
1840
3889
1843
3891
1844
1847
1851
1864
3917
1869
1870
3920
1873
3921
1874
3939
1892
3944
3951
3954
1909
3959
1913
3962
1914
3963
3965
3969
1927
3978
3980
3983
3984
3992
3993
1948
3999
4004
1959
4007
1960
1961
1963
1964
1966
4016
4017
4020
1973
4025
1981
1983
1986
1990
4041
1994
1995
4046
1998
4051
2007
4055
4056
4058
2011
4063
4066
4067
4073
2025
2028
2029
2031
2036
4088
2043
2044
2046
20
64
386
68
100
198
134
230
297
203
395
76
79
207
16
114
371
121
26
350
255
