1202
2
2051
3
4101
8
4106
4108
4113
2069
24
2072
25
26
2075
27
28
29
2078
4127
32
2081
4130
4131
2083
2085
2086
39
4137
4142
46
2095
4145
50
55
63
66
2115
67
4166
2122
2124
4174
83
89
4185
90
4186
95
2143
97
2147
2149
102
4200
4201
4203
107
4204
2157
2158
112
2160
4211
115
4212
118
2166
122
123
2172
124
4220
125
126
128
2178
131
4228
135
136
2185
4234
4236
2188
142
4238
4239
2193
2194
146
147
4248
2202
4251
2208
4257
2211
166
2214
168
2217
2218
2220
178
4274
179
4276
181
182
2231
2232
2234
4284
2239
2241
2249
2250
4298
2251
204
2252
4300
205
2261
2263
217
220
2269
222
4320
4321
226
229
232
2284
4336
2290
244
4340
4342
246
2296
249
2302
256
4353
2306
259
4357
4358
263
2313
2314
4363
4364
270
4368
274
2322
277
2333
2334
2335
288
4388
2342
295
296
4394
2347
4396
2348
4397
2350
303
2351
4400
2352
2355
2356
316
317
2366
4415
319
321
4417
322
2372
327
4425
4428
4430
4431
2384
4432
2385
337
4433
2386
4434
342
344
2396
2397
4446
2399
352
353
2401
357
4453
2406
2410
4459
2411
4460
364
2414
4462
367
2415
372
374
2422
378
2428
4476
4478
382
383
4480
386
2435
4484
388
2436
4486
2439
398
4494
4496
2449
4498
4499
2452
2453
408
4507
413
2462
2465
420
422
4519
426
2474
4526
430
4528
433
2484
2485
437
2486
2488
2491
2492
2493
446
448
4547
2501
4550
4551
456
2505
457
4554
2506
4556
2508
2509
2512
4561
465
4562
466
2518
4567
471
4568
2520
476
4574
479
4576
2528
2529
2532
4582
489
2537
490
493
2543
496
499
4596
4597
501
4599
2552
4600
504
4605
2557
512
2561
4610
4614
520
4616
2569
521
4620
2572
4623
530
2579
532
4629
2583
4632
536
2587
4636
4637
543
2592
2593
4641
545
2594
4643
2595
2597
4648
4649
4650
4651
4652
556
2606
562
2614
4663
2615
571
572
2621
4669
2622
4672
4675
580
2628
582
4678
2631
4680
4681
2633
4683
587
589
592
2641
593
594
2643
4692
4694
4695
2651
603
2652
604
605
4701
606
607
608
4704
2657
4705
4707
2660
613
4712
2665
4714
2667
621
623
4719
2673
627
4723
2676
4724
2677
4728
632
4732
2687
2689
4739
2692
4741
646
2698
4747
4750
2702
4751
2704
659
4756
2712
2714
667
2715
668
4767
675
4777
4778
683
2734
4783
2737
692
4788
2742
694
695
2743
4792
2745
699
4795
700
2750
703
4803
4810
2762
4811
719
2768
720
721
4818
723
2772
4826
730
4828
732
2781
4830
734
735
736
4838
2790
2792
744
2793
746
4843
748
2799
753
2801
4850
2805
758
2808
761
4859
765
766
4863
767
4865
771
772
2823
4872
778
4874
4875
2828
784
785
2834
786
788
789
2838
4886
4887
2841
2845
4893
798
2846
800
2848
801
2850
802
803
807
4904
2856
808
810
2859
2861
2863
4913
819
2867
821
824
825
4921
2873
2880
2883
4934
840
4937
841
843
845
2894
4946
851
2899
2903
856
4952
4954
4956
2908
861
2910
865
2914
870
4969
874
4970
875
2927
881
2929
882
2930
4982
889
4987
891
4996
2950
5000
2953
5003
907
5004
917
5014
5017
2970
2971
924
5022
2974
2977
2978
5026
932
933
934
5031
2984
936
5035
941
2989
5038
943
2994
947
2995
5044
2997
2998
2999
3005
958
5056
3011
3013
5064
5067
971
3020
3021
5073
5074
980
3029
5077
5078
3030
982
3034
3035
5084
3037
5086
5087
3039
992
3042
3043
3045
5093
3047
3051
1004
5103
3061
1015
1017
3070
1024
5121
5127
1033
1036
3085
5136
3090
3092
1047
3100
3101
1056
5153
3107
1060
3109
5158
3111
1065
3115
5165
1070
5166
5167
3120
5168
1078
1079
3130
3133
1085
3134
5182
3135
1088
5184
1089
3137
1090
3140
1094
5192
1096
5193
1097
1098
5194
5195
5197
3150
1104
3155
5205
5206
3158
3159
1111
1112
3160
1114
3165
1119
5216
1121
1124
5221
1125
3174
5222
1129
1131
3181
3182
1134
5231
5232
5235
3187
3188
1140
3189
1144
3192
5242
5243
1147
3196
3199
1153
5250
3204
5253
1160
3216
3217
5266
5267
3224
3225
1178
1180
1181
5279
1183
3231
5281
3234
5283
3238
5287
3241
5291
3244
1200
5297
3251
5301
1206
3256
1208
5309
5312
1217
3271
1224
5320
3272
3274
5323
3279
1232
5332
5334
5335
5338
3291
3292
3293
3295
5343
1251
3301
1255
1260
5357
5358
5360
3313
1268
5364
5365
3320
1273
5370
1278
1279
1281
5377
3331
1284
1285
5382
5385
3338
1292
5388
3340
5391
1295
1296
5395
5397
1302
3350
1303
5401
5403
3355
3358
1310
1314
1315
1317
3365
1319
3367
3370
3372
1326
3374
1327
3375
3376
3377
5425
1330
1332
3380
1333
5429
1334
3388
5436
3389
1341
5438
3391
5440
5441
3394
1347
3396
3397
3398
5447
3399
3401
3402
1355
3404
5453
3406
5456
3410
5458
3411
1363
1364
3414
3415
5463
3418
1374
1375
3424
3428
1381
5477
1382
5478
1383
1384
1387
5483
1395
1396
5494
1398
5495
5496
5498
5500
5505
3458
1413
5509
1414
5513
3465
5515
1421
3469
3471
5519
1424
3472
1429
3477
3478
1431
5528
3481
1433
3482
1434
1436
1437
5534
5536
5537
5538
3491
5542
5546
1452
1453
1458
5555
3507
1460
5556
1461
3509
1462
3510
1463
5560
5561
5563
1468
1469
5566
5569
3521
5572
3525
1481
3530
3532
5580
1486
3539
1492
1493
3544
1496
3545
3547
3548
3549
1503
1505
3553
3554
1507
1509
1510
1517
3566
3571
3572
1525
1527
1530
1532
1533
3581
3582
1535
1536
1537
3585
3587
1540
3593
3595
3597
1550
3599
1558
3609
1562
1563
3613
1573
3624
3626
1580
3628
3629
3633
1588
1594
3643
3646
1600
3648
1601
3650
3651
1604
1609
3660
1613
1614
3662
3666
3668
1620
3670
3672
3679
3680
3683
1636
3684
3691
1644
1647
1648
1649
3698
1656
3705
3707
1660
1664
3719
1671
1672
1676
1679
1680
3728
3730
1683
1688
1689
3738
1691
3742
3743
1697
1698
1700
1701
3749
3750
3751
1703
3752
1707
3757
3758
1712
1716
3765
1718
1720
3770
1722
1723
1724
1725
1728
1732
1734
3785
3786
1741
1742
3792
3795
1753
1757
3806
1761
1764
3813
3814
1770
1771
3820
1775
3826
3828
1781
1786
3837
3838
3841
3850
3854
1810
3860
1814
3862
3865
3868
1823
3873
3877
1830
1834
1840
3889
1843
1844
3893
3901
3908
3909
3913
3914
1867
3915
3916
3920
1873
3921
1874
3922
1886
3934
3939
3950
1902
3951
1904
1905
3953
1907
1909
3959
3962
3965
1920
1927
3980
3983
3984
3985
1939
3987
1943
3991
3997
1953
1960
1961
1963
4014
1979
1982
1983
4034
4035
1988
1990
4047
2014
4063
4066
2018
4067
2020
2022
4072
2028
2031
2033
4082
2036
2037
4086
2039
2043
4091
2044
2045
25
132
134
136
392
203
77
270
277
344
282
412
348
29
350
161
100
102
300
374
57
122
123
251
316
189
