1058
3
2051
4100
4101
4107
4111
2064
4113
2066
18
4116
2071
2075
2077
2078
31
32
4130
2083
4131
4132
2085
4133
2086
40
4142
4145
4146
55
4153
63
2112
66
67
4166
2123
4172
4174
2129
83
4181
89
4188
95
97
98
99
2149
4197
102
4202
4204
2157
2158
4207
2160
112
115
2165
118
122
124
4220
126
4223
128
4225
2178
131
2183
136
137
2185
4234
4236
2188
4237
142
2192
2193
2194
147
148
4245
4248
154
157
159
4257
166
2214
168
2218
4267
2220
173
4271
4272
178
4274
2228
4276
181
182
2232
2240
2242
4290
201
2252
204
4301
210
2261
217
220
4320
2272
4321
226
229
2284
2286
239
2289
4338
2290
243
246
2296
248
2297
4348
2302
255
4353
4358
2312
2313
2314
267
270
2318
273
2322
277
2334
2335
290
4388
293
2342
296
4396
4397
4398
303
2351
4399
2352
305
2355
307
2357
313
316
4412
317
4415
319
4416
4417
2372
327
2375
4424
4425
4428
333
4432
4433
2385
2386
4434
4440
2397
352
353
354
2403
4455
2409
2410
2411
363
364
4461
4462
367
2415
4466
4469
2422
2428
386
4483
2436
4484
388
4486
2439
4489
2443
2445
398
4496
2452
4501
2453
407
4506
410
4507
413
414
2465
420
4519
426
4526
2485
438
2491
2492
446
4544
4550
456
457
2505
4554
2508
2512
4561
2514
4562
4563
2518
2520
4568
2523
476
4574
479
4576
4579
2532
484
489
4586
494
2543
496
4595
4596
2549
4598
504
2552
506
4603
2556
2557
511
4609
2561
4610
4614
2569
521
522
4620
4622
529
532
4629
536
4632
538
4636
4637
543
2592
4641
2593
4643
2595
549
4648
552
4649
4650
556
4652
2607
562
4659
4660
571
572
4669
2621
4672
2624
4675
2628
580
4677
4678
582
585
2633
4685
2641
593
4689
2642
594
2643
4692
2645
4693
4695
603
2652
606
608
4704
4705
611
4708
615
4713
619
4720
2673
4723
627
2676
2677
630
4728
4732
636
2689
2690
4739
2692
2693
646
647
2698
4747
4750
4751
2704
4753
2714
666
667
2717
674
2723
2724
683
2732
2734
4783
4788
692
2741
2742
695
2743
2745
699
702
4801
2755
4803
708
2757
2760
2762
2763
2768
720
724
729
730
4826
732
742
4838
745
746
4843
749
2799
4848
753
4849
758
2809
761
766
4862
767
772
2820
784
785
786
789
2838
2842
794
2845
798
799
800
801
2850
2851
803
804
2854
2856
4904
4906
810
4910
2863
2867
821
825
2874
4923
4928
4930
837
4934
840
4936
4937
2891
843
845
4947
851
852
4949
2903
856
2905
4953
2906
4954
4956
4957
861
2910
864
2914
866
2916
4967
4969
874
4970
2927
879
881
882
883
4980
4982
4983
889
4987
2941
4994
4995
5000
904
2953
907
5003
914
2970
5019
2971
924
5022
2977
2978
931
2980
5029
934
5031
5034
5035
2988
941
942
5038
5039
943
2993
947
948
2998
2999
953
958
960
971
3021
3023
5078
982
3033
3034
5084
5085
5087
3039
3043
995
5093
3045
998
3047
5095
3048
1001
3053
3056
5105
3057
3060
1012
1013
3061
1014
1020
1023
5120
3074
5123
5125
3080
1032
3083
1036
1041
3091
3093
5147
3100
3101
1055
1056
1057
3107
3108
1060
5158
1063
1065
3116
5165
1069
5167
1071
3120
1073
1074
3122
5171
5172
3124
3125
1078
1081
3129
5177
3130
5180
1085
1086
1088
1089
3139
3140
1094
1096
1097
1098
3148
3158
1111
5207
3160
1115
1118
5215
5216
1120
1124
1125
5222
5227
1132
3181
3182
3183
5232
3185
1137
1139
5235
1140
5239
1145
5241
5242
5243
5250
3204
5253
5262
3216
3217
3219
5267
3225
1180
3229
1181
1182
3234
1190
3238
5286
5291
3244
1200
1201
5298
3251
3252
1206
3254
1207
5303
3256
5307
3260
5309
5311
5312
1217
3267
3271
1224
1225
3274
5323
3278
5329
1235
1239
5335
1241
5338
3291
3292
3295
5346
1251
3300
1255
1260
1266
5364
1268
5365
3320
5370
3322
5372
3325
3326
3327
1279
1281
5377
3329
3330
3331
5382
3338
3339
3340
1292
5389
1293
5391
1295
1297
1299
5398
3350
1303
5400
5401
1308
3358
1310
1315
1318
1319
1320
3370
3372
5422
1326
3374
3377
5427
1332
5428
3380
1333
1334
5436
3389
1341
5438
5439
5440
5441
3397
5447
3400
1355
5457
1362
3410
3411
1364
3414
3415
1370
1377
3428
1381
1382
5478
1383
1389
5485
5488
5493
1398
5496
1403
5499
3458
3460
5509
3461
1415
5513
1421
3471
3475
3476
3477
3480
1433
1434
3482
1436
1437
5536
1441
3491
1446
5542
1448
3497
1452
5550
5553
1459
5555
3507
5556
1460
3509
1461
3510
5560
5561
3513
1469
5569
5574
3526
5576
3530
1486
3537
1493
1500
3548
1505
3553
1509
3561
3562
1519
3569
3571
3572
1524
1525
1527
1528
3577
1530
1532
3580
1533
3581
3583
1540
3589
3593
3595
3597
1550
3599
1552
1560
3612
1564
1573
1576
3626
3629
1582
3633
3635
3636
3638
1594
3643
3644
1598
3651
3653
1614
3663
3664
3665
3666
1620
3668
3672
1626
3674
3677
1631
3679
3680
1636
3684
1637
3687
3692
1648
1649
1656
3707
1660
1662
3711
1664
3719
1673
3727
1680
3728
3730
1683
3732
1689
3738
1690
1691
3742
3743
3745
1698
1699
1700
1701
3750
1704
3752
3753
1707
1713
3763
1718
1723
1725
1726
3777
1732
3781
3785
3786
1741
1742
3791
3792
3793
3795
1753
1757
3811
3813
3818
3819
3820
1775
1777
1778
3826
1787
3837
3839
3842
1797
3847
1802
3861
3862
1815
1816
1819
1823
3877
3879
3881
1837
1840
3891
1844
1848
3897
3902
1858
3908
1867
3915
1872
3920
1873
1874
1882
3939
3944
3947
3948
3950
3954
1909
1914
3962
1915
3963
3964
3965
3969
3970
1927
3983
3984
1943
3991
3992
1950
3999
1953
1956
4005
1959
1960
4009
4020
4025
1977
1982
4031
1983
4034
1986
4035
4037
1989
1990
4039
4045
1999
2001
4051
2004
4052
2005
4055
2007
4056
2011
4062
4063
2017
4066
4067
2020
2021
2022
4071
4073
2028
2029
2036
2037
4086
2043
2044
4094
2046
22
128
33
257
100
199
76
175
79
178
114
148
344
121
25
282
122
251
412
92
221
350
63
