220
1027
515
9
1034
1547
11
525
1550
527
1039
1553
19
1556
533
23
538
1052
540
542
1055
1059
1572
1574
39
554
555
1579
45
1070
47
1074
1588
565
566
568
1593
1594
58
573
63
1088
579
70
583
1102
1106
84
1620
1111
600
1627
93
606
1630
1631
1124
1636
1125
1637
1638
104
617
1136
113
1649
1141
1144
1145
1659
637
127
128
640
1666
644
648
139
1166
143
1167
656
1680
658
1692
671
162
676
165
1702
1190
679
168
1193
170
1196
176
1716
183
695
1721
1213
192
1730
708
1732
1736
1742
719
1743
1746
1235
213
1238
219
1245
734
738
739
1253
229
745
1264
1776
757
1269
254
1795
1284
1797
1286
268
1810
274
1302
790
1303
795
285
1309
1821
286
1824
800
1826
1827
803
808
1325
1334
1339
1340
1345
1350
840
1356
1357
338
850
340
355
356
870
358
1385
362
1386
1387
875
366
1393
377
1402
891
1403
1408
386
902
391
1417
1419
395
913
915
410
411
925
929
1442
938
1451
944
949
1466
1467
445
1470
450
1474
1478
967
968
1485
1490
1491
980
469
984
985
987
481
1508
1512
1005
1523
1529
1017
506
1019
1021
1534
3
147
37
125
