150
515
1284
1797
9
1546
1034
1290
1547
268
525
527
1553
1810
19
1556
532
533
1302
1052
1309
542
1055
1824
1312
1826
1827
803
804
38
39
1063
810
555
1323
1325
45
1582
1074
1587
1588
565
566
568
1593
1339
828
1342
63
834
1347
70
583
585
1098
336
1106
850
595
1620
340
84
1111
1370
858
1627
356
1125
1637
1638
870
104
105
1386
875
1387
366
1649
1142
632
377
1657
891
637
127
128
1666
898
644
1669
138
139
143
656
913
658
915
1685
1689
410
161
1190
1702
1193
170
1451
683
1196
1712
433
1458
1716
949
695
1721
957
1470
1215
704
960
1473
1474
708
1221
1478
967
712
1485
1742
1490
1491
469
472
985
1758
734
481
738
739
1508
1512
1774
1523
755
1269
757
1525
1529
1021
254
1023
2
124
125
