158
257
1
1284
1796
1797
9
1546
1034
11
779
1547
268
1037
525
1551
1295
527
1552
276
533
278
1302
23
1052
285
1309
1822
286
798
1824
1057
802
1827
1573
37
1574
1831
39
810
1836
1325
1074
820
1588
565
1334
823
1593
1339
63
1603
1350
1354
74
332
338
84
340
1110
1111
88
600
1115
865
1122
355
356
1637
1125
870
1638
104
1386
1387
875
1644
366
1136
1649
1650
1141
631
1145
377
378
637
127
640
128
1666
1668
644
645
395
139
652
909
1678
1166
143
1680
656
913
658
1171
915
1688
1434
410
419
1190
679
1193
170
1451
688
1712
1714
1716
437
949
1463
1721
1469
1470
193
1476
708
1485
210
1491
980
725
469
1238
985
1245
734
481
738
739
996
1252
1508
1005
1007
1264
753
242
499
1523
757
1269
1014
1529
506
1021
254
2
24
125
