155
1280
515
1284
774
1546
1290
1548
782
1296
1553
1810
19
1556
532
1560
1818
1562
1563
542
1055
1312
1826
803
804
1060
1829
38
1063
40
297
553
810
555
1323
45
1582
561
1585
1587
1076
566
311
568
1338
828
1342
577
834
1347
836
70
583
585
329
843
76
336
1361
850
1106
851
595
1620
1370
858
1114
1627
1120
1123
1382
105
1386
618
620
621
879
1649
881
370
1142
632
1657
891
897
898
1667
1669
135
136
138
906
910
912
1426
1685
1686
919
1689
409
1436
670
926
414
160
672
161
421
1189
1702
935
683
174
1199
1712
433
1458
695
1722
955
703
704
960
1473
1474
1731
963
196
1478
967
1479
712
969
458
1742
718
1490
980
1237
215
472
1240
475
1758
991
1766
231
1512
490
1774
750
755
1525
1788
1790
1023
2
84
124
