134
770
515
1795
1027
4
1800
1290
1546
11
1292
1804
1293
1808
1556
791
282
1054
543
31
1568
32
1570
803
551
1831
1576
1835
812
1582
303
816
1584
818
52
820
54
61
1341
1087
66
1602
71
72
590
1103
593
338
850
1620
1621
1625
1630
606
863
97
865
1124
872
1386
106
878
367
1136
1393
1140
1142
1401
1403
1665
1409
1669
390
391
903
1417
1171
403
916
1429
408
154
411
1183
161
675
677
678
423
168
680
1705
430
695
951
952
1209
1469
448
704
1730
1220
710
455
459
971
1742
719
211
468
726
982
984
728
1753
1498
730
1754
986
1756
221
1506
1512
1004
1260
1005
1008
240
754
1267
1783
248
1276
766
767
2
155
76
