154
1280
770
515
1027
4
774
1290
1804
1548
1293
782
1296
1560
1818
1562
1563
1054
543
31
32
1570
1060
1829
40
297
553
1835
303
816
1584
1585
561
820
52
1076
54
311
1338
1087
577
1602
836
329
843
76
590
1103
1361
851
1625
1114
1630
863
1120
97
1123
1382
872
106
618
620
621
878
367
879
881
370
1140
1142
1401
1403
1409
897
1667
390
391
903
135
136
1417
906
910
912
1426
1171
403
1429
1686
919
408
409
154
1436
926
414
670
1183
672
160
161
675
677
1189
421
423
935
680
168
174
1199
951
952
1209
1722
955
703
448
704
1731
963
196
455
1479
969
458
971
1742
718
719
211
1237
984
1240
1753
1498
1754
730
986
475
221
991
1761
1766
231
1512
490
1260
750
240
1783
248
1788
766
1790
2
84
76
