225
1028
517
1542
1032
1545
1042
1556
1560
25
1562
538
1570
1060
551
553
554
44
558
1071
1583
1077
1590
57
1594
1084
577
65
66
1092
1095
584
1610
74
76
589
591
1620
1110
1114
1628
607
97
107
620
623
1136
624
1139
1653
1141
631
632
1154
136
1678
1680
657
1173
662
1174
1689
154
1691
668
157
1183
671
672
673
1189
1194
176
688
177
691
180
695
183
1209
1722
1211
699
188
191
704
194
1731
1732
711
1736
1225
202
1738
210
723
725
1238
726
728
1242
1245
1251
740
1766
745
235
752
240
1776
753
248
761
762
763
252
766
1791
768
1282
1795
1283
774
265
1290
266
1293
782
1807
1295
1296
1818
1308
1310
287
290
803
1829
293
1319
297
1835
299
1836
814
1838
302
1327
816
307
311
828
1340
833
326
839
329
845
1361
850
852
1365
1369
858
860
865
869
359
871
1385
1386
362
878
1391
881
1393
370
888
1403
1405
1411
390
1414
904
905
1417
396
397
910
911
1426
1434
925
926
415
1441
419
421
935
430
1459
950
1462
440
953
955
448
963
964
453
456
968
969
457
458
971
464
466
475
1501
1504
993
996
1018
510
1023
3
116
43
75
