306
1536
2
1538
3
515
1030
6
522
1034
1550
2062
15
1052
544
545
547
548
1061
1065
1577
1578
1066
1067
44
45
1581
558
559
561
54
55
56
1082
571
1595
573
1086
1088
1600
67
1603
68
580
1605
1093
581
70
1095
1096
584
1608
74
1098
1611
587
589
81
1105
1619
1108
84
87
1112
1624
1114
92
604
606
96
1122
99
611
1636
1125
102
1639
617
1129
105
619
107
108
1644
1132
1133
1135
1136
627
119
634
1660
1152
132
1668
1156
645
646
1672
1161
142
1680
1173
1687
665
1693
670
671
160
674
1702
1192
170
1706
173
174
177
178
1207
696
1721
1210
699
1726
1727
703
192
194
1730
1732
1220
709
1735
1224
712
202
1738
716
206
1745
722
723
212
727
218
1242
1243
732
222
224
225
1249
1763
1251
1769
745
754
1781
1272
250
1792
1793
772
1797
1285
773
776
1289
1803
267
270
1810
787
1812
789
277
790
1303
1818
1820
1822
290
1829
1830
1318
1320
811
299
300
1838
1841
1329
1330
1331
309
1334
1848
1339
1341
1342
830
1855
1344
1860
325
1350
326
327
1351
1867
331
1868
332
1359
1872
852
1876
1879
343
1880
859
1884
1373
352
1891
867
868
361
362
876
1901
879
1392
1396
372
1909
887
380
383
1408
897
1924
1412
1926
1927
395
1931
911
401
1426
914
1939
916
1428
918
1944
412
1437
1438
415
417
1443
932
1956
933
934
1447
1960
1452
941
942
1454
434
948
439
953
954
1471
962
969
458
463
467
980
1493
1502
1503
480
2016
1506
2018
2023
2025
2026
1002
493
1010
2036
1525
1013
1527
504
1017
1530
506
1531
1532
19
32
0
129
131
37
106
76
44
111
143
81
146
83
21
119
93
158
94
127
