238
1025
2
1538
515
3
1545
2063
15
1043
1046
27
543
544
545
33
547
548
36
1066
44
558
1070
1585
50
54
1080
56
1082
571
1595
572
1085
1086
1089
68
581
1605
1606
70
1095
74
587
1100
81
1108
87
1624
604
96
98
99
611
1636
614
1639
617
105
618
107
108
1644
1132
1133
627
1143
1656
1145
634
124
637
131
645
134
1671
650
142
1168
146
1170
1172
665
1693
670
1695
160
1703
1192
170
1707
173
687
1721
699
1730
707
197
1222
1735
711
200
712
716
722
727
1752
218
1243
1755
222
224
739
230
1769
745
746
241
1792
1280
1281
772
773
1803
782
1294
787
1812
1813
277
789
790
1303
793
1818
1820
1822
1313
805
1318
1830
811
1324
1838
1331
309
823
316
830
1855
1344
1857
1860
1349
837
325
1350
326
1351
1352
328
843
1872
1360
1876
852
1879
859
860
868
874
363
1388
367
1907
372
1397
887
1912
893
383
1408
897
1412
1924
1927
1418
395
1939
1428
1944
1435
412
1437
927
417
1956
932
1444
933
1960
941
942
1454
434
436
439
954
1978
1469
1470
1471
1986
456
969
458
461
1997
1999
980
982
477
2016
480
2018
998
2023
488
2025
1002
2026
1009
1525
1526
2038
1527
506
1532
1021
509
17
32
96
100
71
39
8
43
76
44
114
83
119
24
56
91
94
63
