352
1025
2
1538
515
3
6
1034
1547
2062
15
2063
2065
1555
1043
2067
2068
1046
534
27
544
545
547
548
1061
39
552
1066
1578
44
1581
46
558
1585
1082
1595
572
573
1085
1086
63
576
1600
1088
1091
1603
1604
68
581
1093
1605
1606
70
1095
1608
1096
585
73
1098
74
587
1611
1100
77
81
1108
85
87
1624
600
1625
1114
1626
604
1116
92
605
93
607
1121
1122
611
1636
102
1639
1129
617
108
1132
1644
1133
622
1136
113
1137
629
118
1143
633
634
635
124
125
1662
132
1668
645
646
1672
649
1164
141
142
1168
1680
656
657
146
1172
149
1173
1686
665
1690
1693
671
160
1185
161
1701
1192
170
1194
173
174
687
1206
1721
699
1727
1730
707
1220
709
1735
711
712
200
1224
716
718
1230
1743
1745
723
727
729
1243
1755
732
1245
222
224
225
1763
739
1251
743
745
1769
1773
240
1779
1788
1792
1281
1793
772
1797
773
1285
1798
1289
265
1290
1803
268
1805
270
273
1809
787
1812
1813
277
790
1303
1818
1820
1822
1824
290
805
1830
1318
811
1838
1330
1331
1333
309
823
824
1339
1340
830
1855
1856
1857
1348
1860
325
1350
326
1351
331
1868
1356
334
1359
1872
849
1362
1876
340
1365
1878
346
860
1373
863
868
873
874
362
363
875
1900
879
367
1392
369
1912
1403
892
380
1919
383
1408
897
1922
1411
1412
1924
1927
393
1931
395
1932
1933
1425
1426
1428
916
918
1431
1944
408
409
1945
1433
1435
924
412
1437
1438
417
1443
1444
1956
932
933
1446
1447
1960
1452
942
430
1454
434
947
948
1974
439
953
954
1467
1980
1470
1471
448
962
1475
964
1991
456
969
457
458
1483
972
461
974
465
467
980
1493
477
1504
480
2016
481
2020
2023
999
488
2025
2026
1002
2028
493
1009
498
2036
1525
2039
1527
1017
2042
506
1530
1532
1021
29
0
128
4
5
71
135
138
76
15
143
81
146
83
148
149
22
152
91
94
32
35
37
110
111
50
115
122
126
63
