270
2049
2
3
6
15
2065
1043
1051
1052
543
544
545
547
548
551
1578
1066
44
1581
558
1070
1071
1585
54
1080
1595
571
1085
1086
1600
1601
67
579
68
580
1604
1605
581
1606
70
1608
1098
587
1611
1100
1617
81
1105
1108
86
87
600
1624
1114
604
92
99
611
614
1639
1129
618
1131
107
619
108
1132
1644
1133
113
627
1145
634
635
124
637
131
645
1671
650
142
1168
1680
657
149
665
667
1693
1695
160
170
1707
173
174
177
695
1207
1721
1210
699
1727
703
1732
709
197
711
712
200
714
716
719
1745
722
723
727
222
224
1763
230
745
1769
1775
242
1792
1793
773
263
1289
266
1294
782
1810
787
790
1302
1303
1307
796
1822
798
1313
290
1830
809
811
1838
1330
1331
307
308
309
1333
1334
1848
1341
830
1855
1344
1860
325
1350
1352
1867
1868
1356
1360
849
1876
852
1365
1878
1879
859
1373
863
1890
867
868
361
874
1900
876
879
1392
370
1907
883
372
884
1908
1397
887
893
1408
897
1922
1924
1412
1926
1927
395
1422
1426
1939
1428
916
1944
1435
1437
415
927
416
417
1441
418
1443
1956
1444
932
933
934
1960
941
942
1454
434
436
439
953
954
1467
1469
959
1471
448
449
1986
962
964
458
1483
1997
974
463
467
980
982
477
480
2018
1506
998
488
2025
2026
1002
493
2033
498
2036
1525
1526
1527
1017
506
1530
1532
1020
1021
509
17
160
100
5
37
133
39
135
108
146
114
83
21
119
56
122
94
127
