351
1025
3
515
2052
6
2054
519
1034
11
15
1043
532
534
1052
542
543
545
547
548
1060
1061
39
44
1581
1070
558
1071
1585
50
1587
564
54
1079
56
1080
1082
1595
571
59
1085
1599
576
1088
1603
67
579
1604
68
580
70
583
1095
1608
585
1611
1100
1105
81
1107
1108
87
600
1624
1626
604
96
1122
99
611
1636
102
1127
1639
615
105
619
107
1132
1644
1133
622
1136
1650
627
1656
120
633
634
124
1660
1148
637
1151
131
1668
132
644
645
1672
137
1673
650
651
139
140
142
1680
1170
1172
1684
149
1685
1686
1176
665
1690
667
1693
670
160
1696
674
1703
1192
170
1707
172
173
174
1206
1207
183
696
1721
1722
186
1210
1726
703
1727
1730
1732
1220
709
1735
711
712
200
1224
1738
716
204
722
723
1748
724
218
1242
220
222
224
1253
230
1767
1769
745
746
1775
1781
1270
1272
1273
767
1792
1281
258
1799
1803
779
782
1294
270
1810
1812
1813
789
277
1303
1818
1820
1822
1830
1318
807
1320
299
811
1324
1838
1327
309
1334
823
1335
1341
1853
1342
1855
1856
1344
322
1860
325
1350
1351
327
1352
1353
331
1867
1868
333
1359
1360
336
338
1364
1876
852
1367
1879
1368
1880
859
860
1372
1375
866
867
868
1380
357
1381
873
362
874
363
369
1907
883
1396
1397
887
1401
379
891
383
1408
897
1922
899
1412
1925
1413
1926
1927
1417
1418
395
1939
1428
408
1944
409
1435
412
1437
927
415
1440
1441
417
1442
1443
932
1956
933
421
1446
934
1447
936
1963
1452
1454
942
947
439
1464
954
1978
1467
956
1980
1471
1472
960
962
964
453
456
969
458
1483
1998
463
980
2005
1493
982
470
477
1502
2014
1503
2016
480
481
1506
2018
2023
488
2025
1002
490
2026
491
493
1009
1011
2036
501
1525
1013
1526
1527
506
1532
1020
1021
509
25
0
131
4
5
71
8
14
142
16
83
19
21
154
28
32
98
100
41
44
47
111
114
55
119
58
