249
1025
2
3
6
1545
1034
2058
523
15
2065
1043
532
1052
31
544
545
547
548
1061
1575
1578
1066
44
558
559
56
1082
1595
1085
1086
1600
1089
1604
1605
1093
581
1095
1096
584
74
1098
587
589
1613
1105
1108
87
600
1625
1114
604
92
96
98
1122
99
1636
102
1639
617
105
1132
1136
113
634
635
124
636
132
645
646
1672
1160
649
650
1674
141
142
1680
1168
1172
1684
1685
665
1693
670
671
160
1185
1192
170
1198
174
175
1207
1721
699
703
1730
707
1732
1220
1735
200
712
716
204
1745
723
727
1752
1243
1245
222
224
225
1251
1767
1769
745
1773
241
244
1781
1792
1281
772
1285
773
265
1289
1809
273
1810
274
787
1812
1813
789
790
1303
1818
1822
1310
1830
811
1324
1838
816
1841
1330
306
1331
309
823
1339
316
1341
830
1855
1856
1860
325
1350
1351
1867
331
1868
1356
334
1872
1876
1365
1878
343
860
863
868
1897
874
362
367
1392
372
887
379
897
1922
387
1412
1927
395
1423
1427
1428
916
1944
412
1437
1952
417
932
933
421
423
1447
1960
1454
434
948
439
953
954
1980
1471
448
456
969
457
458
461
974
462
463
467
980
1493
2005
1501
2016
480
993
1506
483
2023
1513
2026
1002
493
1517
1009
498
2036
1525
1527
506
1530
2042
1532
17
96
0
32
37
71
76
44
46
111
51
21
149
25
153
122
156
94
