411
1025
2
3
2052
6
2054
1034
11
2062
15
1043
31
1060
1061
37
1066
44
1070
47
1078
54
1079
1080
1081
1082
1085
1086
63
64
1088
1089
67
68
1093
70
1095
1096
73
77
81
1108
85
87
92
1122
98
99
1123
107
108
1132
1133
1136
1143
1145
124
1150
1154
131
134
1160
139
142
1168
1171
1172
149
160
1192
170
1194
172
174
1206
183
186
1210
1212
1216
192
1220
197
200
204
206
1239
1242
1243
222
224
225
230
241
244
245
1270
1281
258
1285
262
264
265
267
1294
1298
1303
1313
1318
299
1327
1330
307
1333
309
1334
313
316
1344
325
326
1351
331
1360
1364
340
1367
1370
1373
353
1381
361
362
363
367
1392
1393
369
370
371
372
1397
1400
1411
1412
1415
395
1420
1422
1428
1431
1435
412
1437
1438
414
415
1440
417
1441
1444
421
1446
1447
1451
1452
1454
439
440
1464
1467
1469
1471
1472
452
453
458
1483
460
1487
1493
477
480
481
1507
483
1510
1513
489
1525
1526
1527
1530
506
507
1532
1533
1535
1536
1538
515
1543
542
544
545
1570
547
548
1581
558
1585
561
1587
564
1590
1594
571
1595
572
573
1599
1600
576
1604
580
1605
584
1608
585
587
1611
589
1617
1624
602
604
605
1630
611
1636
614
1639
618
1644
622
627
634
1661
1665
645
1671
1672
1673
1674
650
1679
1680
657
1683
665
667
1693
670
671
1706
1707
695
1721
699
1726
1727
706
707
709
1735
711
712
1736
1737
714
716
1745
722
1747
723
727
1755
736
739
1769
745
746
1771
749
751
1775
1781
765
1790
767
1792
768
1795
1797
773
776
1803
782
787
1812
1813
789
790
792
1818
1824
1830
806
809
811
1838
817
1841
820
823
1848
1849
1853
1855
1856
1857
1860
843
1868
1869
849
852
1876
1878
854
1879
859
860
1890
868
870
1897
874
1900
876
879
1905
1907
1908
885
1912
1916
893
895
897
1922
1925
1926
1927
1929
1936
1939
916
1944
1946
923
927
932
933
934
935
1959
1960
1963
944
947
1974
953
954
1980
956
957
960
1985
1986
1987
964
969
1998
980
984
2011
2017
2018
998
2023
2025
2026
1002
1006
1009
2033
2034
1012
2042
2044
1021
28
0
129
5
71
135
75
142
79
144
154
157
95
32
96
100
37
104
107
111
47
51
118
119
55
56
59
127
63
