256
2
3
1030
6
1034
2062
15
2065
1043
2067
532
1560
544
545
547
37
1061
1066
1578
44
45
1581
1072
50
56
1595
1086
1600
1603
1604
1093
1605
581
1095
1608
1098
587
81
1106
1619
1108
87
1112
600
1625
1114
92
604
93
1630
96
1122
611
1636
102
1639
105
108
1644
1132
1135
1136
113
1143
634
635
1152
132
1668
1156
645
136
1672
649
142
1680
1168
1172
1684
665
1693
160
1185
674
170
173
1712
178
695
1720
1721
1722
699
1214
706
1730
1220
709
1734
1735
712
1737
714
716
1745
1748
727
1752
218
220
1245
222
1758
224
225
1767
745
1769
1773
240
754
250
1792
1281
1797
773
1289
1803
1809
787
1812
789
1813
277
790
1303
1818
1820
1822
1310
805
1830
1318
1833
811
1324
1838
1329
1841
1330
1331
1333
309
823
1848
1339
1853
830
1855
1856
1860
325
1350
1351
331
332
1356
1868
1359
338
1876
1365
1878
343
860
1884
1373
863
868
361
1385
362
363
1901
879
1392
1909
1910
379
380
1916
383
895
1408
897
1411
1924
1412
1413
1927
1929
395
1426
916
1428
1944
412
1437
417
1443
1444
1956
932
933
1446
1447
1960
942
1454
434
439
953
954
1471
448
962
456
969
457
458
974
1998
467
980
1493
1502
480
2016
488
2025
2026
490
1002
493
1009
2033
1010
498
2036
1525
1527
1530
506
1020
1532
1021
17
32
0
37
71
41
44
14
111
144
81
83
149
54
122
158
94
127
