244
1025
2
1538
3
515
6
2056
523
15
1555
1043
1046
1052
545
33
547
548
36
1061
550
1070
1071
1585
56
1081
570
1595
572
1086
1599
579
68
581
1095
1608
73
74
587
77
589
1105
81
1108
87
1624
604
605
1630
96
99
1636
614
1639
105
617
618
108
1132
1133
1650
627
1656
1145
634
124
637
1661
1668
645
134
1671
1674
142
1168
146
1172
149
665
1693
670
1183
671
160
674
1702
1703
1192
170
173
1207
1721
699
1723
1212
703
707
1732
197
1735
711
712
1736
200
1737
716
1745
722
1237
727
1240
1243
1755
222
224
739
745
1769
1269
1792
1281
773
782
1810
787
1813
789
277
790
1303
1818
1307
1819
1820
1822
1313
1830
1318
807
811
299
1324
1838
1331
307
309
1341
830
1855
1860
325
1349
837
1350
1352
328
1867
1868
1872
849
340
1876
1878
1879
860
866
1379
868
873
361
874
363
1900
1906
372
885
887
1912
891
379
1404
383
1408
897
1922
899
1411
1412
1927
1417
1929
395
1422
1428
1944
1946
412
1437
417
1442
932
420
1956
1444
933
1446
1959
1960
936
938
1452
942
1454
434
1974
439
954
1978
443
1469
1471
960
962
451
969
458
1483
461
980
982
477
480
2023
2025
1002
2026
2027
493
1006
1009
1527
506
1532
1021
509
19
64
65
98
135
71
8
43
44
76
112
144
17
114
83
21
56
61
94
63
