254
1025
2
1538
3
515
1030
6
2056
523
11
15
1043
2067
532
1046
534
544
545
547
548
1061
1578
45
1581
558
1585
50
1077
56
1081
1595
1085
1086
1599
1091
579
68
581
70
1608
73
1098
587
1611
1100
77
81
1106
1108
85
87
1112
1624
1625
1114
604
605
1630
611
1636
1637
102
1639
105
108
1644
1132
1135
119
1143
1655
121
633
634
124
1152
1665
132
645
134
649
1674
141
142
1679
1168
146
1172
149
1686
665
1690
1693
160
1185
165
1702
170
173
174
178
1714
1206
1721
699
1212
1727
1730
709
1735
711
712
1224
200
1737
716
1745
723
1748
727
1752
1755
1245
222
224
1249
739
1769
745
1773
751
754
250
1792
768
1281
1285
773
1289
1803
782
787
1812
1813
277
790
1303
1818
1307
1820
1310
1830
299
1324
1838
1331
1333
309
823
1855
1860
325
1350
326
1351
1868
1356
332
849
340
1876
1878
860
1373
868
361
874
363
1900
1901
885
1909
1912
379
1404
380
383
1408
897
1922
1411
1412
1927
1929
395
1933
401
1426
1428
1944
408
409
1434
1435
412
1437
417
1443
932
1444
1956
933
421
1446
1447
1959
1960
1452
1454
942
434
1974
439
954
443
1980
1471
960
962
964
456
457
969
458
1483
467
980
470
480
2016
2025
1002
2026
493
1009
1010
1011
2036
1525
1527
2042
506
1532
2047
19
32
65
162
4
5
71
135
75
44
142
144
81
83
149
120
158
94
126
63
