1168
2050
2052
4101
8
2057
4106
4107
4108
12
2066
2071
23
4121
2074
2075
4124
4126
31
2080
2081
35
4131
4132
2085
4133
39
40
41
2090
4142
48
4145
4147
2100
52
53
2103
55
2104
56
4154
4158
4159
2112
67
2118
72
4168
2123
4175
2128
4177
4178
2131
89
4185
4186
90
4187
2140
94
2142
95
4193
4194
2147
4197
2149
102
4201
4203
2157
110
2158
112
114
115
118
4216
122
123
2171
2172
4220
4221
4223
128
2176
4225
131
2181
135
141
4238
142
2192
2193
145
147
4248
154
2204
2206
4261
166
2214
168
4268
2221
173
4272
176
179
4276
181
182
2230
2231
2232
2234
4282
4284
4290
195
2243
4291
4293
197
4296
4298
4301
4303
4316
220
2268
2269
223
4320
4321
226
2274
4324
232
4331
2284
2286
2290
242
243
4340
248
2296
249
253
4349
2302
4358
4360
2313
270
273
274
2322
4374
279
2327
4376
4378
289
4387
291
2340
2342
4392
297
4394
4396
2348
4397
2351
303
4400
2353
316
2366
4415
4417
321
327
4425
331
4428
333
4432
4434
4438
345
2394
2395
4447
352
353
2403
361
2410
2411
367
4466
2418
4469
378
4475
2428
381
384
385
386
2434
4483
2436
4486
4487
2440
2441
2443
4493
2445
398
4496
2449
4497
4499
406
4504
408
4506
4509
4510
2465
2467
420
422
4520
2473
4526
432
433
4530
2485
437
4533
2487
2490
443
2491
446
4544
452
2501
4551
456
2504
457
2506
4554
2508
465
466
4562
2515
2518
2520
474
476
4573
4574
2527
479
2528
2530
484
4584
2536
4588
492
494
4590
2543
498
4595
4596
4597
2549
504
2552
506
4603
2556
4605
4606
4608
2567
4615
2568
4616
4617
4622
4625
532
2583
536
2584
4632
2587
2588
2592
4641
2593
546
2594
2597
4648
4649
4650
556
4652
4653
558
4656
4660
569
570
571
4668
2621
4672
2626
578
2628
4676
4679
2638
2641
593
2643
4691
4692
4693
2647
600
603
4699
606
607
609
4706
4707
2660
4712
4713
4716
2672
2674
4723
627
2676
4724
2677
4727
632
2681
634
2683
4732
2686
643
4739
2692
645
4746
650
4747
2700
4750
2704
659
660
662
666
2714
667
4763
668
2716
2717
671
2722
674
2723
2724
2726
679
2734
4782
687
4783
689
2737
4785
692
2742
695
2747
2750
702
2751
4801
2754
4803
708
710
2759
2762
2763
4814
2768
720
4821
2776
4826
4828
733
4830
735
2784
736
739
4835
2788
2789
4838
4843
2800
753
2801
4851
758
2808
760
4856
2809
762
4859
4863
4866
2818
771
772
4868
2821
2822
4872
777
4875
780
2829
786
798
4895
801
2851
803
2852
804
2853
806
2856
4904
2858
812
2863
4912
4913
821
4918
824
825
2874
2875
827
2877
2878
831
2880
4928
834
2883
4931
836
838
4934
2887
840
4938
843
845
2894
852
4949
2903
856
2904
4954
859
861
2914
2915
2916
868
4965
4967
4969
874
4970
875
2927
4977
881
2932
2933
4982
886
4983
2937
889
4987
4990
2943
2944
896
4992
4993
901
5000
2953
5003
2960
914
2963
918
919
5016
5017
921
2971
2972
5022
2974
2977
5025
931
932
2980
933
934
5031
2987
5035
940
2989
942
5039
5044
2999
5048
953
958
959
5055
960
961
5058
963
3015
5063
3017
971
3020
3021
5069
5072
981
3030
5078
3034
3035
5085
990
3038
5087
3043
996
3044
5093
998
5094
3046
3048
3057
1010
5106
3060
3061
5111
1017
5114
3067
1019
5115
1022
1023
3071
5120
5123
1029
5125
1031
5127
3080
3091
3092
3093
1050
5147
3100
1054
1055
1056
1057
5153
3107
1060
5157
5158
1065
1069
5165
1071
5167
5168
1073
1074
3124
5175
1079
3127
3129
1085
1086
5182
3134
1087
1088
1089
1090
3139
1091
1095
1096
1097
1098
5195
3148
3150
5205
1111
5207
5208
3160
5210
5211
3165
5214
5219
5223
1128
5224
5226
3178
5227
3181
3182
5232
5235
1139
3188
5237
5238
1143
5239
3192
5243
3196
1148
5246
5248
5250
3204
5252
3207
3208
5257
3215
5264
3217
3218
5266
5270
1174
1177
5275
1182
1186
3234
5287
3241
3244
1196
1200
1201
3252
1206
5303
5307
3260
5309
3262
3263
5311
5314
3267
1220
3270
1223
1224
5321
5323
1232
1235
5334
1241
3291
5339
3292
3295
5346
1251
3300
3302
1255
1256
3307
5358
1263
5360
3312
1266
1267
1268
3316
5370
5372
3326
1281
3329
5377
3330
1282
3331
1284
5381
1286
1290
3338
1292
5389
5391
1298
3348
5396
5398
1302
3351
5400
5401
5403
1308
1309
3358
1310
3359
5407
1314
5411
1315
1317
1318
3366
3368
3370
3371
3372
5421
1326
5422
1327
5425
1332
5434
1339
5436
3391
5440
5441
3397
1351
5447
1353
3402
1355
5452
3405
5456
3410
1362
1363
3411
5461
3414
3419
3420
5469
3422
1375
1377
1381
1382
1383
5480
1384
1387
5484
3437
5486
5488
3440
1394
5490
5492
5493
1398
5494
3448
5496
5498
1407
3456
5505
1410
5506
3461
1415
3466
1420
5519
5520
1424
5523
1429
1430
5527
1433
3482
1434
1436
1441
3493
1446
5543
1447
1452
5555
3507
1460
1461
3510
5560
3512
5561
3514
5564
3518
5567
1473
3523
5574
5576
1481
5577
5578
3530
3531
3532
1491
3539
1492
1494
3547
1500
3551
1505
3554
1507
3558
1513
3561
3562
1516
1519
1520
1521
3569
3570
3571
3572
1525
3575
1528
3577
3580
1532
1533
1537
3585
1540
1543
3592
3593
3594
3595
1548
3597
1550
3599
1553
1554
1569
1572
1575
3626
3627
3628
1581
1582
3633
3638
3639
1599
1601
3653
3655
1609
1614
3664
3666
1619
1620
3668
3672
3677
3680
3682
1635
3683
1637
1638
3692
1649
1650
1657
3707
1659
1660
1662
1663
1664
3715
3717
1670
3719
1671
3730
1683
3732
3738
1691
1699
1700
3749
3750
1703
3752
1706
1707
3759
1712
1715
3765
1720
3770
1722
1723
1733
1738
3787
1740
3789
1742
3791
1744
3792
3793
1746
3795
3796
3798
1753
3806
1758
3809
3813
1766
1768
3818
3819
1774
1775
3825
3826
3837
1789
3838
1792
3841
3848
3853
1807
1810
1815
1816
3865
1817
1819
1820
1823
3872
3877
1829
3878
1834
3882
3883
3886
3887
1840
3890
3891
3894
1849
1851
3901
3902
3907
3908
3911
1865
3914
1867
3915
3917
1870
1872
1873
3928
3937
1895
1902
1904
1909
1910
3958
1914
1915
3965
3970
3971
3974
3978
1931
3984
3987
1946
1948
3997
1949
3998
4002
1956
4004
4007
1960
4008
1961
4009
1963
4016
4017
1973
1979
4029
1981
4032
4033
4034
4035
1989
1990
4041
1995
1999
4049
2003
4052
2004
4053
2007
4056
4058
4062
4063
4066
2019
2020
2022
4073
4075
2028
2030
2033
2036
4084
4085
2037
4087
4090
2043
2045
4095
28
0
323
68
132
9
333
272
274
83
85
277
215
344
92
414
38
107
109
175
305
115
121
185
123
251
380
60
255
