1471
2050
4
2053
2055
4103
8
2057
4106
4107
2063
15
4112
2065
18
23
2072
26
27
4124
4126
2078
2079
4127
2081
33
4130
4133
2085
39
40
41
2090
45
4142
46
4143
2095
4145
50
4148
2101
54
2102
55
2104
56
4153
4154
2109
4158
2112
66
67
2116
2117
71
4168
2121
2122
4172
4174
2127
4177
82
2131
4183
89
4186
90
91
2140
4188
4190
2144
96
4192
4193
2147
4197
101
102
4201
4202
4203
2158
4208
113
4209
114
115
4211
2164
4212
2165
4213
117
118
4217
122
2171
123
124
2172
4221
125
2173
2174
4223
2176
4224
4225
131
132
135
2188
4236
4238
143
146
4242
2194
147
4245
4248
4249
2202
4253
2206
4255
159
2208
161
4257
4261
165
2214
168
4264
2217
2220
173
2223
4272
178
179
182
2232
2234
4283
4284
2239
2240
4288
193
4290
2242
4291
4293
197
198
4296
201
4298
204
4300
2254
207
210
212
213
2263
4315
2268
223
4319
2272
4321
2274
4324
229
2281
4331
4333
2286
2287
4336
241
2290
4338
242
4340
245
246
2296
248
249
251
4348
252
253
2301
2302
256
2306
4354
2307
259
260
4357
4358
263
2312
2313
4363
2315
270
4367
4368
272
273
4370
276
281
4378
4380
285
2334
4382
288
4386
2342
4394
4396
2348
300
4397
4398
303
2352
4400
2354
2355
307
2356
309
2357
4408
4411
2363
316
4413
2366
318
2367
4415
4417
321
2371
2372
325
4425
331
2379
4428
333
2382
4431
4432
336
2386
4435
343
344
2393
346
2394
2396
2397
4447
2399
352
353
2403
357
2406
360
2409
2410
2411
364
4461
2414
4462
2418
4468
2422
374
376
2425
378
4474
2428
4476
381
384
4480
385
386
387
2435
2436
4487
2443
2445
398
4494
4495
2447
2449
2452
405
406
407
4506
411
4508
413
2462
4510
2465
420
2469
422
2471
4519
426
2474
2477
431
2481
4529
4530
434
2483
2484
437
2488
2490
2491
2493
446
2496
448
449
452
2501
4550
4551
2507
4556
460
2509
462
465
4562
4563
4564
469
4567
2520
473
4569
474
2523
476
2524
4573
479
2528
2529
4579
484
4580
4585
490
4588
494
2542
2543
496
4597
502
4599
504
2552
506
4603
2556
2557
511
4609
515
4613
4614
4616
520
2568
2572
530
2579
532
2583
2584
536
4634
538
2592
4641
2594
4642
549
4645
4649
4650
2602
2604
2606
560
2609
2610
564
2613
2615
4665
2618
572
4669
574
2624
4673
578
2628
582
4680
2633
586
4685
592
2642
4691
2645
2646
2649
2652
4701
2653
607
2655
608
609
4705
4706
4707
611
613
615
617
4714
618
621
4719
2672
2674
627
2676
628
2677
2679
4728
4732
2686
2687
4739
2692
4741
649
4747
4750
2702
2704
656
4752
4753
659
4756
2710
666
667
4764
668
2717
671
4767
2720
4768
2726
679
4777
2731
683
2734
687
4783
2737
693
2741
695
4791
2745
699
4795
703
2754
2755
4803
708
4806
710
2759
2760
712
713
714
2762
2764
4813
2765
4814
2767
2768
723
4821
2773
729
2777
4827
4830
734
735
736
739
2789
2790
2792
744
4841
2793
751
4849
753
2801
754
4851
4854
4855
2809
4857
4859
2813
765
2814
767
2815
4863
4865
2817
2818
771
2820
772
4869
4870
776
4872
2824
777
4875
779
780
782
4878
783
2832
786
4883
788
4884
789
4886
2841
4893
2845
798
2848
2849
4897
803
2851
806
807
2857
811
2863
4913
821
4918
824
825
2873
2874
2877
4926
2878
2880
834
2882
2883
836
2885
837
4934
4936
840
841
4937
2889
843
2891
2892
844
845
2897
4946
2899
4947
2901
4949
2903
856
2904
2906
859
4955
2908
861
4957
862
2914
2916
870
4969
4970
874
875
2923
877
2927
880
2929
4978
883
4980
884
4983
889
2937
4987
4988
2941
4996
4998
2953
5003
2955
5009
5010
5011
915
5013
921
5017
2969
5019
5022
2975
928
2978
5026
2980
932
933
934
2984
938
5035
2988
2989
942
5039
943
5044
2997
2998
2999
953
3001
954
3003
957
3005
5053
5056
961
962
5061
5063
5064
5066
5067
971
3020
974
3023
5073
3025
3026
978
980
981
5078
982
983
3033
986
3035
5085
5086
5087
3039
994
995
3044
996
5093
3046
3048
1000
3051
3052
1005
3053
3054
3058
3060
1012
1014
1015
5111
1017
5114
5115
1019
1020
3071
3072
5120
5121
3074
5123
3075
5125
3080
3082
3083
3084
3085
5136
3090
5139
1043
3091
3092
3093
5142
1047
5144
5145
5148
3101
1053
1055
3103
1057
5153
3108
3109
3110
3111
5159
3112
5164
1069
5165
5166
1071
5167
1073
1074
1075
3124
3125
5174
1079
5176
3129
5177
3130
3131
3133
1085
3134
5182
1086
1087
1088
1089
1090
3139
3140
5188
3143
1095
3144
1096
5193
5194
5197
1101
3153
5205
5206
1111
5207
1112
5210
1114
5211
1115
3165
5214
1118
5215
3167
5216
1121
5217
5219
5220
3176
1128
5227
1131
1132
3180
3181
3182
3183
1136
1137
5233
3185
1140
3188
5237
5238
5239
5241
3193
5242
1147
5243
3196
1149
5245
3199
5248
3204
3207
3210
5259
5262
3215
1167
5266
1170
1174
1176
1177
5274
1178
1179
1180
1182
5278
1183
3231
5281
3234
5283
5286
1190
5287
3239
1192
3240
5289
5291
3244
5294
1199
1200
5297
1201
5298
3252
5301
1205
5303
1209
3260
1212
3261
5309
1213
3263
5311
1217
1218
3267
1220
1221
1224
5320
5321
3274
1226
5323
3278
3279
3281
5329
1235
3284
5334
1238
3287
1241
3292
3293
5342
5343
3295
5344
3297
1251
1256
1260
3310
5358
1263
5360
1266
1267
1268
5365
1270
3322
5372
3326
1278
3327
1279
1281
3330
3331
1284
5383
5385
3338
3340
5388
1292
5389
3342
5391
5392
3344
1297
1298
5395
5396
5397
5398
1303
5400
5401
1307
3355
5403
1308
3356
1309
5405
3359
3360
1313
5410
1314
1315
1317
5413
3365
1318
1320
5417
3370
5421
1326
3374
1327
5425
5427
1332
5428
3380
1333
3384
5434
3388
5436
5437
1342
5439
3391
5440
1345
5442
3394
1347
3396
1348
3397
3398
5447
1352
3402
3404
3405
5454
5456
1361
3410
1363
1365
3414
5463
3418
5468
5469
3422
1375
3424
1377
1378
1379
5477
1382
1383
1384
1387
3436
5484
1389
3440
5490
1394
3443
5492
1396
3444
1398
5495
5496
3448
3451
5500
3457
1410
3461
1413
1414
1415
1416
5515
5516
1421
5519
3471
1423
1424
3472
3477
1429
1431
1434
5531
1436
1437
5534
3487
5536
1441
5537
3490
5538
1446
5542
5543
5546
1451
1453
5552
3505
1458
5555
1459
1461
3510
1462
1463
3516
1468
1469
5566
1475
5572
1477
5574
3526
1478
5576
3532
5580
3535
1487
3539
1492
1493
1496
1497
1498
3547
1500
3548
3549
1501
3551
3553
1507
3558
3561
3562
1517
3566
1519
3569
1521
1522
3570
1524
1527
1528
3577
1530
3579
3580
1533
3581
3582
1536
3585
1540
3593
1547
3597
1550
1551
1552
1556
3605
3609
3610
3611
3612
1569
1571
1572
3624
3626
3627
1580
3629
1582
1583
3633
1587
3638
3639
1594
3643
3645
3646
1598
1599
1601
3650
1607
1608
1609
3660
3661
1614
3662
3664
3666
1619
3669
3676
1634
1638
3691
3692
3693
3695
1647
3696
3698
1651
3702
1656
1657
3709
1662
1663
3711
3714
3717
1669
1670
3719
1671
3721
1673
1676
3726
1678
1679
1680
3737
3738
1691
1692
1693
1699
3749
1701
3750
1703
3752
1704
3753
1707
3758
1712
1715
1716
3765
1718
1719
1720
3770
3779
1734
3783
3787
1740
3791
3792
1744
3793
3795
1748
3809
3810
3811
1766
1768
1770
1775
3824
1777
3826
1778
1781
3832
1786
3837
1789
3838
1795
1797
1799
3849
1802
1803
3851
3854
1810
1812
3860
3861
1816
3865
3868
1823
3871
3873
3875
1828
3877
3879
3882
1834
3883
1837
3887
3889
3890
3891
1843
1844
1847
3897
1851
3902
3903
1858
3908
1861
3911
3913
3914
1869
3917
3921
1873
1874
1876
3927
1882
3932
1886
1896
3944
3948
3949
1902
1904
3953
1907
1909
3957
1910
3958
3959
1913
1915
1921
3969
3970
1925
1927
1928
3978
3984
3985
3987
1941
3993
1946
3997
1950
1953
4003
4004
4005
1960
4009
1961
1963
1966
4014
1967
4016
1970
1977
1979
1981
4029
1982
1983
4034
4035
4037
1992
4040
4042
1994
4045
4046
1998
1999
4052
2004
4057
4058
2011
4062
4063
2017
4066
4071
4072
2025
4073
2031
4079
2033
4081
2035
2036
2037
4086
2039
4088
2043
4091
2044
2045
2046
4094
36
0
257
193
323
3
132
4
134
139
77
16
23
153
26
92
348
221
94
224
161
34
100
230
359
300
109
173
112
369
178
115
307
371
374
54
123
