1168
2049
2
4099
3
4
4101
2058
4106
4107
4108
15
2065
2067
4118
23
24
25
27
4126
31
2080
4130
4131
36
4132
4133
2085
39
40
2088
41
2090
44
4141
4142
47
4145
2100
55
2103
56
4154
4156
61
4158
4161
66
67
2115
2116
2121
2122
2128
4177
2130
2131
89
4186
90
2140
4188
2143
4193
98
2147
2149
102
107
4203
2156
2159
4211
115
2165
2166
2167
2168
122
4219
2173
4225
4227
4228
2185
4236
4239
2191
2192
4241
145
4242
147
4248
154
4251
2206
158
2211
4261
2214
168
2217
171
2220
174
2222
4272
4275
180
2229
2231
4281
2234
4284
2240
195
4291
2244
4296
201
2250
4298
4301
2255
216
2268
221
2270
223
2271
4320
2272
4321
226
2274
4324
2277
2280
2286
2288
4338
242
2290
243
2291
4342
2296
248
249
253
4350
4351
2305
257
2306
2309
4358
4359
2312
2313
4364
270
2319
273
4369
275
280
4378
282
2333
4381
2334
4385
2342
4394
2347
4396
4397
303
2352
2355
4403
2356
4408
4411
4412
316
2366
4417
2372
4420
325
327
2375
4429
4431
2384
4432
2386
342
4438
343
344
2393
2394
2396
2397
2398
2399
352
2401
2403
4453
357
359
2407
2410
4459
2411
4460
4461
4462
2414
2415
4463
4465
372
4469
374
2422
2423
2427
380
381
2429
4478
382
383
4480
385
4483
2435
2436
2437
4485
390
4490
2443
2444
2445
397
4494
400
2449
4499
2452
404
4501
4507
416
2466
418
420
4519
2474
4523
429
430
431
433
2484
437
2488
4536
2491
2493
446
2494
4544
452
2503
456
457
4554
2508
4556
2509
2511
4561
4562
4563
2517
2520
4568
4569
2523
476
4572
2524
4573
4575
2529
484
485
4582
486
2536
4588
493
499
501
2549
4598
4600
504
506
508
511
512
2564
4615
4616
2568
522
523
2572
4623
2575
4626
530
532
536
2588
4637
2592
4641
2594
4644
4647
2599
4650
4651
2603
558
567
2616
4665
570
4666
2621
2622
4671
578
2628
4680
4681
2635
4683
587
2640
4689
593
4691
4692
4694
2646
2651
603
4699
2652
605
4702
2657
609
4706
612
4711
4712
2665
2667
4716
2669
4719
2676
630
4728
4729
634
4732
637
2685
4734
2690
643
4739
2692
646
650
4747
654
4751
659
2708
4756
2712
2714
2715
667
668
2717
4767
2721
676
2726
679
4777
2734
4783
687
4784
2741
4789
694
695
4793
700
4798
4800
2754
4803
707
708
2756
2758
711
2761
4810
4811
717
719
721
4818
2771
2772
4821
2776
728
2777
4830
736
2792
748
4844
4851
758
759
4856
762
2812
4860
765
4862
2814
4863
771
772
2821
774
2823
4872
777
778
4874
4875
2827
780
783
2831
4880
2834
786
4885
4887
4893
798
2847
800
2848
801
803
2851
4901
4903
2856
2857
2859
4909
2863
4913
819
4918
4920
824
825
4921
4924
4931
2883
837
4935
4937
843
2891
845
4943
2896
849
4947
4949
856
2907
861
2910
2914
4963
868
870
4969
874
4970
4971
875
2926
2927
880
2929
4977
2930
884
4982
2935
889
2938
4987
891
4989
2944
4994
2949
2950
4998
903
2953
2954
5003
909
911
2964
917
5014
921
5017
5019
5022
927
2979
931
932
5031
2983
5035
2989
942
943
2992
5040
948
5044
950
2999
5048
3003
5053
959
5056
960
5057
963
3011
3013
5063
967
968
5070
3023
3024
5074
978
980
3029
981
5078
982
5079
986
3037
3039
992
3042
3044
996
5093
3045
3048
5097
1004
1007
5103
1008
3057
1010
5106
3062
5111
3065
5114
5115
1019
3070
1023
1024
5120
5121
1031
3080
1033
1035
3085
5134
1039
5136
3089
5138
3091
3092
3093
5141
5142
1050
5147
3100
3101
3102
3104
5153
3111
1065
1069
1070
5168
1074
1076
1079
3129
1082
3130
3133
3134
1086
5182
1089
1091
5188
3140
1094
5192
1096
1097
5194
3147
3148
5197
1104
3155
5206
1111
5207
5210
1114
5214
5215
5216
5219
1131
5227
3181
1133
3182
3183
1137
3189
5239
3191
1144
5242
1147
3198
3199
5248
3204
5255
1160
1162
5259
1166
5264
5266
3219
1174
1175
3223
1177
3229
1182
5279
1183
5280
3234
5283
1187
3235
5286
5287
3241
3243
1196
5294
1200
5297
1201
3252
5301
5303
1211
5308
5309
1218
5315
5317
1221
3270
1224
3272
5320
3273
1226
5323
5325
1235
5332
1236
5334
3287
1240
1241
3289
1242
3292
1245
5343
3295
5346
1251
3301
1256
3306
1260
5357
1263
5359
3315
1268
5365
1273
3321
3322
5371
5372
3324
3326
5374
1281
3329
3332
1284
1287
3338
5387
1291
1292
3340
5389
5391
1296
3346
3351
5400
1305
3353
5401
3355
1308
5404
1310
3358
1311
1312
5410
3363
5412
1317
3366
1318
3370
5421
1326
5422
5423
3375
3376
5425
5429
1333
1335
5431
5434
5435
5436
3389
5438
5439
5441
1348
3396
3397
5445
1350
5447
3399
5448
3400
3402
3403
5453
5456
3410
5458
1367
3417
3418
5469
1374
5471
1375
3424
1377
3426
3430
1383
1384
5484
1392
5488
5489
1396
5493
5494
1399
1401
5498
5499
3453
3456
5505
5507
1412
1413
5513
5515
1421
3469
5519
3472
1424
5521
5524
3477
1430
3480
3481
1434
3483
1436
5538
3490
1442
5540
3493
3494
1446
3499
1452
1453
5551
1458
5555
1461
1462
1463
3513
1466
3514
5563
1468
1469
5566
5569
3521
3523
5572
5575
3532
3533
1487
3536
1488
1489
3539
1492
3541
3542
3544
1497
3545
3548
1501
3549
1503
1504
3553
1507
1515
1516
1518
1519
1521
3577
1533
3582
1535
1536
3585
1540
1543
3593
1550
3602
1556
1558
3606
1560
3609
1562
1563
3613
1565
1569
1570
3622
3624
3627
3633
1586
1594
3643
3649
1604
3653
1611
1614
3664
3666
1619
1620
3670
3674
3676
3681
3692
3695
1647
1648
3697
3701
1656
1657
3709
1661
1663
1664
3715
1667
1669
1670
3719
1672
3722
1678
1680
3730
3732
1688
3738
1691
3746
1699
3749
3751
1703
3752
3757
3758
1712
1714
3763
3765
1720
3770
1723
3772
1725
1728
3777
3778
1731
3780
1734
3782
1737
3792
3795
1756
3805
3814
1766
3815
3817
3818
1770
1771
1772
1775
1781
3830
3832
3837
3838
3841
3852
3854
1810
3858
3859
3860
1815
1817
3865
1818
1819
3869
1823
3871
3873
3877
1834
1840
3889
3890
3891
3898
3899
1851
3902
3907
3911
3914
3917
1871
1872
1875
3924
1878
3930
1883
3932
1892
1902
3951
1904
1909
3959
1914
3970
1926
1927
3979
3980
3982
3984
1939
3987
3997
1950
1953
4004
1956
1957
1960
4017
4022
4023
1980
4029
1981
1982
1987
1988
1989
4041
4047
2002
4052
2005
4053
4055
4056
4057
2011
2012
2014
4063
4068
2022
4079
2031
2033
4082
2036
4084
2037
2038
4086
2039
2040
2041
2043
4091
2045
30
2
323
3
132
198
135
203
11
77
142
207
19
341
149
150
343
29
31
96
354
227
355
301
174
111
175
240
247
57
378
