1184
3
4101
4103
2057
2058
4106
4108
15
16
4117
2070
2075
29
2078
2079
4129
4131
36
4133
38
40
4137
45
4142
4145
4146
2100
52
54
55
2103
2107
61
2109
4159
4160
4161
2115
67
70
71
2119
72
2121
2122
2123
2124
4178
83
4184
2139
4187
4188
2141
95
98
4194
2147
2149
101
2150
2156
4205
4208
2160
113
115
2163
119
2168
4216
2171
2173
128
4225
129
2177
4227
2183
4236
2188
141
2189
142
4240
2197
151
4248
153
154
4251
2203
2206
159
4261
2214
166
168
4264
170
2220
4272
4275
184
2233
2234
2239
195
2244
4293
198
2249
204
205
2255
2256
4309
213
2265
218
2268
222
2271
2272
4320
4321
235
2284
237
2287
242
2290
4338
4339
4342
248
2296
249
253
2302
4350
2306
258
4358
2311
4363
4364
2318
273
274
2324
2326
2327
4378
4382
4383
2335
4387
4388
2341
293
295
4392
297
4394
2347
4396
2348
300
303
2351
2352
304
2355
4403
307
309
2358
2359
4407
4408
2361
4409
4411
316
4415
4417
2372
324
327
4425
4430
4431
4432
2384
336
4433
2386
4434
341
4438
342
4439
344
2393
4441
4443
2398
2399
352
2403
4452
4454
359
361
4460
364
2413
2414
4462
2415
4465
4468
372
2422
374
2424
377
379
2428
381
4478
383
2432
2433
4485
4486
2441
4490
2443
398
4494
2447
4496
402
2452
4502
406
407
4504
2463
4515
420
2470
4519
426
2474
4523
429
430
432
433
2485
4535
2488
2491
446
4544
2497
4547
4549
2501
4550
457
4553
4554
2506
2508
462
4563
4567
4568
473
474
2523
476
2524
479
2527
2528
4580
4588
493
2541
2542
2543
498
499
4596
4598
4600
4601
4602
2556
4606
515
516
4612
4613
4615
2568
4616
522
2575
4626
4627
531
4628
532
536
537
4638
2591
2592
545
546
4643
2596
4645
4648
552
4649
4650
554
2603
2605
2606
559
2608
4660
2613
2614
4662
4665
570
4666
2618
572
4669
4672
4673
2625
578
579
580
2628
4681
586
4683
589
2638
2641
593
4690
4691
2643
4694
2649
4699
4706
4707
611
2661
2665
4714
4715
2667
4716
621
2669
2671
623
4719
4723
2676
2677
4726
634
4732
2685
4736
4739
2692
4743
4747
653
4749
4753
4757
4758
2712
2714
666
2715
4764
2716
4767
673
675
676
4773
679
4780
2732
2734
4782
4783
4785
694
2742
695
4792
2745
4793
699
2750
704
4803
710
4809
716
2765
4814
4815
2767
2768
2770
4818
4819
2771
725
2773
2776
728
4828
2781
733
2784
736
4835
2789
2790
4838
743
744
746
4843
4844
749
4850
754
755
757
759
4856
2808
2809
762
4859
2811
763
4863
772
2820
4868
2821
774
777
778
4875
2827
2828
782
783
2834
4883
4884
4885
4887
797
2846
800
4896
801
803
2851
2852
805
2855
808
2857
2858
2859
811
2861
813
2863
2864
4914
821
825
827
4924
2876
2878
4926
4927
834
2882
835
2885
838
4937
2890
845
849
2897
4946
4947
851
4949
2901
856
2904
4954
4955
861
2910
864
865
2914
866
4966
872
4969
4970
874
875
4973
877
4974
2926
2927
2929
4980
4981
4982
886
4987
4989
4990
2944
2950
904
5000
2953
906
5003
5004
2964
917
5016
920
2969
5018
922
5019
2972
5022
927
2975
929
2980
5029
933
5031
935
2983
5032
5035
942
5039
2991
5040
944
2999
951
5047
952
5048
953
3003
3005
5053
959
5056
962
5058
3011
3013
967
971
975
3025
3029
5077
5078
3030
5079
984
5081
3033
3034
3035
988
3038
5087
3040
993
3042
994
3043
3045
5093
997
5094
3048
3050
3054
5102
5103
5105
1009
1010
3062
1014
1015
5112
5115
1020
1023
3071
1025
5123
5125
1029
1031
3080
5131
3084
5132
1039
1042
5139
3091
5141
3093
3098
1050
3100
5149
1056
1060
3111
3112
1065
1069
5165
1071
5168
3129
1085
5181
3134
1086
5182
1088
1089
3139
5188
1094
1097
1098
3148
1100
5197
3149
3155
1111
5207
5210
5211
5214
5215
5216
5217
1124
3174
1127
1128
5225
5227
1131
1132
3181
3182
1134
1136
5233
3189
5238
1143
1144
3198
5249
5250
3204
5252
3205
5255
1160
1162
5259
1166
3217
5265
5266
3218
5268
3222
1175
5272
1178
3228
5277
1182
5279
3233
3234
5286
3240
3244
1196
5294
1200
3252
5301
1207
3257
3259
1211
3260
1212
5309
3262
1215
1218
5316
1221
3270
1223
1224
1226
3276
3277
1234
1235
1236
5334
3289
1243
5339
3292
3293
5342
5343
1247
3295
1251
3300
3301
5353
3305
3306
1260
5357
3310
1266
3315
1268
1270
3323
5372
3327
1279
5382
1286
3338
1290
5387
1292
3342
5391
3346
1298
5395
3348
3350
5398
1302
3353
5405
1309
1310
3358
3359
5407
3360
5408
1315
1317
3366
5416
5417
3369
1323
1324
3372
5421
1326
3376
1328
3377
3380
5429
1339
3388
5440
5441
3393
5442
3397
1350
3399
5447
1352
1355
3405
3410
1364
3412
1365
3413
3414
5464
5469
1377
1382
1383
1385
5482
5483
5485
1389
3437
3439
1392
3442
1394
5496
3451
3452
3455
1407
3456
1409
1410
3458
5507
1413
1415
3464
3465
3468
1420
1424
3474
1428
3477
3478
1430
5528
1433
1434
1436
3487
1441
5540
3492
3493
1446
3494
5547
1452
1453
1454
1458
5555
1462
1463
5561
3513
1466
5564
1469
5566
1472
5569
5570
3523
1475
5572
1478
3530
3532
1488
3539
3541
3542
3544
3545
1497
3549
1501
3551
1508
3558
3559
3561
1515
1516
3565
3571
1524
3575
1528
3577
1532
1533
3581
3582
1540
1541
3590
1544
3593
1548
3596
1550
1558
3606
1560
1562
1563
1565
1566
3614
1569
1570
1571
3624
3626
3627
1586
1587
1594
3644
1596
3646
1604
1607
3655
1611
3660
1614
3664
3666
1619
1620
3668
3669
3672
3675
3676
3680
3681
1636
3691
1644
3693
1648
3697
3698
1655
1656
3705
3707
1659
1660
1661
3711
1664
3715
3716
3719
3722
1680
3728
3729
3730
1683
3734
1687
1688
3738
1692
3740
1699
1703
3751
3757
1713
1714
1717
3765
1718
1720
3770
1725
1726
3776
1728
3778
1730
1735
1738
3787
3789
3792
1744
3796
3805
1757
1761
3810
1764
1766
1767
3815
1774
1775
3824
3826
3828
1783
1785
3834
3841
3844
3845
3848
1803
3853
3854
1807
3858
3859
3862
1816
3865
1823
1826
3877
3878
3879
1834
1840
3890
1844
3897
3899
3900
3901
3902
1857
3908
1860
1864
1867
1870
3919
1871
1874
3926
3934
1889
3937
3941
1895
3944
1898
1904
1905
1909
3957
1910
1920
3977
3979
1932
1935
3984
1939
1943
3995
1949
1951
1953
4001
1954
4002
1955
4003
4004
4005
4008
4016
4018
1972
4022
4027
1984
4034
4035
1987
4041
1993
1994
1995
4045
1998
4047
2001
2005
4056
2011
2014
4063
2017
4066
4067
2020
2023
2024
4073
2031
4082
2036
2037
4086
2039
2040
2043
2047
27
4
327
11
396
333
334
401
210
147
215
280
216
220
225
355
229
230
297
173
111
113
307
247
57
251
316
254
