1070
2052
4101
2057
12
2063
2064
2066
4118
2071
27
2075
2076
2077
4126
2079
4130
2085
4133
39
40
45
2093
4142
2096
4145
2103
55
4152
2107
4156
4158
2112
66
2114
67
4166
2122
75
76
77
4177
2130
83
4181
4183
91
4188
4189
95
98
2149
4197
102
109
2159
4207
113
116
2165
4217
122
4219
128
4225
131
2183
137
2185
4234
138
4235
4236
2188
142
4238
2194
147
4244
4245
4246
4250
4254
2206
2214
4262
166
169
4265
174
4272
178
4275
4276
2234
187
2242
195
4293
201
4300
211
212
2261
4310
4315
2271
224
2272
4321
2273
4322
4323
228
229
2279
2284
4335
2288
240
4336
2290
242
4338
2292
248
2296
2297
249
4346
2300
252
2302
255
2306
4354
4358
2312
2313
2318
270
273
2322
275
276
280
283
4379
2334
2335
288
290
293
2342
4392
4396
4398
4399
2351
307
4407
313
2362
316
4415
4416
4417
2370
2372
2375
4424
4425
4427
4428
4431
4432
2386
4434
2387
4438
343
4440
2395
348
352
353
354
355
4451
357
2409
2410
2411
4461
2414
366
367
2418
371
2429
381
4480
2432
4481
2435
389
4486
4487
4489
2443
2445
398
400
4496
2452
404
4501
2453
409
410
4507
414
415
416
2465
419
420
2468
2470
4519
426
2477
431
433
4533
2485
438
4537
2491
2493
446
4544
4547
2501
2503
456
2505
458
4556
2509
461
4561
4562
4563
4566
4567
2520
4568
474
2523
476
4573
4574
478
479
2529
4579
483
484
4586
4588
2542
2543
496
4595
500
4596
501
4598
4600
504
2552
4607
4609
4610
515
4613
2565
4615
519
522
523
2571
2576
530
2582
4634
2588
4637
4643
549
2600
4648
4649
4650
554
2604
557
558
2606
2607
562
4659
4660
568
4665
4668
572
4671
4672
578
4675
2627
2628
4677
582
2631
4680
585
2635
4689
2641
2643
4699
4700
2652
608
4704
612
4708
2660
614
615
4712
4713
4714
619
4720
2673
4723
2676
629
2677
630
2681
4729
4732
636
638
2686
2688
2690
2692
2693
4742
646
647
4745
4746
2698
4747
4748
4750
4751
4753
4755
4756
662
666
667
2717
2722
4777
2732
684
2734
4783
4785
691
2742
695
2745
699
2748
2750
704
2752
2755
707
708
2757
2758
2760
714
2762
724
727
4827
2781
4830
2790
4838
742
2792
745
2794
4843
749
751
753
2805
757
758
760
2809
761
4859
765
4863
767
4866
772
2821
4870
777
2829
783
784
789
2838
4887
4890
2842
794
2845
2847
2848
4896
800
801
803
2851
4906
2863
815
4913
821
4917
4918
4920
824
825
826
827
4930
837
4935
839
4936
2890
4946
4947
4949
2904
856
858
4954
859
861
2910
2914
4965
2917
4966
4970
2927
879
4982
889
4987
2941
895
4993
899
4995
4996
2949
903
5000
2953
5003
908
5007
911
2960
5011
5013
2967
2970
2972
5022
927
928
2978
5027
2980
5029
5030
5032
5033
938
939
2988
942
5039
943
947
948
950
2998
5047
953
959
3012
5061
971
3020
5070
3023
3026
980
983
3033
3034
3035
3036
5087
3039
5090
3043
995
5093
3045
998
5094
5097
5099
3052
1010
1012
3060
3064
1017
5114
5115
1021
1023
3072
5125
1031
1032
3083
5136
3091
3093
3094
1047
5148
1055
1056
5153
5157
3111
5161
1067
5164
5165
1069
1071
5167
1073
3122
1074
5172
1079
1081
5177
3129
3130
5180
3133
1085
5182
3134
1088
1089
3139
1091
5188
1094
5190
5192
1098
5194
3150
1102
3151
1106
5206
1111
5207
3160
1114
5210
1118
3167
5215
5216
1120
1121
5219
5220
1124
5227
3181
3183
1137
5235
5236
5237
1143
5241
3194
1146
5242
1147
5243
3198
5248
3200
5250
5252
3204
5253
1160
5256
1165
5264
1168
3217
1170
3223
1177
1180
3229
1182
5278
1183
3232
3234
3239
1192
5289
3241
1193
5290
3243
5291
3244
3246
5294
5295
3248
3251
3254
5303
3256
3261
5309
1214
5311
3264
1217
5317
3270
5320
3274
1231
5328
5329
1235
1239
5335
1241
3289
3292
3295
5343
3296
3297
1251
1252
3300
1253
3306
5355
5356
3313
1268
5365
5367
3320
3322
5370
3325
5373
3327
1281
3329
3331
1284
1285
5382
1288
3339
3340
1293
3341
5391
1299
1302
5398
1304
5401
3355
5403
1307
5410
1315
3363
1317
1319
1320
1325
3374
1327
1332
5428
1333
1334
3384
5435
3391
5439
5440
3392
5442
1346
3396
3397
5446
5447
3400
1355
5454
1361
3410
3414
3415
3418
1370
1372
3422
3423
3424
5472
1377
3426
3428
1382
1383
3432
5482
1387
1389
5485
5489
5490
1394
1396
1398
5496
1401
5499
3454
3460
1415
5513
1418
5515
1421
3472
1424
5523
3475
3477
3480
5529
1433
1434
3482
1436
5532
1437
1442
3491
5540
3493
5542
1448
1452
5550
1454
3504
1457
5553
5561
3513
1468
1469
5566
5569
3523
5572
1477
5573
3526
5574
3527
5578
3532
3537
3539
1495
3547
1500
1507
3561
1514
1515
3571
1524
3574
1527
1530
1532
1533
3581
1536
1540
1543
1548
1550
1552
1554
3602
3607
1560
3609
1563
3611
1564
3612
1565
3613
3624
3626
3629
1582
1587
3638
3639
1594
3643
3644
1599
3649
1602
1603
3655
1610
1612
1614
3663
3664
3666
1619
3668
3672
3674
1627
3676
1631
3680
3682
1636
1637
1648
1653
1656
1658
3707
1660
3711
1664
3719
1678
3727
1680
3728
3730
1683
3738
1690
3745
1700
1701
3750
1704
3752
1707
3758
3763
3766
1723
3773
1725
1726
3777
1732
3781
3783
1737
3786
3787
3788
3791
1744
3792
1756
3807
3811
3816
1770
3819
1775
3824
1777
3826
3832
1787
3836
3838
3841
1795
3847
1802
1810
3859
3860
1812
3861
3862
1816
1817
3865
3868
1822
1823
1828
3877
3882
1835
3890
1843
3894
1851
3902
3903
1858
3908
1861
1865
1867
3919
3920
1874
3922
1875
3924
1878
1883
1886
1891
3944
3954
1909
1913
1914
3963
3969
1923
3973
1925
1926
3983
3988
1941
3992
3999
4005
1959
1960
1961
4017
4020
4025
4027
4029
1983
1984
1986
4034
4035
1998
2001
4051
2004
4053
4056
4058
2011
4060
2017
4066
2019
2020
2022
4071
4076
2029
4080
2033
4084
2036
2037
4086
4088
2041
2043
4091
26
192
128
257
198
140
204
76
77
270
79
153
31
100
105
234
301
114
55
248
379
251
315
380
61
381
253
