1093
4
4101
4102
7
2057
4106
4107
12
2061
2064
4113
18
25
4121
26
4124
4129
4130
4132
4133
41
4142
49
4145
4147
2103
55
57
4154
60
62
63
2112
66
67
72
2121
2123
76
2125
4175
89
97
99
2149
102
4202
4207
112
115
4213
2166
4214
2167
122
4220
2173
125
2176
131
4228
2180
133
136
4234
2187
2188
4236
4239
4241
2193
145
147
2197
4246
4248
2205
2206
2208
2211
163
4261
2214
2216
168
2217
2220
173
4270
178
4275
4276
4278
2231
2232
2234
189
4290
197
4293
4296
201
2250
207
2256
2257
2258
4308
4313
217
4315
221
4317
222
4321
226
2274
4324
234
4330
4331
4333
2286
2287
4338
2290
243
4342
246
2296
249
251
4348
253
4349
255
2303
256
2306
4358
4359
4360
2313
4362
4364
2316
4369
4370
4372
4373
277
279
2333
2334
4385
2342
4390
2347
4396
4397
303
2351
2352
306
2355
2356
2360
4411
316
2365
317
4413
318
4415
4417
322
4418
2372
4422
4426
4428
333
4431
2383
4433
4434
2386
341
342
2393
345
2396
2397
2398
350
4447
352
353
2403
4451
2406
2407
361
4458
2410
4459
2411
364
2413
365
4463
371
2422
4472
2428
4476
4481
2443
4496
4497
4499
4500
4501
406
2457
2462
2465
2467
420
422
4519
2471
424
2476
2478
431
2480
4528
433
2484
4532
438
4535
2488
2490
2491
443
2492
2496
449
4546
4547
2501
4551
4553
458
2507
2508
463
465
4562
467
4563
4567
2520
2523
476
477
478
479
480
484
485
4582
2536
4585
4587
492
494
2543
496
499
4600
504
4603
2556
508
512
4608
2560
514
2564
4614
2568
523
2572
525
2578
536
4637
541
543
2593
546
549
4645
4649
4650
2605
4653
2606
558
4657
4660
567
4665
4666
571
4669
2622
2629
4677
582
2632
585
586
4682
589
4687
2640
4689
4690
596
2649
2651
605
4701
2654
2655
608
609
4706
2659
2660
2661
4712
4713
4716
2671
4719
627
2677
4727
634
4732
4733
2689
2690
4739
2692
2693
4741
4744
649
4747
653
2704
4753
659
2707
667
2716
4764
2717
4765
4767
2722
2730
4779
2734
686
687
4783
4785
2738
4789
693
695
2743
2744
4795
700
2750
4800
2754
708
710
4806
2758
4810
4811
4812
4814
2767
2768
721
4818
724
2772
726
4825
729
4828
732
4830
4832
2784
2789
742
748
749
4846
2798
753
2801
4854
2809
4857
762
2810
764
766
767
768
2818
771
772
2823
4872
777
4873
4874
2826
779
784
2833
786
4884
788
4886
4887
2841
2844
4893
801
803
2851
2852
4901
807
2858
810
815
4911
2867
821
4918
4921
825
2873
2874
2877
831
837
4937
2891
845
2894
852
2901
856
2908
861
2910
4958
2911
868
2916
4964
4969
874
4970
4971
877
2927
4979
4983
2935
2936
2937
891
4987
894
2943
896
2953
5003
907
910
2960
5009
2963
919
5017
925
5022
927
929
2978
5026
2979
2980
932
933
934
2983
5035
2988
941
942
5039
943
2992
946
948
2997
5046
2999
953
3002
3003
5053
3006
5054
959
963
3012
5064
3017
5065
971
3021
5069
981
3029
5078
3030
3035
5085
5086
5087
992
3042
995
5093
3046
5094
3048
1001
1003
1004
5103
1009
5106
1010
3060
1013
5113
5115
1020
3068
3070
1023
1024
5121
5123
5125
3080
3084
5134
3090
3091
1050
1055
5153
1057
5154
5155
1067
1068
1069
5166
1073
5169
1074
1075
1076
3127
1082
3130
1085
3133
1086
3134
1088
1089
3139
5192
1096
1097
3145
5193
5194
5197
3151
5201
1105
3153
3158
1111
3160
1112
1114
5211
3165
1117
5214
5216
1122
1124
1126
5222
3177
5227
3179
3181
3182
5230
1134
3186
3187
1140
3189
5237
5240
1147
5243
1148
3199
3204
1160
3208
3213
5267
3219
5268
3222
5271
3224
1179
5276
3229
1182
3234
5283
3241
1194
1195
3244
1197
1200
3251
5303
1207
1208
1209
5306
1210
3260
5309
3262
5311
1217
1218
5314
5315
3267
3270
5318
1224
3274
1226
5323
1230
3279
5332
1237
3287
1242
3292
3293
5341
5343
3295
5344
3297
1251
1255
1260
1265
1267
1268
5365
5371
3326
5374
3327
1281
3330
3331
5384
5385
3338
1292
5389
1295
3343
1296
1301
5398
3350
3351
5399
5400
3352
1305
5404
3360
1315
3364
3365
1318
3367
1320
3370
5419
5420
3372
5421
1325
1326
5423
1327
5424
5425
1329
5426
1332
3380
5429
1335
5434
5436
3388
3389
1341
5438
1347
3397
5447
3400
1353
5449
3403
3405
5453
5454
5458
3410
1364
3413
5461
3414
1366
1368
1369
3420
5469
1374
3422
1377
1378
1380
5477
1382
1383
1384
1386
3434
5483
1389
1392
1393
3443
5494
1399
3449
5499
5500
5505
3457
1409
5506
1412
3460
1413
3461
3466
5519
1425
1426
3475
1428
3477
1434
1435
1436
5534
1439
5536
1441
5538
3490
1443
1446
5543
1447
1448
1449
1451
1452
1453
5555
3507
1460
5556
3510
1463
5560
3512
1466
3516
1471
5569
5574
5576
5577
3530
3532
3533
1486
1489
3539
1493
1496
3545
3546
3548
1500
3549
1502
3553
1505
3558
3562
3563
1516
3566
1519
1521
3569
1524
1528
3580
1532
1533
3581
1535
3583
3585
1540
3590
1543
3593
1550
1553
3610
3620
3621
1574
3626
3627
1580
3629
1582
3631
3632
3639
3641
1594
1596
3645
1597
3649
1606
1609
3658
1611
3659
3660
1614
1615
3663
1617
3666
3670
3674
3678
1635
3684
1642
3692
1648
1649
1650
3702
1656
1657
1662
1667
3716
3717
1670
3719
1671
1672
1680
1682
1683
3738
1690
1700
3750
3753
1708
3757
1712
3763
3777
1731
3781
1738
1739
3787
1741
1742
3791
3792
3793
3795
3800
1753
3804
1758
1759
1760
1761
3813
1765
1766
1772
1775
1779
3833
1786
3838
3841
3845
3847
1803
3852
1805
3854
3860
1816
3865
1817
1818
1820
1823
1824
3877
3878
1834
1837
3886
3889
1841
1844
3895
1847
3902
3903
1858
3911
3914
3917
1870
3920
1873
3923
1879
1884
3939
3951
1905
1909
3958
3962
1914
1915
3967
1920
1927
3978
1931
3980
3984
1936
3985
1950
3998
4003
4004
4008
4009
1961
1962
1963
1964
4014
1981
1983
4032
4033
4035
4036
1990
4045
4047
1999
2001
4052
2004
4053
4056
4058
4060
4062
4066
4067
4072
2028
4076
2031
4082
2035
4087
4090
2043
2044
2045
4095
26
128
66
70
201
203
139
332
397
142
208
83
149
86
90
411
92
94
350
161
291
107
303
112
180
244
120
