991
2
4101
4104
2057
4106
4107
12
2063
18
4118
24
25
2075
4126
2080
33
4130
4131
4133
40
45
4145
2100
55
2103
4152
58
4157
2112
67
2115
2117
4166
2125
83
2132
4188
2143
95
96
4192
2144
4193
2148
2149
4197
102
107
2159
117
4213
4214
2166
4217
122
2174
128
135
2185
4234
4236
142
145
2194
147
4244
4245
4251
2206
2211
166
4262
2220
173
4270
174
4276
2234
2239
4290
2243
195
197
4293
201
207
212
213
2261
2263
4320
4321
2274
226
227
4324
229
4330
2284
4333
2286
2288
2290
242
2292
2296
249
252
2301
2302
4350
2303
2306
260
4357
2310
4358
262
263
2316
273
276
280
4380
2334
2335
4392
4398
303
2355
2363
4411
316
4413
318
4415
4417
2372
327
2376
4425
4426
2379
333
2383
2384
4434
4440
344
345
2395
2398
352
2401
2403
4453
360
4456
2410
2411
4460
4461
2414
372
376
4474
2428
382
4478
383
4486
392
2443
2444
4494
398
2448
400
4496
4499
2452
4501
2453
408
2457
4506
2458
4507
2461
413
4510
416
2467
420
2468
2470
2474
426
428
430
431
4529
433
434
2482
2483
2485
4533
444
449
4547
2501
2505
457
4554
2507
462
2511
4560
4561
465
4562
467
4563
468
474
2522
476
4573
4574
479
2528
4579
484
485
486
4585
493
494
496
4596
504
2552
4600
4603
4606
512
2560
4609
4610
515
4614
519
4615
2568
526
4623
2576
4634
541
543
2592
4643
4645
4648
4649
4650
4651
2604
558
2608
2609
562
4660
564
2613
4664
4666
572
2621
4671
2624
4672
578
4675
582
2630
584
587
4683
2635
4688
593
2641
2643
2646
4694
2647
603
4699
2652
2655
4704
2657
4706
4707
612
2665
4719
2673
4721
627
4723
2676
2677
630
4726
2680
2681
4732
2686
2690
2692
646
649
4747
4750
4751
2704
2710
2712
665
2714
2715
667
2717
4766
2718
4767
4768
676
4772
679
2734
686
2737
4785
2738
2742
694
695
2745
699
4795
2750
4799
4803
707
708
710
2758
4806
4807
714
2762
2764
2766
4814
719
2768
722
2772
2778
2786
741
2789
4838
2790
745
4841
4843
4844
2797
2805
761
2813
768
772
2821
4872
777
778
4875
2829
784
786
2834
2838
791
4890
2847
800
801
2851
803
2855
2857
2859
4913
819
4918
2873
827
2881
2882
4930
2883
4936
4937
2901
4949
856
4954
861
862
864
2914
4964
2916
4965
4966
4969
2921
4970
2927
880
4982
2935
4983
887
4987
2942
4996
2949
2950
2952
5000
2953
5001
908
5009
5010
5011
917
5013
5014
919
2970
5020
5022
928
2980
934
5031
938
5035
5036
5038
942
947
5046
3001
953
5053
5056
5058
5059
3011
3012
3013
5061
3018
3027
5076
5078
3030
3034
3035
3037
5085
5087
3039
992
5089
3042
3043
995
3045
5094
3048
5097
1003
1004
3054
1009
3058
1011
3060
1013
3064
1018
3066
5115
5116
1023
5120
5123
5124
5125
1031
3080
1033
5130
3085
3091
3093
3100
5148
1055
5152
1056
5153
1057
5155
5157
3111
5159
1065
1068
5165
1070
5167
5169
1073
1074
3122
5174
5177
1085
1086
3134
5182
1088
1089
3139
3141
1094
3144
5192
1098
5194
5197
3150
1104
3155
1111
5207
1112
3160
1114
5214
1118
3167
1121
1124
3174
1128
5227
1131
3181
3183
5234
5235
1140
5237
5238
5239
1144
3193
5242
1146
5245
5250
5252
3204
5253
5257
5262
1167
5263
5264
3217
1169
3219
5267
1174
1178
3227
1179
3229
1182
5278
5279
5281
3234
5282
5289
5291
3243
5294
3246
1199
1200
1201
3251
5301
5303
3256
1209
1211
5309
1213
5311
1217
3267
1221
3270
1223
1224
3272
1226
3274
3275
5324
1235
5335
3288
1241
3292
5341
5343
3295
3296
1251
3301
3303
1260
5357
1265
1266
1267
1268
3317
5365
3320
1273
5370
5372
3326
1279
1280
1281
3330
3331
1292
5389
5391
3344
3346
5395
5398
1302
5400
5401
1309
3358
1310
5410
1315
1317
1318
1319
3371
1326
3375
1327
3376
1329
3377
5426
1332
5428
1334
3384
5433
5434
5436
5440
5441
3394
1347
5444
3397
5446
3398
5447
3399
3400
3403
1355
5454
1361
3410
3414
3415
3418
5468
5469
3422
1377
3428
1382
1383
1389
1393
3443
5491
5496
1401
3457
5505
3461
1413
1416
3465
5513
3468
1421
3469
3473
1426
5525
3481
1433
1434
5532
1437
1441
3490
1442
3493
1446
5542
1451
1452
1453
1458
5555
3508
1462
3510
5561
5563
1471
5569
5574
1480
5576
3530
3532
3539
3548
1500
1501
1503
3553
1507
1510
3559
3561
3562
3563
1515
1519
3569
1521
3571
1524
1527
1528
3577
3579
1532
3580
1533
3582
1535
3583
1540
3590
1543
3591
3593
1550
1554
3603
1558
1562
3611
1563
3613
3626
1580
3629
1582
3633
3638
3639
1594
1597
3645
1604
3655
3658
3661
1614
3666
1619
3668
1620
3672
3676
3680
1636
3692
1646
1656
3707
1660
1664
1671
3719
1675
1677
3726
3728
1680
1682
3730
1683
1684
3733
3738
1693
1699
1700
1701
3750
3751
3753
1706
1707
3763
1723
1728
3777
3783
3786
3787
3791
3792
3793
3800
1753
3804
1760
1762
1766
3814
1771
1775
3826
3831
3832
3843
1795
1799
3847
3855
3856
1810
3859
3860
1812
1816
3865
1817
1823
3877
3878
1834
3882
1840
3891
3894
3895
3898
1851
3907
3908
3911
1865
3914
1867
3917
1870
1873
3924
1883
1896
3944
3948
3949
3958
1915
3969
1925
1926
3981
3983
3984
1936
1938
1939
1941
3997
3999
4004
1960
4009
1966
4016
4017
1970
4020
4024
1980
1981
4029
4034
4035
1988
4040
4041
4045
4046
1999
2004
4052
4053
4056
4058
2011
4060
2013
2014
4062
4067
2020
2022
4071
2025
2034
2035
2036
2037
2039
4088
2041
2043
2046
21
100
292
357
139
75
43
301
308
373
86
54
24
57
153
26
251
380
92
124
29
62
