1000
4096
3
4099
4101
4103
2057
2058
4113
2065
18
2071
23
2075
27
2078
4127
4130
4131
4133
39
2090
46
4142
4145
55
2103
56
4153
2106
63
2112
67
4163
2117
4166
71
2122
4172
2127
2128
2129
4177
4178
2130
2131
83
4181
89
90
4188
2140
2144
4192
96
97
98
2147
102
4198
4208
115
2165
2168
122
2171
124
125
2173
2176
4225
132
4229
2183
136
137
2185
4236
145
2194
147
153
2206
158
2208
4261
2214
168
4264
2217
4265
2220
4272
2225
178
4274
4275
4276
2232
2234
2239
2240
4288
193
2242
4296
204
210
2261
2268
223
4320
2272
226
228
4324
2277
229
2286
2287
241
2290
242
4338
246
2296
2297
249
4346
4348
252
2302
256
2306
4354
260
4357
4358
2313
2315
2318
273
2322
4370
4371
4378
2334
2335
290
2342
4394
4396
4397
4398
303
2351
2352
2353
2355
2361
313
316
4412
317
4415
4416
2371
2372
2374
327
2375
4424
2379
4431
4433
2386
4434
4435
2388
2391
4440
2394
2397
2399
352
354
2402
2403
357
2406
360
2410
2411
2414
367
4466
4468
2422
2425
4476
2428
4480
385
2435
4484
2443
2445
2452
404
4501
405
2453
409
410
2462
414
416
420
4517
422
426
2483
2488
2490
2491
2492
2493
446
4544
4545
452
2501
4551
456
2505
457
4554
2508
4556
2509
465
4561
4562
4563
469
4567
476
4573
2528
2529
4579
4580
2533
4585
4586
2543
496
4598
4599
504
2552
506
511
4609
4610
4613
4615
4618
4622
530
536
538
542
543
2592
4643
4645
549
4649
4650
2606
2607
562
4659
2616
570
572
4669
2621
574
578
4675
582
4680
4685
589
4689
593
4693
603
4699
2652
4701
4704
609
4707
611
4708
4712
4713
4714
619
622
4720
2673
2676
2677
2678
4728
4732
636
2686
2689
4738
4739
2692
645
4741
646
647
649
2698
4747
4750
4751
4752
656
4753
4756
2714
667
2717
674
2723
2724
2726
679
4777
2731
2732
2734
4783
2737
695
2743
2745
4795
699
702
703
4801
2754
2755
4803
4804
2757
710
4806
4808
2764
4813
2767
4819
725
4821
2773
732
734
735
741
2790
2792
4841
745
2800
753
2801
4851
2805
4856
761
4859
2812
765
4862
2815
4863
4865
2817
771
772
2821
775
4872
777
4875
780
4878
784
786
788
4884
4886
2838
4887
2841
794
2842
2847
2848
800
801
2851
803
804
806
807
2857
810
4906
812
2863
4912
4913
2867
821
4918
2873
825
2874
4926
4928
4930
2883
2885
4933
837
4935
4936
2888
4937
844
4940
2892
2896
4946
4947
2901
4949
856
2908
2910
2914
870
4967
4970
875
879
4975
883
4980
4982
889
4987
4995
4996
2953
907
5003
911
914
921
2969
2970
5022
5026
933
5031
5032
5035
2988
941
942
5038
5039
947
5044
950
2999
953
957
962
963
5063
967
5064
5066
971
3021
980
5086
3039
994
995
3043
3044
996
5093
997
3045
1001
3054
1008
1010
1013
1014
5111
5114
1019
5115
1023
5120
3074
3075
5125
1032
3084
5136
3090
3091
5139
1043
3093
3100
3103
5153
3107
3108
3110
1065
3113
5165
1069
5166
3118
5167
1074
3122
5171
5172
3125
1079
3130
3133
3134
5182
1086
1089
1094
1096
3144
5192
5193
5194
1098
3158
5206
5207
1111
3160
5210
1118
5215
1120
5216
5217
1124
1125
5222
3178
5227
3180
1132
3181
3182
3185
1139
5237
5238
5240
3193
5242
1147
5248
3200
3204
5253
5259
5261
1167
1168
3219
5267
1174
3223
1177
1180
3229
1182
1183
3234
5283
3239
3240
1192
5291
3244
1200
1201
5298
3251
3252
3254
5303
1208
3256
5307
3259
3260
5309
5311
1217
5313
1224
5320
1226
3274
5323
3279
1235
5334
3287
1239
5335
3289
1241
3292
3295
1251
3300
3302
1256
1260
1263
1266
1268
5365
5369
5370
3322
5372
3324
3325
3327
1281
5377
3329
3331
5382
5385
1289
3338
1292
3340
1293
5389
3342
5391
1295
5392
3346
1299
5395
3347
3350
1303
1304
5400
5401
3355
3356
1310
3358
3359
1314
1315
1317
3365
1318
1319
1320
5417
3370
3372
3374
3377
3380
5428
1332
1333
1334
3384
5435
3388
5436
3389
1341
5438
5441
1347
3395
3396
3397
5447
3400
1352
3405
5457
3410
1362
3414
3415
1370
3418
5468
5469
3424
1377
3428
5477
1382
1383
1384
5484
3436
1389
5485
1396
5496
5498
3451
5500
1415
1421
3471
1424
3472
3477
3480
1434
1436
1437
5534
3490
1446
5542
5546
1452
5550
5553
5555
5556
3510
5560
5561
3514
1468
5564
1469
5566
3518
5569
1475
3523
5572
5574
3526
1478
5578
3532
1486
3537
3539
1493
1496
3548
1500
3553
1505
1507
3561
3566
1519
1522
1524
3572
1527
1530
3581
1535
1536
1540
1544
3595
1547
1550
3599
1552
3602
1556
3606
3607
1560
3609
1564
1569
1571
3626
3627
3629
3633
1587
3638
3639
1594
3643
3644
1598
3650
3660
3663
3666
1619
1620
3672
3674
3676
3677
1631
1636
3684
1637
1640
3693
1648
1656
3709
1663
1664
3719
1671
1673
3726
1678
3727
3728
3730
1683
3738
1692
1693
1695
3745
1699
1700
1701
3758
1712
3763
1718
1722
1723
1726
3775
3777
3786
1741
1743
3792
1748
1753
1756
3810
1766
1769
1770
3819
1775
1778
1781
1786
1787
3838
3839
3847
3849
1803
3854
1810
3859
3860
3861
1815
3865
3868
1823
3871
3877
1834
1840
3890
3891
1844
1851
3901
1864
3917
3920
1882
3939
1892
3944
3948
3954
1909
1912
1914
3962
3963
3965
1917
3969
1927
1934
3983
3984
3985
3992
3993
3997
3999
1953
4004
1959
1960
1961
1966
4016
4020
4025
1981
4029
1983
1986
4034
4035
4037
1990
1994
4045
4046
1998
4049
4051
4053
4055
4056
4063
4066
4067
4072
4073
2025
2028
2029
2031
2033
2036
4086
2044
2046
21
224
161
2
323
100
230
198
9
170
363
76
77
174
79
178
114
371
374
121
26
350
