1357
0
4
2052
4101
4102
6
2058
4106
4108
4116
2070
2071
2072
4121
25
26
27
2075
4126
2078
2079
4128
2081
4130
35
4132
2084
39
4137
41
4140
45
4142
2094
2095
4145
4146
2100
55
2103
4154
2109
62
4158
4159
2114
66
67
2116
4166
72
2121
2122
2124
2125
4174
2128
4183
4185
4186
4187
94
95
96
4193
4194
98
2147
2149
4197
102
2151
4203
2157
2158
112
113
4211
4212
116
2166
4216
122
4218
2172
124
4220
2173
2174
2176
128
2177
131
4228
135
2183
4233
4234
138
2187
4236
2188
142
4239
145
2193
4241
4242
146
147
2197
2198
4247
4248
152
153
156
157
2206
159
4261
2214
166
4262
2216
168
2217
4265
169
171
2219
2220
174
178
4275
4276
182
2231
4282
2234
4284
189
2239
193
2242
4291
4293
2247
2249
201
4298
2250
204
205
213
4310
2263
4312
4315
2269
4318
222
224
2272
2273
4321
226
4322
4323
232
2283
2284
2286
4336
241
2290
242
4338
246
2296
249
4346
252
253
4349
2302
4350
2303
4352
257
2306
4354
259
4358
4360
2313
268
4364
270
4368
4369
273
274
2322
2326
279
4379
2333
2334
288
4387
4388
2342
295
297
4394
2347
2348
4396
300
4397
2350
4398
303
4399
2355
2356
4408
2361
316
4412
2366
4415
4417
4418
2372
325
2374
4425
4428
4430
4431
4432
2386
2387
4435
342
343
4440
344
2394
2396
352
353
354
355
2403
4451
357
2407
361
2410
4458
2411
4459
2413
4462
2414
4467
374
2422
4472
2428
2432
4480
2433
2435
2436
4486
4487
2441
2443
2445
4494
398
2447
4496
2449
4497
4499
406
4504
408
409
4506
4507
4509
414
415
4514
420
4519
426
2474
2475
431
432
2480
433
2484
437
2485
2488
4537
2491
2493
2495
4544
4545
4547
4549
454
4551
456
2506
4556
2508
461
2509
465
466
2515
4567
4568
2520
4569
474
2523
476
478
2527
479
4575
480
2528
2529
483
484
486
4582
2536
4585
4588
2542
2543
496
497
498
2546
499
4595
4596
502
4598
2550
504
506
508
4605
2557
511
4608
2561
4610
514
2563
4613
2568
4616
522
523
2571
4620
2572
525
530
2579
532
2582
2584
2587
4637
543
544
2592
545
2593
4645
2597
4648
4649
4650
4653
559
2607
4660
2614
4662
568
2616
569
4665
570
2618
571
2619
572
2622
2623
4672
2626
2629
4679
4680
4681
2633
586
2637
2638
2641
4689
4690
4691
2643
4692
2646
2649
4697
4699
2651
2652
605
608
4704
609
4706
4707
614
4713
4714
2667
4715
619
4716
621
4719
2672
4723
627
2676
4724
2677
632
4728
4732
2685
4733
4734
2688
2690
642
4738
4739
646
4742
648
2698
2700
653
2701
654
4751
4753
2706
659
660
4756
2709
4761
666
668
4765
4767
2721
673
675
2727
4777
684
2733
2734
4782
4783
4784
688
2737
2738
691
2742
695
4792
699
2747
4798
2750
2752
704
2753
2755
4803
710
2758
711
2760
2762
4810
4811
716
4813
4815
2767
4816
4818
725
727
2777
4828
2781
733
4830
735
4834
741
2790
4838
2791
744
2792
4840
745
4843
748
2801
4851
757
2808
762
4859
765
2814
4863
2818
771
772
2820
2821
4869
2823
2824
777
4873
2825
4874
4875
2828
783
784
786
4883
4884
4885
2837
789
2838
4887
4892
4893
2845
2846
798
2848
4896
2851
803
2853
4903
808
4904
2856
2857
2858
811
812
2861
813
2863
4913
4914
818
4915
821
824
825
2875
2878
4930
2883
837
4934
838
839
840
4937
2890
843
2891
845
2894
2896
2897
4946
2899
852
4949
2901
853
2904
856
4954
859
861
2910
2912
865
2914
2915
2917
4966
870
4969
874
4970
875
4974
879
2928
2930
884
889
4987
891
4990
2943
4992
897
4994
4995
901
4997
4998
5000
904
5001
2953
5003
907
5004
908
910
5007
918
5016
5017
925
5022
2974
929
930
5027
2979
2980
932
2981
933
934
2983
2984
5035
939
2989
942
5039
943
946
947
951
2999
952
3003
3005
3006
958
959
5055
5056
5058
963
3014
5067
5068
5069
5070
975
3023
5072
977
3025
5074
978
3026
980
5077
3029
982
5078
3030
983
984
5081
3034
986
3035
3036
3038
3039
5087
5089
995
5093
3045
5099
5100
3054
5103
1010
5106
3060
3061
1013
1015
3067
1021
1023
1024
5120
5121
5125
1031
5127
3080
3084
5136
3091
3092
3093
5142
1047
1050
3099
3101
5151
1056
5153
1058
1059
3109
5158
1062
3111
5164
1069
5165
1071
5168
1076
1079
3127
3130
3133
1085
5182
3134
1088
5184
3136
1089
3139
5187
5192
1097
1098
5197
1102
3150
5206
1111
1112
5211
5216
1122
5219
3172
3174
1127
5227
1131
3181
1134
3186
5235
5237
3189
5238
3192
5242
1147
5243
3199
3200
5250
1155
3204
3205
3206
1160
5257
1161
1162
1165
5264
1168
3217
5266
3218
3219
5268
5270
3222
1180
1182
1183
3234
1186
5283
3235
1189
5287
1192
3241
5289
5291
3244
1196
1199
1200
1201
5300
5301
3254
5303
1207
3258
1211
1212
3260
5309
3261
3262
1214
5311
3263
5312
1217
5314
5315
1221
3270
5319
1224
5320
1226
5323
1230
5327
1232
1235
5332
5334
1240
3289
1242
3292
3293
5343
3295
1251
3300
1253
1255
5351
3307
5356
1260
1268
5365
3321
5371
3326
1278
3327
1281
3329
1284
1285
5382
1286
1288
1290
1291
1292
3340
1293
5389
1294
3342
5391
5393
1298
3348
5397
1301
1302
5398
3351
1303
5401
1307
3355
5404
1308
1309
5406
5407
3360
1314
5411
1315
1317
1320
3368
3369
3372
1324
3374
1327
5425
3380
1333
5429
3388
5436
5438
1344
5440
5442
3394
3395
3396
3397
1350
5447
3400
5449
3402
3403
1355
5452
3405
5453
5454
5456
5457
3410
5458
3411
1364
5461
3413
3414
3418
3420
5469
1374
1375
3424
1377
5474
1381
1382
1383
5479
1384
3433
5483
5485
1394
3443
1396
5494
1399
5496
5498
3452
5503
5505
5506
5509
1413
3461
1415
3465
5515
1419
3468
1421
5519
3471
1423
1424
3472
3477
3478
1431
3480
5528
1432
1433
5529
1434
3482
1436
3486
3487
1440
5537
5538
5540
1446
5543
1447
3497
1452
1453
1458
3507
5555
1461
1463
3512
3513
5561
1466
1468
5566
3521
5569
5572
1477
5577
1481
5578
3530
3532
1487
3539
1492
3541
1493
3545
1497
3548
3549
3551
1504
3554
1507
3563
1516
1519
3571
1524
1527
3577
1530
1532
1533
3581
3582
1536
1537
3585
3590
3593
3594
1550
1552
1553
3604
1560
3609
1563
1564
1566
3614
1569
3618
3623
3624
3626
3628
1582
3633
1594
3646
1609
1610
1614
3662
3666
3668
3672
3673
1625
3674
3678
3680
1633
3683
1644
3692
1648
1649
1653
1656
1657
3705
1658
3706
3707
1660
1664
1667
3715
1669
1670
1671
3719
1676
1678
1679
1680
1683
3738
1691
3740
3741
1699
1700
1701
3749
1703
3752
3754
1707
3757
3758
1712
3761
3763
1715
3765
1717
1720
3770
3773
3776
3777
1732
3787
3789
1742
3792
3794
3795
3796
1758
1761
1764
3813
3817
1769
1770
1772
1774
1775
1776
3824
3826
3828
1781
1785
3837
3838
3841
3843
1799
3847
3851
3852
3853
3854
1807
1810
3860
3861
3862
3865
1818
3868
1821
1822
1823
3871
1828
3877
3878
3879
1834
3889
3891
1844
1847
3896
1851
3901
3902
1857
3908
3910
3913
3914
1867
3917
1870
3919
3920
1872
3927
3932
3934
1886
1887
3937
3941
1895
3944
1899
1900
1902
3951
1904
1905
3953
3954
1907
1909
1910
1913
3963
1919
1920
3969
3976
3979
1931
3980
3984
3987
3988
1948
3997
3998
4000
4004
1959
4008
1960
1961
1963
1964
4016
4017
1981
1984
4034
4035
4041
1995
4043
4052
4053
2005
2007
4057
4058
4061
4063
2015
2017
4066
2019
4068
2020
2022
4071
2023
2029
2031
2033
4082
2036
2037
2039
2043
4091
2045
4095
34
320
386
3
68
132
4
70
327
393
203
333
77
83
20
277
149
151
408
409
348
98
104
297
364
300
114
370
51
55
378
251
315
316
253
