1049
3
4100
4
4101
4107
4108
2060
4111
2064
18
2066
4116
23
2075
2077
2078
4126
31
4131
4132
2085
4133
39
40
2090
4139
2093
4142
4145
4146
55
56
4153
4154
4158
2112
66
67
2123
4172
79
2129
4177
2131
4181
4186
90
4188
2140
96
4193
2147
99
2149
4197
102
4202
4203
2157
2158
4207
2160
112
2165
4213
118
2167
122
124
4223
2175
128
4225
131
2183
137
4236
2188
4237
142
2192
2193
4242
147
148
4245
4248
154
157
159
4257
166
2214
168
173
4272
178
181
4284
193
2242
4290
4291
4296
201
4298
4301
207
210
2268
220
221
223
4320
4321
226
4324
229
4326
234
2284
4333
2286
2289
4338
2290
242
243
2296
248
249
2297
4346
4348
2302
255
2306
4358
2312
2313
2316
270
2318
273
2321
2322
277
4378
2334
2335
290
293
2342
4392
4394
4396
4397
303
4399
2351
305
306
2355
307
2357
311
4408
313
2361
316
4412
4413
2366
318
4415
4416
4417
2372
325
327
328
4424
4425
4428
333
2382
4431
2383
4433
2386
4434
4435
343
2394
352
353
2403
2409
2410
2411
4461
4462
367
4466
2419
371
4469
2424
4472
2428
385
4483
2437
4486
4489
2443
395
2445
398
4496
2449
2452
4501
407
4506
410
414
2465
2467
420
424
4526
431
2485
437
4534
438
2488
4537
2491
446
4544
2496
449
452
2501
456
2505
457
4554
2507
4561
2514
4562
4563
468
4565
2518
2520
4569
2523
476
4573
479
2528
4579
484
485
4583
4586
494
2543
496
4596
2549
504
506
4603
508
511
512
4609
4614
4616
2568
522
4622
532
536
4632
538
540
4637
4639
2592
4641
549
552
4648
4649
4650
556
4652
4659
4660
4666
571
2621
4672
2624
578
4677
2632
2633
585
4685
591
2641
593
4689
2642
4691
2643
4692
4693
2646
603
606
2655
608
4705
4706
611
4708
2660
614
615
4720
4723
2676
2677
630
4726
4728
636
4732
2692
2693
647
4747
2704
4753
659
2714
666
667
668
2717
674
2722
2723
2724
2726
679
683
2732
2734
686
4783
692
2741
2742
695
699
4795
702
4801
2754
2755
4803
708
2757
709
4806
2760
2763
4815
720
2768
2772
4820
724
725
4821
729
2777
4826
2780
4830
4838
742
745
4843
749
4848
753
4849
4851
756
758
2809
2812
766
2814
767
771
772
2820
4872
4873
4875
780
784
786
789
2842
794
2845
798
799
801
2851
803
804
4901
2856
4904
2857
4906
4910
2863
4913
821
4917
4918
824
825
2874
4923
4928
2883
837
4934
840
4936
4937
2891
843
845
4947
852
4949
2903
856
2905
4953
4954
2906
861
4957
864
2914
4964
2916
4967
4969
874
4971
875
879
2927
881
883
4980
884
4982
4983
889
2937
4987
2941
4998
5000
2953
5009
914
919
5017
921
5019
2971
5022
927
2977
2978
931
2980
5029
934
5031
5035
2988
2989
942
943
5039
2992
5044
948
2998
2999
953
957
5053
958
960
963
5063
971
3023
978
5078
982
3030
3033
3034
986
989
5085
5087
3043
3044
996
5093
3048
1002
1003
3053
3056
5104
5105
3057
1010
5106
3060
1012
3061
1014
5111
5115
1019
1020
1023
5120
3074
5123
5127
3080
1032
3083
3084
5134
1041
5137
5138
3091
3092
3093
5142
5147
3100
1055
1056
5153
1057
3107
3108
5158
1065
3116
1068
1069
5165
1071
1073
5169
1074
3122
1076
5172
3125
3129
5177
1081
3130
5180
1085
1086
1088
1089
3139
1094
1096
5192
1098
5195
3147
3148
1101
5207
1111
1112
5210
1115
1118
5214
5215
1120
5216
5219
3181
3182
3183
5232
3185
1137
1139
1140
5237
5239
5241
5242
5243
3199
5248
5250
3204
5262
1168
3216
3217
5266
3219
1174
1177
1179
3229
5277
1182
3234
1190
5286
5287
1192
3241
5291
3244
1199
1200
1201
5298
3252
1206
1209
5307
3260
5311
3267
1223
1225
5323
3278
3280
5329
1235
5334
1239
1241
3292
3295
5343
5346
1251
3300
1255
1256
1260
1263
1266
1268
3322
5370
5372
3325
5374
3326
3327
1281
5377
3330
3331
1284
5382
3339
5389
1293
5391
1296
1297
1299
5398
1303
5400
5401
3358
1310
1317
1318
3370
5421
5422
1326
3374
5423
5425
5426
5427
5428
1332
1333
3382
1335
5436
5439
5440
5441
1347
1348
1349
3397
5447
3400
5449
3402
1355
5454
5456
1362
3410
3411
3414
1370
5469
3422
1375
1377
1381
1382
1383
5484
1389
5488
1392
5491
5493
1398
5496
1403
5499
3461
1421
3471
5519
1424
3475
3477
1433
1434
1441
1446
1448
3497
1451
1452
5550
1456
5553
1459
5555
3507
1460
1461
3510
5560
5561
1469
5568
5569
1477
3526
5574
5576
3530
3532
1487
3537
1489
3539
1492
1493
1500
3561
3562
1519
1521
3569
3571
1523
1524
1525
1528
3577
1530
3580
1532
1533
3581
3583
3585
1540
1543
3593
3595
1547
3597
1550
3599
1552
3612
1569
3626
3627
1582
1584
3633
3635
3636
3638
1594
3643
3644
3645
1598
3653
3658
1614
3663
3665
3666
1619
3668
1620
3672
3674
3677
1631
3680
1636
3687
3692
1647
3701
1657
3707
1660
1662
3711
1664
3714
1669
1670
3719
1673
1678
3727
1680
3730
1683
3732
3738
1690
1691
3745
1699
1701
3749
3750
3752
1704
3753
1707
3763
3765
1720
3769
1723
1725
1726
3777
3781
3782
1742
1743
3791
3792
3793
3795
3800
3806
1760
3811
3813
1766
3818
3819
1775
1777
1778
3826
1781
1787
3837
3838
3839
1797
1799
1802
3851
3860
3861
3862
1815
1816
3865
1819
1823
3877
3879
3881
1837
1840
3890
3891
3895
1848
3897
3902
1858
3907
3908
3911
3914
1867
3915
3917
1872
1873
1874
1882
3932
3942
3944
3947
3948
1902
1904
1909
3958
1913
1914
1915
3964
3965
3970
3984
1936
3987
3992
3997
1950
1953
1954
1956
4005
1960
4009
4020
4025
1977
1981
4029
4031
1983
4034
1986
1989
4037
1990
4041
1999
2001
4051
2004
4052
2005
4053
4055
4056
4057
4060
4062
4063
2017
4066
4067
2020
2021
2022
4071
4073
2028
4079
2035
2036
2037
4086
2043
2045
4094
25
128
192
257
258
323
3
132
265
139
76
142
79
148
213
344
25
92
221
33
43
175
178
121
251
126
