1871
4096
4097
2
4099
4100
4101
4102
7
4103
8
12
15
4113
17
18
20
24
4122
29
4127
31
4133
4137
4138
4140
45
50
52
4148
55
4152
63
4159
64
4162
66
67
68
69
4165
4169
74
4173
78
79
4178
4180
85
4183
4185
90
4186
4188
4189
4190
4197
4199
105
4203
108
4206
111
4208
113
4210
114
4211
4214
119
4216
4218
125
4223
4224
4227
4228
132
133
4231
135
138
139
4236
4239
4242
147
4244
149
4246
4247
4251
156
158
4254
4257
162
163
164
166
4263
171
4268
172
173
4272
177
4273
179
4275
180
4276
184
185
4283
188
189
4285
192
4289
194
196
200
201
4299
207
208
4307
4308
4309
213
4310
214
4311
216
4313
4314
219
220
4317
4320
225
226
227
228
229
4327
4328
4330
238
241
4338
243
4339
244
246
250
4346
4347
251
253
256
258
4355
259
4356
4357
263
4361
4362
266
267
269
270
271
4367
4369
276
4374
279
280
284
4380
286
288
4387
292
298
4395
299
301
303
4400
305
306
308
4411
4412
316
317
318
4414
4417
4418
324
325
326
4425
332
334
338
4435
341
344
4441
4442
347
4444
4445
4448
357
359
4458
365
4464
369
4465
4468
4469
374
375
4472
4474
4478
4479
384
4481
4485
389
391
4488
393
4492
4497
4498
402
4500
411
413
4511
4514
422
424
425
4523
4525
430
4527
435
436
437
440
4536
4538
4540
4542
448
4544
4545
449
450
452
4549
455
4554
458
459
4557
4559
4561
465
4563
4564
469
471
4569
473
474
4570
476
4572
4573
478
482
4580
484
4581
486
487
491
4587
492
495
496
498
501
4598
4602
4605
510
512
4614
4615
521
4620
524
527
4623
529
4626
530
532
4632
4634
4636
541
4640
548
549
4646
4648
552
554
560
561
562
565
568
572
4670
4672
579
4679
583
586
4682
4686
590
594
595
4691
4693
4695
4697
601
4699
4701
4702
608
4706
612
4710
615
4711
616
4713
4716
624
4726
4730
4731
635
636
4734
4736
4739
643
4740
644
645
4741
4744
4746
4747
651
4748
653
4749
655
657
4753
661
4757
4758
663
4761
666
4762
4764
668
4766
670
4769
676
677
679
4776
4777
684
4789
4790
696
4796
4797
701
4799
4800
707
709
4805
4806
4807
4808
714
715
4811
4818
725
4823
4826
735
4832
736
4833
738
4836
740
742
4838
4842
4843
4845
4846
4847
4848
4850
759
761
762
763
768
4864
773
4870
775
4874
781
783
785
4882
4884
4885
791
793
4891
4893
797
801
803
4899
805
4902
4907
811
814
4915
822
823
4920
824
4921
826
828
829
4925
4928
834
4932
843
844
846
847
4945
4947
4949
855
4951
4952
4953
859
4961
4962
4963
868
4967
4969
4971
875
4973
878
4975
4977
882
883
884
4984
4986
892
4988
4990
895
896
4994
4996
902
4999
5001
5005
911
5011
5013
5015
5016
5018
923
5020
929
932
937
939
5035
5036
940
942
5039
5040
946
947
5044
5049
954
5050
5051
5052
5054
959
962
5062
969
972
5069
974
5075
981
5080
5081
986
5083
5084
5087
991
994
996
1001
5101
1007
1009
5106
5108
1012
5112
1016
5119
1025
5123
5124
1031
5127
5130
5131
1035
1036
5132
5133
1037
1041
5141
1047
5145
1054
1055
5151
5153
1059
5157
5158
1062
5159
1065
1067
5166
1072
1076
5173
5174
1080
1082
1084
5180
5182
1089
1090
5187
5189
1097
1102
5199
5205
5206
1110
1111
1112
5208
5209
1113
5211
1115
5213
1118
5216
5218
1122
1123
1124
5222
5223
5224
1128
1133
1139
5237
5238
5239
1145
1148
1151
5249
1160
5256
5258
1164
5261
1169
5265
5266
1170
1177
5273
5275
1179
5276
5280
5282
5283
1188
5286
1190
5288
1193
1194
5294
1198
5297
5298
1202
1204
5301
1206
5303
1208
1209
5307
5310
5311
1217
5316
1221
5318
5319
5321
1228
5326
5332
1237
1242
5338
1244
5342
5343
5347
1253
5358
5360
1268
5366
1271
1272
5368
5371
1278
1281
5377
1282
5379
1285
5381
5384
1289
5386
1290
5387
1292
5393
5394
5396
1301
5398
1303
1304
5403
5404
1309
1311
1314
5411
5413
1319
1320
5416
1327
1330
5426
5427
1333
1336
1339
5436
5439
5440
5442
1346
1350
1351
5448
1354
1357
1359
1360
5457
5459
1365
5461
1366
5464
1369
5465
5469
1376
1378
1381
5478
5482
1386
1389
5486
1391
1395
5491
5494
1399
5497
1402
1403
5501
5502
5503
5504
1409
5506
5507
5509
1413
5511
1415
1416
5518
5520
5522
1430
1432
1433
1436
5533
1437
1438
5535
1440
5536
5539
5541
5543
1447
5545
1452
1454
1455
5555
1461
1463
1466
1470
1472
5573
5575
5577
1482
5579
1485
5583
5585
1491
5589
5590
1495
5592
1497
1499
1502
5600
1508
5605
1512
5609
5610
5612
5614
5616
1521
1524
5623
5625
1529
1530
5627
1531
1535
5633
1540
5645
1549
5647
1553
5652
1556
5653
1558
5658
5660
1565
5661
5662
5663
5664
1570
1571
1572
5669
1577
1578
1579
1580
1584
5681
1589
1592
5690
5691
5694
1603
5699
1604
1608
5705
5706
5709
1615
1616
5713
1618
1620
5716
1621
5717
5719
5721
5724
1631
5729
5732
1636
1638
1640
5737
5739
1644
1648
5744
5745
1649
1651
5749
1655
1657
5754
1658
5756
1661
5762
1667
1668
1669
5765
5766
5768
5769
5775
1681
5780
1686
1687
1691
5789
1695
5793
5794
1699
5795
1700
1703
1704
1705
5803
5804
5806
5809
1713
5812
5813
5822
5823
1727
5825
1729
5826
5827
5828
5835
5837
5839
5840
1745
5842
5843
1747
1749
1750
5848
1754
1755
5852
5853
1757
1758
5859
5860
1764
5863
1768
5865
5866
1772
1775
5871
5872
5873
1777
1781
5882
1789
1791
1793
5890
1795
5891
1796
1797
1799
5896
1803
5904
1810
1812
5908
5911
1817
5917
5918
1824
5923
1827
5924
1829
5926
5927
1832
5928
1833
5929
5931
1838
1839
5935
5936
5939
1844
1846
5945
5946
5951
1855
1856
5954
1860
5956
5959
1863
5961
5964
5965
1870
5966
5968
1873
5970
1876
5974
5975
1880
5977
1881
5978
1882
5979
5980
5981
5985
1890
1892
5988
1893
1894
1895
5994
1898
5997
1901
1902
1903
6000
6002
1907
1911
6007
1912
1913
1915
1919
6016
1923
6020
6021
6022
1926
6023
1927
1930
6026
6027
6028
1933
1935
6032
6034
6035
6036
1941
6039
1944
1946
6044
6045
1951
1953
6050
1955
6053
6055
6057
1963
1964
6063
1972
1973
6071
1979
6076
1980
1982
6078
1984
6081
1987
1988
6084
1992
1993
6091
1997
6094
2002
2004
6104
2008
2010
6107
2015
6114
2019
2020
2027
6123
2028
2029
2032
6129
6130
2035
2036
6132
6133
6134
6135
2039
6136
6137
6140
2048
2052
2053
2054
6151
2057
2058
2061
2063
6162
2069
2075
2077
6177
2082
6180
2086
2087
2088
2090
2091
6187
6190
2095
6193
2098
2100
6196
6199
2103
2104
2114
6211
6212
6214
6215
6219
6220
2124
6221
6222
2129
6226
2130
6228
2132
6230
6232
2136
2137
6234
6235
2141
6237
2143
2144
6242
2147
2151
6249
2153
6250
2155
2158
2164
6263
2168
2169
6265
6266
6267
6268
2175
6272
2179
6276
2182
6280
2185
6283
6288
2192
2193
2194
2195
2197
6293
2201
2202
2204
6302
2206
2207
6304
2208
6305
2209
6308
6309
2217
2218
2220
2222
6321
6324
6325
2231
6327
2232
2233
6329
6332
2236
2238
6334
6335
6338
6339
2243
6346
2252
2254
6353
2257
2260
6357
6360
6361
2271
6368
6369
6370
2274
6372
2276
2277
6377
2283
2285
6382
2286
6383
6384
6385
6388
6394
2301
6401
2305
2306
2308
6404
2309
6405
6406
2310
6407
2314
6410
2316
6414
2320
6418
6419
2324
2328
2329
6425
6427
6428
6429
2334
6434
2338
6435
2340
2342
6438
2344
6446
6447
6448
6450
2354
6452
6457
6458
2367
2369
2372
2373
2376
2384
2388
2392
2394
2399
2400
2406
2409
2410
2413
2415
2433
2434
2436
2438
2442
2444
2446
2447
2453
2456
2460
2464
2468
2469
2474
2478
2481
2484
2486
2504
2505
2510
2513
2518
2519
2521
2535
2538
2541
2544
2547
2548
2549
2550
2553
2555
2556
2557
2562
2565
2570
2575
2576
2579
2581
2585
2587
2591
2606
2615
2624
2627
2629
2630
2634
2638
2641
2642
2645
2648
2650
2651
2652
2653
2655
2658
2661
2663
2667
2668
2677
2678
2684
2685
2687
2691
2694
2700
2701
2702
2703
2709
2717
2719
2721
2722
2723
2727
2730
2731
2733
2734
2737
2743
2746
2751
2755
2760
2761
2772
2773
2775
2776
2777
2780
2785
2790
2791
2793
2794
2796
2797
2798
2800
2803
2808
2812
2813
2814
2815
2816
2817
2821
2825
2828
2833
2842
2848
2850
2851
2856
2862
2866
2867
2869
2872
2879
2881
2885
2887
2888
2889
2890
2901
2902
2908
2914
2923
2927
2929
2932
2933
2936
2938
2939
2945
2950
2951
2954
2955
2957
2960
2962
2963
2967
2970
2972
2980
2982
2983
2987
2996
2997
2998
2999
3003
3012
3014
3015
3017
3020
3021
3023
3024
3028
3030
3031
3035
3041
3042
3048
3050
3055
3056
3058
3064
3065
3071
3072
3073
3078
3091
3093
3094
3095
3096
3097
3103
3105
3110
3111
3117
3119
3121
3123
3124
3126
3127
3130
3139
3142
3147
3153
3157
3159
3161
3164
3166
3167
3171
3174
3181
3186
3194
3203
3204
3206
3207
3209
3215
3216
3219
3221
3222
3226
3228
3233
3235
3245
3246
3247
3248
3251
3252
3253
3256
3267
3272
3279
3281
3283
3287
3299
3300
3301
3303
3304
3306
3307
3322
3323
3325
3329
3331
3343
3345
3350
3351
3353
3354
3358
3364
3366
3370
3377
3378
3379
3380
3381
3383
3385
3387
3402
3404
3406
3412
3413
3417
3419
3425
3431
3433
3443
3447
3448
3450
3452
3453
3455
3461
3464
3465
3470
3471
3472
3475
3477
3480
3481
3482
3486
3491
3499
3506
3508
3522
3524
3533
3536
3541
3542
3543
3545
3552
3565
3567
3571
3574
3577
3580
3582
3583
3584
3585
3588
3592
3595
3599
3600
3601
3602
3605
3609
3610
3619
3622
3626
3627
3628
3633
3634
3638
3640
3642
3644
3649
3654
3655
3665
3668
3671
3672
3674
3675
3676
3679
3680
3681
3682
3683
3685
3688
3689
3690
3694
3696
3698
3702
3704
3709
3713
3717
3720
3721
3727
3735
3747
3749
3752
3755
3759
3760
3761
3762
3763
3778
3780
3783
3788
3790
3794
3795
3797
3799
3803
3809
3816
3817
3819
3823
3825
3826
3829
3830
3831
3835
3836
3841
3851
3855
3862
3865
3876
3883
3885
3891
3893
3897
3901
3902
3903
3905
3911
3913
3920
3923
3924
3931
3933
3934
3935
3940
3942
3944
3945
3950
3951
3952
3953
3955
3956
3957
3959
3965
3966
3968
3969
3973
3977
3990
3992
3998
4001
4010
4017
4025
4027
4030
4034
4045
4054
4067
4070
4072
4073
4075
4076
4078
4084
4085
4089
4090
4092
13
131
99
36
132
72
16
145
114
115
56
57
27
125
