219
1028
517
1032
1545
13
1039
1551
527
17
1042
19
533
1560
1562
27
1052
1567
1060
1573
1061
39
553
556
44
1582
558
1071
48
57
1593
1594
1084
1597
577
583
1095
72
1611
76
77
1614
1616
594
1110
1111
1114
607
1633
1125
1641
107
620
1136
624
1139
1653
1143
1658
637
128
1666
1668
644
1669
136
1160
651
139
143
1680
657
1170
1171
662
1691
157
671
159
1695
672
673
165
1189
170
1714
695
1208
1720
1721
186
1722
1211
191
193
194
1731
1732
1221
1225
202
1741
212
725
1749
217
1242
734
738
1766
232
1256
233
242
1267
761
763
1797
774
777
265
782
1807
784
1296
1809
1810
790
1303
1817
1818
794
1306
796
1822
287
1824
1826
803
1827
1829
1317
297
1322
1837
1328
819
311
1339
320
833
1348
329
845
335
1361
850
340
857
1374
869
359
1385
1386
1387
365
366
1391
881
370
1403
381
388
904
905
1419
396
910
1424
913
1426
1434
926
415
1441
417
1442
421
422
935
938
428
949
1462
955
1469
445
451
963
454
457
969
458
459
1485
1490
469
475
1500
1504
993
481
1508
996
1515
1523
1529
1018
1020
1021
3
52
43
159
