222
1028
1032
1545
9
1034
1547
525
527
1556
533
23
1560
1562
1052
544
1060
39
551
553
554
44
561
1585
1074
1588
565
1590
1593
1594
1084
63
66
584
74
589
81
1620
84
1111
1628
1120
1125
1637
1638
104
623
1136
1141
630
632
637
127
128
1666
1154
644
136
139
1678
143
1680
658
1173
1174
1689
1691
671
672
160
1189
1190
1193
170
688
176
1716
183
695
1721
1211
699
190
191
703
193
194
1731
707
1732
708
1738
1233
210
723
725
1238
728
1242
1755
1245
734
1759
738
739
1251
742
231
745
747
753
757
1269
1271
1785
249
761
762
252
254
1282
1795
260
1797
1287
268
1295
1296
1302
1818
1308
1309
1824
1827
1315
803
1829
1836
1325
1326
814
1838
302
1327
1339
828
1340
829
1342
833
845
1361
850
851
340
852
1369
350
865
866
356
869
870
359
1385
362
1386
1387
875
366
881
1398
888
377
1403
1405
894
897
1414
396
1421
912
913
1426
915
916
919
407
410
1434
925
419
421
939
1451
430
942
949
1462
950
440
953
957
1470
964
968
969
1485
978
466
1491
469
985
479
481
1508
996
490
1006
1523
1529
1021
1023
3
9
75
125
