153
1282
1283
1795
1797
9
1034
1547
268
525
527
1295
1556
533
1302
23
1052
1308
1309
1824
1827
803
39
554
1836
1325
1838
814
302
1327
1074
1588
565
1590
1593
1594
1339
828
1340
1342
63
66
584
74
589
850
340
84
1620
852
1111
600
1369
1628
865
356
1125
1637
1638
870
104
1385
362
1386
875
1387
366
623
1136
1141
888
632
377
1403
637
1405
127
128
1666
1154
644
1414
139
1419
1678
143
656
1680
913
658
915
916
1173
1174
1689
410
1434
925
671
419
1190
1193
170
1451
430
176
688
1459
1716
949
950
1462
183
695
440
1721
953
699
1470
708
964
1732
968
1738
1485
466
210
1491
723
469
725
1238
726
728
985
1242
1245
734
481
738
739
1251
1508
996
745
753
1523
1269
757
1529
762
252
254
1023
2
75
125
