155
770
515
1027
1028
4
517
774
1032
1545
265
1290
1804
1293
782
1807
1296
1042
1560
1818
1562
1054
543
31
287
32
1570
1060
1829
297
553
1835
44
558
1071
303
816
1584
52
820
54
311
57
1084
1087
577
833
1602
1095
329
76
845
590
1103
1625
1114
1630
607
863
97
869
359
872
106
107
620
878
1391
367
881
370
1140
1653
630
1142
1401
1403
1409
390
903
391
136
904
905
1417
396
910
657
1426
1171
403
1429
662
408
154
1691
667
157
926
415
1183
672
673
161
1441
675
421
1189
677
935
423
168
680
951
952
1209
1722
955
1211
191
448
704
194
1731
963
455
969
1225
457
202
458
971
1742
719
211
984
1753
1498
986
1754
730
475
1501
221
1504
993
1761
1766
1512
1260
240
1783
248
1018
763
766
2
43
76
