144
770
515
1027
4
1797
1290
1804
268
1293
527
1808
533
1306
1052
796
1054
543
31
1824
32
1570
1827
1317
39
1835
303
816
48
1328
1584
819
52
820
54
1593
1339
1597
1087
320
1602
1611
77
1614
590
335
1103
340
1111
1625
857
1374
1630
863
97
1125
1638
872
106
1387
366
878
367
1140
1142
1143
1401
1658
1403
637
381
128
1409
1666
388
644
390
391
903
1160
1417
1419
139
143
913
1171
403
1429
408
154
1695
159
1183
161
675
677
423
168
680
170
428
946
949
951
1720
952
1721
1209
704
448
193
451
1221
454
971
1485
1741
1742
719
211
1749
469
984
217
1753
1498
730
986
1754
1500
221
481
1761
1508
1512
1256
1515
1260
240
1523
1783
248
1529
1021
766
2
76
159
