194
1028
517
1542
1544
1032
1545
530
1042
1560
25
1562
538
1570
1060
548
553
44
558
1583
1071
1077
57
1084
65
577
1092
581
1095
1610
1100
76
591
1619
1110
1113
1114
1119
607
97
613
107
620
1136
624
1139
1653
119
631
132
1156
136
142
657
662
665
1689
154
1691
668
157
1183
672
673
1189
1194
1709
177
690
691
180
1717
1209
1722
699
1211
188
191
704
1729
194
1731
1223
711
1736
1225
202
209
227
740
1766
235
238
1776
240
752
1268
248
761
1274
763
766
1279
1791
768
774
265
1290
1293
782
1807
1296
1818
1310
799
287
290
293
1829
1830
295
1319
297
299
1835
1839
816
1330
307
822
311
319
833
324
326
839
329
330
1355
845
1361
1365
860
1377
869
871
359
878
1391
880
1393
881
370
885
383
1411
390
1415
904
905
1417
396
397
910
911
1426
1431
1433
1435
926
415
1441
421
935
955
448
963
453
456
969
457
458
971
464
1492
1499
475
1501
1504
993
995
484
1524
1018
510
3
116
41
43
