326
515
3
7
1033
11
1548
1037
13
527
1039
1553
1556
533
1559
1560
538
1562
1563
540
1052
29
30
33
1059
1060
1572
1061
1574
1062
38
39
551
40
552
553
555
1579
556
557
1582
1070
47
1583
48
561
1585
1076
566
1590
55
568
1593
1594
58
1597
573
1088
577
66
72
584
1611
76
77
1102
1614
1616
1106
82
1620
1111
1114
1627
1116
93
1631
1120
1123
1636
1125
1127
618
620
621
1136
1649
115
1139
1141
117
631
1143
1145
1658
1659
635
636
637
128
640
1666
1667
644
1669
135
136
1160
648
138
139
1678
1166
143
1167
1680
1171
1174
1686
670
1695
159
671
672
160
676
1189
165
679
170
1196
174
1199
176
1203
183
695
1720
1721
697
1722
1213
1726
703
193
1731
196
1732
1221
1736
1739
1741
1742
718
1743
719
1746
723
1235
212
1237
1749
1238
726
1240
217
1245
734
1761
229
1766
231
743
1256
745
750
1263
751
1264
1776
752
242
1780
1782
1788
1790
1280
1795
1284
1797
774
268
782
1808
1296
1300
790
1303
1817
1306
1818
795
796
1821
1310
286
1822
800
1824
1312
803
1827
292
1829
1317
805
297
1328
819
309
310
1334
311
313
1338
1339
1342
320
1345
836
1350
840
843
1356
335
1361
850
851
340
857
1370
1374
353
355
357
358
1382
1385
1386
362
1387
366
879
881
1393
370
373
1403
381
893
897
386
388
902
391
392
1417
906
395
1419
910
912
913
1426
403
916
919
409
411
1436
926
414
927
417
1442
1443
421
422
935
938
428
944
949
1466
955
445
1474
963
451
454
1479
455
968
969
458
459
1485
980
469
981
475
1500
991
481
1508
1512
490
1515
1005
1007
1523
503
1529
1017
1532
1020
1023
5
132
84
68
37
159
