142
1793
514
1027
4
774
1799
1290
782
1807
1808
1296
1815
536
1048
538
1818
1050
1562
1563
1822
543
1823
546
36
1060
1573
1829
1319
40
553
1835
1326
816
561
1585
821
311
1084
835
836
327
1097
843
76
845
78
1615
1361
594
85
342
87
345
92
1373
607
1379
1382
620
878
879
1136
881
1401
1403
1405
384
897
1672
136
1417
396
910
912
1681
1426
1683
147
148
919
409
154
1690
1691
1436
413
926
670
672
929
1441
421
1189
1708
1197
942
687
1457
1459
1204
1208
442
1722
955
1211
188
701
191
704
962
1218
1474
963
1731
707
196
455
1479
969
458
718
208
1235
1237
729
221
1759
1761
1505
1765
231
1511
1005
1776
1009
242
1783
1271
762
250
1531
766
2
49
122
