135
1795
259
1797
1030
9
1034
1547
268
525
527
273
1556
533
790
1302
1559
540
28
1052
1309
1822
1824
1827
1061
39
1579
556
1325
1582
47
1074
1588
1589
565
310
1593
1339
63
1344
321
66
835
1607
589
1102
848
1617
1620
340
84
1111
1631
865
356
1125
1637
870
1638
104
617
362
1387
875
1132
366
367
1136
1649
1139
375
377
891
637
127
1408
128
1666
644
139
141
143
1680
656
913
658
915
410
930
1190
168
1193
170
1451
1716
949
183
1721
957
1470
1215
193
1732
708
965
459
1485
1230
1491
212
725
469
982
985
1757
734
224
481
738
739
1508
1517
1009
242
1523
757
1269
1526
502
1782
1529
507
1020
1021
254
1023
2
93
125
