145
1797
777
9
1034
1547
268
13
525
1551
1039
527
784
1809
17
1810
19
533
790
1302
1303
1817
27
1052
1309
1822
1567
1824
1826
803
1827
1573
1061
39
1322
556
1837
1325
1582
1074
1588
565
1593
1594
1339
63
1348
583
72
1616
594
850
340
84
1110
1111
1633
356
1125
1637
1638
870
104
1641
1385
1386
1387
875
365
366
1136
624
1139
377
1403
637
127
128
1666
1668
644
1669
651
139
143
1680
1424
656
913
1170
658
1171
915
1434
410
671
1442
165
422
1190
1193
938
170
1451
1714
1716
949
1462
695
1208
1721
186
445
1469
957
1470
1215
193
1732
708
459
1485
1490
1491
212
725
469
985
1242
734
481
738
739
996
1508
232
233
242
1267
1523
1269
757
1529
1020
1021
254
2
52
125
