400
2
9
1033
1034
11
1037
1038
1039
18
1048
1050
1052
1053
29
30
1058
1059
1060
39
40
44
1070
47
1072
1074
55
58
1084
63
1088
66
72
1098
76
1102
1105
1106
83
84
85
1111
1116
92
93
1122
1124
1125
104
1129
1134
1136
1137
115
1141
1145
127
128
130
1155
136
138
139
1164
1166
143
1167
1170
1171
147
1174
151
1183
1188
164
165
1189
1190
1193
170
1196
1197
176
1203
183
1209
1211
1213
1215
191
1217
1218
196
1221
1227
206
1235
1237
1238
215
216
1244
1245
1246
229
231
1263
1264
242
1269
1271
254
1284
268
1292
1296
273
276
1300
1302
1303
1309
286
1310
1312
292
1321
300
1325
1326
307
309
1334
310
311
1339
315
1342
1344
1345
1349
1350
327
1361
340
1365
345
1370
1373
353
355
1379
356
1381
357
358
1382
1384
1385
1386
362
1387
366
1392
1393
1394
377
1403
386
1413
390
391
1417
395
396
397
1426
403
409
1434
410
1436
1441
1442
1443
421
1451
427
1454
1458
1466
445
1470
448
1472
450
1474
1477
455
1479
458
1485
464
1491
469
472
481
1505
1508
1511
1512
1520
1523
503
1529
1531
1532
514
515
522
1547
1549
525
1551
527
1553
1556
533
1559
538
1562
1563
540
1569
547
1572
1574
1576
553
1579
555
1582
561
1585
1588
565
566
1590
568
1593
1594
571
573
1605
584
1616
594
1618
595
1620
1627
1629
1631
607
1632
1636
1637
1638
616
1641
620
1649
629
631
1659
635
636
637
640
1666
643
644
1669
1672
648
650
1678
1680
656
1681
658
664
1691
668
670
671
672
676
679
1708
1716
695
1721
697
1722
699
1731
707
1732
708
1736
1742
718
719
1743
1746
723
1753
1757
1758
734
1759
1761
738
739
741
1765
745
1776
752
1780
757
1782
1783
1795
1797
774
1799
782
1807
1808
790
1815
1818
795
1821
800
1824
1827
803
805
1829
808
809
815
836
840
843
845
850
853
856
859
863
870
875
879
881
886
891
897
901
910
912
913
915
919
926
938
942
944
949
955
957
963
968
969
971
973
980
981
985
1002
1004
1005
1007
1014
1016
1017
1021
1023
7
132
37
38
71
122
125
31
