202
3
7
9
1034
1547
1037
525
13
527
1556
533
23
1559
1052
1061
1062
38
39
551
552
554
555
556
557
1583
1074
1588
565
1590
1593
1594
63
66
72
584
74
589
82
1620
84
1111
1627
1628
1125
1637
1638
1127
104
623
1136
1139
1141
117
632
637
127
128
1666
1154
644
139
1678
143
656
1680
658
1173
1174
1689
671
676
1190
1193
170
688
176
1716
695
183
1721
699
1726
1732
708
1738
1739
210
723
212
725
1238
726
728
1242
1245
734
738
739
1251
743
745
751
1264
753
242
1269
757
762
252
254
1282
1795
1283
1797
268
1295
1302
1817
795
1308
1309
1822
1824
800
1827
803
1836
1325
1838
302
814
1327
313
1339
1340
828
1342
1356
850
340
852
1369
865
356
870
1385
1386
362
875
1387
366
373
888
377
1403
893
1405
902
1414
392
1417
1419
913
403
915
916
410
1434
925
927
419
1444
422
1451
430
944
1459
949
950
1462
440
953
957
445
1470
964
968
459
1485
466
1491
469
985
481
1508
996
1007
1523
1529
1020
1021
1023
3
68
75
125
