205
1027
515
4
9
1034
1547
525
527
17
533
23
1051
1052
1053
1054
543
31
32
1570
39
555
1582
1584
1074
52
1588
565
566
54
568
1593
1594
58
59
1087
63
1602
66
589
590
1103
1105
1106
84
1111
1625
1630
97
1124
1637
1125
1638
104
106
108
115
1140
1142
632
1145
637
127
128
1666
644
1669
138
139
143
656
658
1171
1174
1177
154
1693
1183
161
675
677
1190
168
680
1193
170
683
1196
1716
695
1209
1721
704
193
1730
708
713
1742
719
720
211
1748
1753
1754
730
221
734
1761
738
739
1771
1260
1774
240
242
1269
757
1782
1783
248
766
254
770
1797
1290
1804
268
1293
1808
1302
1309
1312
1824
1827
803
810
1835
1325
303
816
820
310
1339
1347
338
340
1370
858
863
356
870
872
875
1387
878
366
367
1401
377
1403
891
896
1409
898
390
903
391
1417
913
403
915
1429
917
408
410
411
423
1451
1452
949
951
952
1470
448
1478
971
1485
1491
980
469
982
984
985
986
1498
481
994
483
1508
1512
1518
1523
505
1529
507
1021
3
76
125
30
