145
1795
1284
772
1797
1804
1292
13
527
273
1556
533
1559
1306
1819
1052
796
540
1564
1566
1824
1827
1059
1317
1061
39
1831
554
814
48
1328
819
312
1593
1339
1597
320
832
1344
580
1350
72
1611
77
1614
1358
335
1616
340
1620
1111
857
89
1369
1374
96
353
355
1636
1125
1638
1385
1386
1387
366
1136
1141
1143
1658
1403
637
381
128
1666
388
644
1669
647
1160
1417
1419
139
395
1678
1166
143
913
1170
1174
1434
1695
159
671
417
165
422
678
170
428
430
688
1712
949
438
1462
695
1720
1721
698
700
193
450
451
1221
454
460
1485
1741
463
465
977
210
1749
469
725
1238
217
1500
481
738
1508
487
1256
1515
1771
1004
1523
1525
1782
503
1529
1019
1020
1532
1021
1023
2
90
159
