236
515
1027
1028
4
517
1032
1545
1042
1556
1560
1562
1054
543
31
32
1570
1060
553
554
44
558
1071
1584
52
1590
54
57
1594
1084
1087
577
66
1602
1095
584
74
76
589
590
1103
1620
1625
1114
1628
1630
607
97
106
107
620
623
1136
1140
1653
1141
630
1142
632
1154
1668
136
1678
1680
657
1171
1173
662
1174
1689
154
1691
157
671
1183
672
673
161
675
1189
677
168
680
688
176
695
183
1209
1722
1211
699
191
704
194
1731
1732
1225
202
1738
1742
719
210
723
211
725
726
1238
728
1753
1242
1754
730
1245
221
1761
1251
1766
745
1260
240
753
1783
248
762
763
252
766
1282
770
1283
1795
774
265
1290
1804
1293
782
1807
1295
1296
1818
1308
287
803
1829
297
1835
1836
814
1838
302
1327
303
816
820
311
1340
828
1342
833
329
845
1361
850
852
1369
863
865
869
359
872
1385
1386
362
878
1391
367
881
370
888
1401
1403
1405
1409
1414
390
391
903
904
905
1417
396
910
1426
403
916
1429
408
1434
925
926
415
1441
419
421
935
423
430
1459
1460
1462
950
951
440
952
953
955
448
963
964
455
968
969
457
458
971
466
984
1498
986
475
1501
1504
993
1512
1018
1023
3
43
75
76
