218
9
1034
1547
1548
525
527
1554
533
1560
1562
1563
1052
1060
36
1573
1574
39
40
553
1585
561
1074
1588
1076
565
1593
570
1083
63
577
1089
585
76
1105
84
1111
600
1114
1629
1120
1123
1637
1125
1638
104
617
618
620
1645
621
624
115
1141
1655
637
127
128
1666
1667
131
644
135
139
143
656
658
1686
1175
670
160
672
1189
1190
680
1193
170
684
174
1199
180
1716
1719
1721
1722
189
703
1215
1218
1731
196
708
1221
718
719
1234
1748
1237
1240
221
1758
734
738
739
740
1766
1254
231
746
750
757
1269
1782
1788
252
766
1790
254
255
1280
1795
1797
774
268
782
270
783
1296
784
1809
1302
1818
1309
1824
1827
1829
297
1834
1325
816
820
311
1338
1339
1347
836
329
843
845
1361
851
340
852
344
1378
356
1382
870
875
1387
1389
878
366
879
881
370
1400
377
1408
897
1410
390
1417
906
910
399
912
913
1426
914
402
915
919
409
410
1436
926
414
421
935
1451
1458
949
438
950
951
955
1470
448
963
1479
969
458
1485
1491
469
985
475
991
481
1508
486
488
490
1004
1008
1523
1529
1021
3
0
84
125
