507
2
3
1027
4
1030
1035
1037
13
19
1043
21
1046
22
27
1054
31
1056
32
33
1058
1059
35
36
1061
37
41
42
43
1068
1072
50
1075
1076
52
54
1078
55
1079
56
1080
58
59
1083
60
1087
1088
66
1091
70
72
73
1098
1101
1102
1103
1106
1107
1113
94
1118
1119
96
97
1121
1122
101
103
1128
1129
106
1133
109
1136
112
114
1139
1140
1141
1142
1145
1150
129
130
1160
140
1164
1166
1170
1171
1173
1174
151
152
154
1181
1183
1185
161
162
165
168
1195
1196
175
178
1202
179
180
183
1207
1209
1210
187
1213
189
193
1218
195
1221
1222
1224
1226
1230
1231
211
212
1238
215
1239
219
1245
221
222
1246
1251
234
235
1260
239
240
1264
242
245
248
1273
1277
253
1278
255
1281
1283
1284
261
1286
262
1290
267
1293
269
273
274
1301
1303
281
285
1312
1320
1323
300
301
303
1330
1334
310
1337
1342
1344
322
1347
1348
324
1349
1350
1352
1356
333
337
338
1362
1366
1369
1370
1372
352
1377
1378
355
1381
1384
1385
1386
362
1388
364
1389
367
1396
372
1399
1401
1402
378
1403
379
1406
383
384
385
1409
1410
390
1414
391
1417
395
1419
1422
398
1424
1425
401
403
1429
408
1433
1434
1435
412
1438
417
420
1445
422
423
1447
424
426
427
1453
430
1455
1462
438
440
442
448
450
1474
1478
455
1482
459
1487
464
465
1490
467
1492
1498
476
1503
485
1512
1514
491
1519
496
497
498
1524
503
506
510
511
513
515
516
518
1543
520
1544
521
1546
1550
1551
1552
1553
1555
1556
534
1559
535
536
538
539
540
1564
542
543
1569
1570
1572
1573
549
1574
551
1576
554
555
556
1582
1584
564
568
1592
569
1594
1595
1601
1602
1605
582
583
586
1612
589
590
1615
592
1617
594
1618
595
1619
1620
1625
1626
602
606
1630
1632
1634
611
1641
1647
623
624
1652
631
1655
632
635
1659
1660
640
1668
1669
650
651
1678
1679
1680
1682
663
664
671
675
676
1701
677
1702
679
680
1706
683
687
1714
1717
695
697
701
1728
704
1732
710
1736
714
717
1742
719
1744
721
1746
723
724
725
726
1753
730
1754
731
1756
736
1760
1761
1762
1763
740
741
1767
748
1774
1776
752
753
1778
1779
1782
759
1783
766
1792
770
1795
771
772
1798
1801
1802
778
779
780
1804
783
1808
1809
1810
1814
795
1821
1822
1826
803
808
1832
810
1835
1836
1837
814
816
820
840
844
850
856
858
859
863
865
867
872
877
878
891
898
902
903
909
916
917
929
945
946
951
952
967
968
971
973
974
975
976
977
980
984
986
988
989
996
1007
1008
1009
1014
1016
1020
1023
17
161
66
67
103
136
12
44
108
76
141
110
81
114
115
22
60
95
