381
2
3
515
6
15
2065
1041
529
1043
1052
542
543
1055
544
547
548
1060
1061
37
1575
39
1065
1578
44
1581
558
1070
1585
564
54
1080
56
1081
59
1595
571
572
573
1085
1086
576
1600
67
579
1604
580
68
581
1605
70
1095
1608
1096
585
73
74
1098
587
1611
1100
77
589
1105
81
594
1108
87
600
1624
1114
1626
91
604
92
1630
1121
611
99
1636
612
1637
1639
617
1129
107
1132
1644
108
1133
113
1137
115
627
118
1656
634
635
124
636
1148
1661
1154
131
644
1668
645
646
649
650
142
1168
1680
657
1172
149
1686
665
153
1690
1691
667
668
1693
671
160
161
1703
1192
170
1707
173
174
177
693
1206
1207
183
1721
1210
699
1726
702
703
704
706
1732
709
711
712
200
1737
716
207
1743
1745
209
722
1746
723
1239
1751
727
1240
1243
222
224
225
738
1251
1763
230
745
1769
746
1771
749
751
1775
755
1276
1792
772
773
1285
776
1289
1294
273
1810
274
787
1811
277
790
1303
1818
1307
283
1820
1822
290
1830
806
299
1324
1838
1327
816
1841
1330
1331
307
309
1845
1334
1335
1852
1341
830
1855
1344
1856
322
1860
1348
325
1350
1867
1356
1868
1872
1360
849
1876
852
1365
1878
854
1879
1373
863
866
1890
1379
867
1380
1381
874
363
1900
1389
1392
369
370
882
883
1907
1908
372
885
1397
887
891
893
1408
897
899
1411
1412
1926
1927
1415
1929
1417
395
1931
1420
1939
1428
916
1943
1944
408
409
1945
1946
1435
924
1437
1438
415
417
1441
1442
1443
1956
420
932
1444
933
421
1446
934
1958
1959
1447
935
936
1960
1451
1963
1452
428
1454
942
1967
944
434
947
1459
948
1973
1974
439
440
953
954
1467
1980
956
1469
1471
448
962
451
964
452
1477
1991
969
458
974
463
464
467
1491
980
2005
1496
1501
477
2014
480
1504
481
993
2018
1506
2023
1512
2025
1002
2026
2027
493
1009
498
2036
1012
1525
1526
1527
2039
1017
2042
1530
506
2044
1532
509
1021
23
98
100
4
5
37
135
8
76
109
15
79
144
146
83
21
119
55
152
153
154
122
157
94
