268
3
2052
6
1030
1034
2058
2062
15
527
2065
18
1043
2067
532
544
545
547
1061
1578
1066
44
45
1581
558
1072
1585
564
55
56
1082
1595
1085
1086
1600
1603
68
1605
1093
70
1095
1608
1611
587
81
594
1619
1108
87
1112
1624
600
1114
1627
1116
604
92
1122
99
611
1639
1132
622
1135
1136
113
627
629
1143
120
1656
633
634
635
124
1152
1666
1668
1156
645
136
1672
649
142
1679
1168
1680
657
1170
1172
1684
149
665
1693
160
162
1703
170
1195
173
178
691
1715
1716
183
1720
1721
1722
186
698
699
1214
1730
1220
709
711
1735
200
1224
712
716
1745
1748
212
727
218
1758
222
224
225
1252
1767
1769
745
754
1781
250
1792
1281
773
1798
775
1289
1291
1803
268
1809
787
1812
789
1813
790
1303
1818
1820
1822
286
1314
1827
805
1830
1318
1321
1833
811
1324
301
1838
1329
1330
309
823
1339
1855
1856
1860
325
1350
326
1351
331
843
1868
1356
332
1359
849
338
1876
1884
860
1373
863
868
1385
362
367
1909
1910
380
383
1408
897
1412
1413
1927
1417
1418
395
1426
1428
916
1944
1434
1435
412
1437
1441
417
1443
1444
932
1956
933
1447
1960
942
1454
944
946
1974
439
953
1978
954
1469
446
1471
448
456
969
458
974
1998
467
980
1493
1502
2014
479
480
2016
1511
488
2025
1002
2026
493
1517
1009
498
1011
2035
1525
1527
506
1530
1532
2047
16
32
0
5
37
71
135
8
41
109
111
81
83
148
55
122
158
