151
1792
1281
2
3
2051
773
6
1034
15
18
1043
1812
532
1813
789
277
790
1818
1307
1820
1822
1830
1318
1324
1838
558
1585
50
1331
309
54
823
1595
571
1086
1855
1344
1603
67
579
1860
68
325
581
1350
70
1351
1608
587
331
1611
1359
849
81
1108
852
1879
87
1624
604
860
611
1379
1639
362
107
1132
1900
627
633
634
891
124
383
1408
897
1666
899
1412
1668
1156
1926
1927
1672
1418
142
1679
1168
1939
1172
1428
149
1944
665
1435
667
412
1693
1437
415
160
417
932
1956
420
933
934
1960
936
173
1454
942
434
1974
439
1721
699
1467
1471
1730
1220
709
1735
711
456
200
969
458
716
1998
464
1745
723
980
1748
727
222
480
2016
2018
1252
1767
1769
745
1002
234
1525
1527
506
1532
2047
9
32
98
83
5
71
135
119
94
111
