225
2049
2
515
3
2051
6
1030
1034
15
18
1043
532
539
547
1572
1578
45
558
1585
50
54
55
56
569
1595
571
1085
1086
1599
1089
1603
68
581
70
1608
587
1106
1619
1108
87
1112
1625
1114
604
98
99
611
1125
102
1639
107
1643
1644
1132
1135
1650
627
1143
634
124
1152
1666
1668
132
1156
1672
649
1673
139
142
1679
1168
1170
1172
1684
149
665
667
156
157
670
160
1185
1703
173
691
1716
1720
1721
699
1214
1730
1220
1735
200
716
204
1745
722
723
1748
727
1752
218
1242
222
1758
1247
1252
1767
1769
745
234
1773
241
754
250
1792
1281
773
1289
1803
274
1812
1813
277
789
790
1818
1307
1820
1822
1314
1830
1318
299
1324
1838
1329
1331
309
1845
823
1855
1344
1860
325
1350
326
1351
331
332
1359
849
852
1879
1884
860
350
866
1379
362
1900
1901
367
379
891
383
1408
897
899
1412
1926
1927
1417
1418
1939
1428
1944
1435
412
1437
415
417
932
1956
420
933
421
1960
936
1452
1454
942
434
439
954
1978
1467
1471
960
451
456
969
457
458
1998
464
467
980
470
2014
2016
480
2018
2025
1002
2036
1013
1525
1527
506
507
1532
2047
13
32
96
98
135
71
8
142
111
83
149
119
94
158
