220
2051
3
6
1030
1034
522
15
18
1043
2067
532
539
1572
550
1578
45
558
1585
50
54
55
1595
571
1086
1603
67
68
70
1608
587
1611
81
1619
1108
87
1112
1114
604
611
1125
614
1639
618
1643
107
1132
1644
1135
627
1143
633
1145
634
124
1152
1666
1668
1156
1671
1672
650
142
1679
1168
1684
1172
149
665
667
1693
160
1195
173
178
1716
1720
1721
698
186
699
1723
1214
1730
1220
709
1735
711
200
1224
716
1745
209
723
1748
727
218
222
1758
1252
229
1767
745
1769
234
1775
754
250
1792
1281
773
1289
1803
1812
1813
789
277
790
1818
1820
1822
1313
1314
1830
1318
1324
301
1838
309
823
1336
1855
1344
1860
325
1350
326
1351
331
843
332
1356
1359
849
852
1879
859
1884
860
352
866
1890
1379
362
1900
876
1901
367
372
1909
891
380
383
1408
897
899
1412
1926
1927
1418
1426
1939
1428
1944
1434
1435
412
1437
415
417
1441
1443
420
932
1956
1444
933
934
1960
936
426
942
1454
944
1974
439
954
1467
1469
1471
451
456
969
458
1998
467
980
2016
480
2018
1511
2025
1002
493
1011
1525
1013
1527
506
1532
2047
12
32
81
98
83
5
71
135
55
119
56
158
111
