201
2
3
2051
1030
6
1034
15
18
1043
532
1578
45
558
1585
50
54
55
56
569
1595
571
1086
1603
68
581
70
1608
587
1106
1619
1108
87
600
1112
1114
604
96
1125
102
1639
616
105
1643
107
1132
1135
115
627
119
634
124
1152
1666
132
1668
1156
1672
142
1679
1168
1172
1684
149
665
1178
156
157
160
1185
674
1702
1703
173
1710
178
691
1716
1720
1721
699
1214
1730
1220
1222
1735
716
1745
1748
727
1752
218
1758
222
1252
1767
745
1769
234
747
754
250
1792
1281
773
1289
1812
789
1813
277
790
1818
1819
1820
1822
1310
1314
1830
1318
807
1324
1838
1329
1331
309
1845
823
1855
1344
1860
325
326
1350
1351
331
1356
332
1359
849
852
343
1879
1884
860
866
1379
362
1900
1901
1906
379
891
383
1408
897
899
1412
1926
1927
1417
1418
1939
1428
1944
412
1437
415
417
1956
420
933
1960
936
942
1454
434
439
1978
954
1467
1471
451
456
969
458
1998
464
467
980
2014
480
2016
2018
2025
1002
2036
1525
1013
1527
506
1532
2047
12
32
98
83
149
71
135
119
8
44
158
94
111
