207
2
3
2052
1029
6
522
1034
15
1043
532
33
545
547
1061
1066
44
558
1585
50
564
54
1082
571
1595
1086
1600
68
580
1093
1605
70
1095
1608
587
81
1108
87
1624
1625
604
92
1122
98
99
611
102
1639
107
1644
1132
622
1136
627
1143
634
124
132
1668
1156
645
1672
649
138
142
1679
1168
1680
1172
149
665
667
670
160
1185
170
183
1721
1210
186
699
704
1730
1220
1735
711
712
200
716
204
1745
723
727
1752
1245
222
224
225
1769
745
234
1773
241
1781
1792
1281
258
773
1803
274
787
1812
789
1813
790
1303
793
1818
1820
1830
811
1838
309
1334
823
1855
1344
1856
1860
1349
837
325
326
1351
331
1868
1359
849
852
1876
1877
1879
860
868
1385
362
876
1388
1900
367
880
1392
370
372
1400
379
383
1408
897
1412
1926
1927
395
1939
1428
916
1944
1435
412
1437
415
417
1444
932
933
1447
1960
1963
1454
942
439
953
954
1467
1471
962
456
969
458
1998
980
1493
480
2016
2018
2025
2026
1002
2036
1013
1525
2038
1527
506
1530
507
1532
509
12
32
0
96
83
149
37
71
119
55
135
43
111
