150
1281
2
3
2051
773
6
1034
15
18
532
1812
789
277
1813
790
1303
1820
1822
547
1830
1318
1324
301
558
1838
1585
50
1331
564
309
54
1334
823
571
1595
1086
1855
1344
1600
1856
1603
68
580
1860
325
581
1605
1350
1351
1608
331
587
1359
849
852
1876
1108
87
1879
860
604
92
1379
1380
1639
1385
362
1900
1132
1392
627
634
891
124
383
1408
897
1666
899
1668
1156
1412
1927
1672
1418
395
142
1679
1168
1680
1939
1172
916
1428
149
1944
665
412
668
1437
415
160
417
1956
420
933
1960
936
170
173
942
1454
434
439
183
1721
698
186
699
1471
1730
1220
1735
456
712
969
458
1998
464
1745
209
1746
1748
727
222
2016
224
2018
1252
1767
1769
745
1002
234
1525
1527
506
1530
1532
2047
10
32
98
83
37
119
71
135
55
94
111
