221
2
515
3
2051
6
1030
15
2063
18
1043
532
539
547
550
1578
44
45
558
1585
50
56
569
1082
570
1595
1086
1600
68
1093
1605
581
70
1608
587
1611
81
1108
87
1112
1624
1114
604
92
606
96
99
1125
102
1639
105
1643
1132
1135
119
1656
633
634
124
1660
1152
1668
132
645
142
1679
1168
1680
1684
1172
149
665
1178
156
670
160
674
1702
1703
170
173
1710
687
178
691
1716
1720
696
1721
699
703
1730
709
711
1735
712
200
1738
716
204
1745
723
1748
212
727
218
222
224
745
1769
746
234
747
754
1272
250
766
1792
1281
773
1289
265
1803
787
1812
1813
789
277
790
1303
1818
1307
1819
1820
1822
1314
1830
1318
807
1324
1838
1329
1330
1331
819
309
1845
823
1342
1855
1860
325
1350
1351
332
849
1876
1880
1882
1884
860
352
866
1379
1385
1900
1901
1392
1906
891
379
383
1408
897
899
1924
1412
1927
1417
1418
395
1428
916
1944
1435
412
1437
417
1442
1956
420
932
933
1960
936
942
1454
434
439
1978
1471
962
451
456
969
458
464
467
980
2014
1503
480
2016
1002
1009
1011
1525
1527
506
1530
1532
2047
13
32
98
131
37
5
71
135
8
44
83
91
158
94
