231
1025
2
2051
3
515
6
523
15
18
2067
1043
532
544
545
547
548
1061
550
44
1585
50
56
569
1595
1086
1600
578
581
1605
1095
1608
1096
74
587
1611
77
81
1108
87
1625
92
604
606
96
611
99
1636
102
1639
617
105
619
1132
1644
1143
634
1660
124
1668
132
134
649
142
1679
1168
1680
1170
1172
1684
149
665
1178
1693
157
670
160
1185
674
1702
1703
170
173
1710
1721
699
703
1730
709
1735
712
1738
716
1745
727
1752
218
1243
1245
222
224
739
1251
1769
745
234
747
1773
1792
1281
773
1803
782
1807
1812
1813
277
789
790
1303
1818
1819
1820
1822
1310
1830
1318
807
299
1324
1838
303
1330
1331
307
309
823
1342
830
1855
1860
325
1350
326
1351
1353
1868
1872
849
1876
340
1879
1880
1371
860
866
1379
868
1385
361
1900
1392
1909
379
891
380
1404
383
1408
897
899
1412
1927
1417
1418
395
1426
1428
916
1944
412
1437
417
1442
1443
1956
1444
932
420
933
1960
936
1452
1454
942
434
948
439
954
1978
443
1471
960
962
451
456
969
457
458
461
464
980
2014
1503
2015
480
2016
2023
2025
1002
493
1009
2035
1011
2036
1525
1527
504
506
1530
1532
2047
14
32
65
98
131
37
71
135
8
76
44
81
83
149
94
