154
512
1280
264
1288
1547
1035
13
1037
1296
274
2070
1815
537
1306
1820
1310
2079
801
1315
550
1062
1831
807
553
554
1322
2091
557
1584
307
2099
54
60
1340
576
833
2114
836
325
1862
1095
1097
1866
1613
341
85
1110
87
343
1367
1880
2137
857
2140
1631
1119
867
356
1124
1381
1126
2150
359
1646
1134
878
623
1904
2164
2165
1909
633
1405
2175
384
2177
389
901
903
1159
393
1164
1933
1167
2192
401
1425
1938
659
1172
2199
1431
1688
920
1691
923
156
157
670
1951
2209
162
1444
2214
678
1191
1193
1195
1196
172
1708
1453
2222
178
180
949
1977
954
1978
956
1981
189
1983
2244
1477
2246
1479
713
1737
1743
211
1747
1491
467
981
2005
984
985
732
1505
227
2019
230
743
1512
1515
236
750
496
1778
245
2042
1275
1535
1
123
