213
512
1025
520
2060
1037
19
531
1556
22
1048
34
2083
549
1067
556
46
48
1587
2099
1075
565
1080
1081
1595
61
1597
2110
1598
1091
580
585
74
586
1612
79
592
2128
81
2131
597
598
1110
87
2137
2144
608
1123
1124
1125
110
1135
112
1648
2161
1137
1139
634
2170
636
1661
638
2175
2178
132
2183
2185
2192
1681
1682
2204
157
670
1183
2208
676
166
168
1193
681
682
1196
2220
2222
686
1199
177
691
1721
1210
189
1728
1218
1219
2245
2246
198
201
713
2250
1231
1241
218
735
1760
224
1765
231
232
1769
1778
1267
756
760
248
762
1275
1798
778
1802
782
1298
794
1819
1311
288
1315
1827
805
806
1318
1831
1833
310
825
1849
1851
1340
317
318
1855
1344
1857
833
834
836
1349
326
840
841
330
1868
1356
334
1361
1874
855
1880
1368
857
1377
867
1382
872
366
1390
1392
1912
377
1405
1921
1416
392
400
916
1431
920
1434
1946
412
415
1444
1957
431
1457
1459
948
438
957
447
1983
964
1479
1993
458
1484
1487
978
468
2004
2005
2007
985
987
989
479
2018
484
2028
1005
2032
1010
1016
1020
2
27
110
