197
1026
2055
2060
524
13
528
533
2070
534
27
539
1052
1566
32
35
2084
2087
553
554
2090
555
556
1581
1069
2094
559
1587
565
570
1595
60
61
1085
2110
2112
578
1090
1609
2121
586
1098
74
1610
2128
592
81
1621
87
1111
604
2141
1630
2143
609
612
1125
2150
104
2161
1137
2164
2165
2167
2175
2178
2182
2197
1688
1179
2205
1699
676
1189
1191
1703
2218
1708
1711
179
1716
185
1210
1213
1727
1215
1729
707
710
2246
1222
1231
1744
722
1746
1757
225
1251
231
1768
1778
246
1793
774
1287
1803
268
787
789
1814
279
793
1309
1822
1314
1318
807
302
818
307
312
1851
1339
316
1345
834
1351
841
1865
330
1356
1868
332
1357
846
1874
1875
853
1367
857
357
876
365
1904
370
1395
371
1400
381
1918
894
1923
1924
901
903
391
393
1425
406
1431
920
1951
1953
1445
427
431
1456
432
946
950
1468
957
962
1475
1477
1479
970
459
1484
465
1489
2005
1494
471
984
475
1503
2019
2022
2023
489
1513
2029
2037
502
1018
1020
1534
2
83
71
