222
512
513
1542
1544
1547
2060
524
1037
14
528
531
1046
2070
536
24
537
539
2079
543
547
36
2090
554
45
557
2095
51
2099
1587
565
60
2110
578
586
1612
2128
81
2131
85
87
600
95
2144
608
2149
2150
1126
2153
107
108
2156
2157
1650
1653
631
633
634
1661
1156
132
2182
135
1160
2191
1167
144
1172
149
2199
1688
2205
1183
678
1703
2219
1708
2222
1199
178
2227
179
2229
186
2240
707
1219
708
1733
713
1737
714
721
722
729
732
224
1764
1254
743
1768
744
1258
1263
1777
1778
756
248
760
1275
764
779
267
1804
1806
1296
1813
1820
798
286
801
1315
804
806
1830
1318
1831
301
302
303
816
817
818
1331
825
826
1340
829
318
1855
321
833
326
1863
1355
1868
334
1360
1361
1876
340
341
1877
342
857
1883
350
1888
352
1377
867
357
1381
876
1901
1395
1910
1912
1917
1924
1412
389
393
1933
400
1425
402
1939
1431
1947
925
414
1952
1440
930
1444
427
428
1454
1966
431
946
435
437
1974
1976
1468
447
1983
962
1479
1995
460
1484
1485
979
2004
2005
984
990
2016
2019
1509
487
488
2025
2030
1520
2037
501
1016
1019
2047
2
17
38
