143
512
1026
771
774
1543
520
2056
2061
1297
1810
787
1045
22
537
538
2077
543
288
1315
1571
2083
36
1829
1830
1319
807
1831
1320
553
555
45
1586
307
1846
1080
825
1082
1594
829
1086
321
65
1857
581
326
1862
841
1098
586
1356
1357
1101
2128
1877
1623
1119
98
356
1125
1126
1640
108
1395
371
1908
1145
1402
638
1924
2181
391
903
392
2185
909
2191
658
1431
920
1688
1948
1951
2209
1188
676
934
2214
1191
1963
1453
1711
431
177
2227
1459
180
1974
1210
2234
957
1728
1988
1220
1477
2246
1992
970
1483
206
1744
2001
979
2004
2005
1237
213
1494
1496
478
1246
479
2017
483
741
229
230
999
232
1512
489
2025
1774
750
1775
1520
1777
1778
499
2037
246
251
507
1020
1
19
