327
1024
513
1025
1026
4
2055
2060
13
1549
2061
14
528
530
531
2068
533
2070
22
534
23
26
539
1052
1566
32
34
35
2084
2085
550
1062
1576
553
554
2090
555
1069
45
2095
1074
1587
1076
1588
565
570
60
61
2110
63
2111
64
2112
65
578
1090
581
1609
1097
586
1616
2128
1106
1621
1110
1111
87
88
601
604
2141
2142
94
1119
608
1124
1125
2150
2153
620
2157
623
1135
1137
2161
2164
2165
117
2167
1145
1657
2171
638
2175
2178
1156
2182
1671
2183
135
139
1167
2192
1681
1172
2197
2199
151
1179
1181
2205
1184
2209
673
1699
1189
2214
1191
1703
1193
682
2218
1706
1707
1708
1199
1713
179
1716
180
693
1717
183
186
1210
189
1213
702
1215
1727
704
1729
707
1219
2246
710
199
2247
713
1225
2249
1737
206
1231
208
1746
722
723
213
1753
732
225
1251
230
1766
742
231
1768
1774
1265
1778
762
1275
251
765
775
1803
779
268
783
1296
787
1300
789
1814
279
1304
793
1306
1820
798
1822
289
1314
1315
1830
294
1318
807
295
810
1322
812
302
303
1840
816
306
307
1843
312
825
1850
1339
1340
316
1345
323
836
325
1862
1351
1865
841
1866
330
842
843
1867
1868
332
1357
1358
1872
341
853
1367
1880
344
857
1378
356
357
361
876
365
1392
1904
1395
1907
1400
1402
894
1918
387
1924
903
392
393
909
1422
1424
1425
1426
1942
1431
920
1944
1945
409
410
1434
922
925
1951
1953
1955
1443
1956
431
946
1459
1974
950
1981
1983
962
1477
1479
1991
970
1995
459
1484
465
2001
1490
2002
2005
1494
471
984
1496
2008
985
1497
2011
475
988
478
1505
2019
2023
489
1515
2027
2029
2033
2034
499
2037
1526
1018
1531
1020
509
1534
511
4
113
83
72
122
