180
513
1282
1542
774
520
1544
524
2060
14
1806
1553
20
1045
534
2070
1046
536
24
537
282
1820
543
799
801
34
1315
547
806
1830
296
1065
555
301
1069
2094
2095
817
1587
1331
2099
565
1589
825
826
1340
829
318
2110
831
2114
1353
2122
586
842
1868
1612
334
2128
1616
81
339
2131
2132
340
341
87
600
857
1625
1883
1119
608
352
1377
1124
356
2149
2150
1382
1384
107
108
2156
1645
366
623
1394
1395
1653
375
1145
634
1661
1412
132
389
2182
1414
393
2185
141
2191
1167
144
402
1939
1431
2199
1688
1178
1182
1183
2209
1954
2211
676
1703
681
2219
1708
1454
2222
1966
1199
431
178
179
947
1974
1976
1468
957
1981
449
962
1219
1733
1477
710
1479
1737
1227
460
1484
1485
1231
722
1746
979
2004
1237
1750
215
984
985
729
475
988
732
2019
1764
1509
1254
487
744
2025
1258
1002
2030
1778
243
756
2037
501
1527
248
1016
760
2043
1275
1
38
