292
512
1026
2053
6
2055
1035
524
2060
1037
13
528
1042
2066
531
20
1556
533
2070
534
1049
539
1566
2079
543
1056
34
35
2084
549
2086
553
554
1066
2090
555
556
557
1069
558
562
1587
2100
565
1591
2105
570
1595
59
1084
61
2110
2112
578
1090
2116
1605
1609
2121
74
1610
586
1099
79
2128
592
1104
594
1618
1621
2134
87
1111
1112
1626
91
604
2140
2141
607
609
1636
1125
1126
2150
614
616
2161
1137
2164
2165
631
2167
126
2175
1663
1664
2178
1667
2182
138
1163
140
1169
1682
1172
1173
2197
2199
1688
152
1178
1179
2205
1699
676
166
2214
1703
2218
684
1708
1196
2225
179
691
1716
2230
695
185
1722
1210
1213
2238
1727
1215
1729
1731
197
2246
710
1231
721
1233
1234
722
723
724
213
219
732
1757
225
1251
229
1766
231
750
1778
757
246
761
1275
255
774
1803
268
787
789
1814
1303
279
793
1305
1820
285
1822
1823
1311
1314
1830
807
1831
1325
302
1839
303
818
307
312
825
1339
316
830
319
1345
836
326
1351
1865
841
330
332
1356
1868
1357
848
853
343
1368
857
1883
1372
1377
867
357
360
1896
876
1389
365
366
1904
1395
371
1396
1402
1917
894
1918
1924
900
901
903
393
395
910
1425
1431
920
1951
1953
1444
1445
427
431
1967
432
1456
946
1974
950
438
1468
957
449
962
1477
965
1479
970
459
1484
972
1996
974
465
2001
1491
2005
1494
1495
471
984
475
476
989
478
2016
993
2019
2022
1510
2023
1512
489
1517
2029
2037
502
2042
1018
1534
3
48
83
111
