144
1280
2051
1286
269
1549
781
787
20
2071
1567
801
1569
290
1316
1829
1062
2086
2087
1319
1065
1068
307
1076
1336
1595
60
2110
64
1091
1348
836
68
583
73
2124
589
1106
2133
87
1367
857
1626
1882
858
1118
1119
1631
1632
96
2146
611
356
1124
357
1126
1127
1386
1645
877
366
1137
2162
2165
1401
1402
2171
1661
2175
2177
897
2178
131
1924
393
1162
138
912
400
2199
920
412
1439
1951
2208
673
2209
1445
678
423
1191
1961
1454
1199
1714
946
947
436
180
1716
1718
1721
1212
1470
1983
707
708
1733
2246
1222
1479
199
1991
1480
206
1231
2001
722
213
2006
984
1496
729
730
475
732
991
2016
1761
1249
740
2020
230
1512
233
1769
746
1770
236
1778
246
1275
251
510
1023
2
6
62
