141
512
1793
1798
1287
2060
1037
782
27
1819
1052
1309
32
288
34
1315
1827
805
2087
1831
1581
2094
559
48
2099
309
310
1849
825
1851
1595
1597
1085
1598
318
1855
1857
833
834
1091
580
1349
841
585
330
1098
1868
1356
846
79
2128
81
1874
1875
2131
598
1110
1367
87
2143
1122
1123
1124
872
104
1390
1135
370
1139
2164
1400
634
636
381
1661
1405
638
2175
2178
1923
132
2183
391
392
2185
1681
1682
916
406
1688
415
2208
676
1189
168
1196
1711
432
691
1721
185
1210
447
1728
449
1475
1219
964
1222
201
1993
2250
458
1484
1487
1231
1744
1489
1746
978
2004
2005
2007
1241
1757
989
479
1503
224
2019
484
232
1768
1513
1769
1005
2032
1010
756
1016
762
1020
2
71
110
