966
4097
2051
4101
6
2057
4107
2063
4112
2065
4113
2071
23
25
2075
27
4126
2078
31
4130
4132
4133
2085
2090
4142
4145
55
56
59
63
2112
4166
4169
2122
4177
2131
83
89
90
2140
96
4193
97
98
2147
2148
102
104
4203
2156
109
2158
2160
115
2166
4214
122
4220
2172
2177
129
2178
4228
135
136
2185
4234
4236
141
4237
4239
2192
4240
4241
2194
147
4246
4248
154
2214
168
4265
2217
4267
2220
173
4271
2223
4272
4274
178
2228
4276
183
2232
2234
2238
2240
193
4290
197
2250
2251
4301
2254
2259
4308
2261
217
2268
222
223
4319
2272
225
4321
226
2274
4324
229
4330
2286
238
239
4336
2288
241
2290
242
4338
243
244
245
246
2296
249
2306
4354
2307
4358
262
4359
2313
267
4364
275
4373
4378
283
4380
2333
2334
4383
2335
288
4388
2342
296
2347
301
4398
2352
2354
2355
2360
4411
316
317
4413
4415
4417
2374
2375
4426
333
4431
2385
4433
4434
2386
342
4440
2394
2397
352
354
357
4455
2410
363
2411
4459
4462
2414
2415
371
4469
2422
2428
4480
385
4483
2435
387
2436
4489
2445
4499
2452
2453
4501
406
409
2457
420
2468
2469
4519
426
4523
433
2484
2486
4534
2491
2492
2493
446
4544
2496
2497
452
4550
456
2505
4556
2508
2509
4559
4561
4562
466
467
4571
476
4573
4574
2529
484
4582
2536
494
2543
4595
499
2549
501
4598
2552
4601
506
4603
2556
509
512
4610
2564
4614
519
2568
2572
529
530
532
2582
536
4637
543
4639
2593
4641
2595
4643
549
4645
4649
4650
2606
2607
562
4660
2613
567
570
572
573
4669
2622
2624
578
579
4675
2627
4676
2628
582
4680
4681
589
594
4692
2645
4695
2651
2652
605
4704
4713
4714
619
2667
2673
627
2676
2679
4728
4732
2689
2690
4739
2692
646
4747
4750
4751
2704
4753
2707
4756
667
2717
2726
679
4777
4780
2734
4783
4785
4789
695
2743
2744
699
700
2750
2754
707
2755
708
2758
4807
4810
714
2763
4811
2768
721
2770
4818
4821
2778
732
4830
741
2789
743
2792
746
4842
748
4849
753
4851
2805
758
2809
761
2810
4859
2811
2812
765
4863
768
2820
772
4869
2823
4872
777
4874
4875
780
784
2833
2838
791
4887
2845
798
800
2848
801
803
2851
2854
2856
810
2863
816
4913
2867
820
4918
825
4921
826
4930
4937
2892
845
4946
851
4947
4949
2901
856
857
861
2910
866
2914
2916
4965
4969
4970
874
4974
2927
882
2930
4983
2935
889
4987
891
895
4994
2946
4995
4996
5001
907
5003
918
921
2970
5022
927
931
2979
2980
932
934
5030
5032
5034
941
942
5038
943
2993
946
947
5044
2997
5046
2999
953
957
960
3012
5063
5065
3018
971
3021
980
3029
5078
982
5083
5084
5085
3039
5087
995
3044
996
5093
3045
998
5094
5095
3047
3048
1000
1001
5103
3057
1009
1010
3060
1013
5111
5115
1019
3070
5120
1024
5124
5125
3080
3082
5132
5136
3091
3093
1047
5144
5145
5147
3101
1055
5153
1057
5155
1063
5164
5165
1069
5167
3120
1073
1078
5174
1079
3130
3133
1086
3134
5182
1088
1089
3139
3140
3143
1096
5192
1097
1098
3148
1101
5206
3158
5207
1111
3160
1112
1113
5210
1115
5214
1118
5216
1124
5222
5227
3179
3181
3189
5239
1145
5242
1146
1147
3200
5248
3204
5253
1160
3217
5266
5267
5268
3221
1174
1176
3224
3225
1177
1178
5275
1180
1182
1183
3234
1192
1195
5294
1201
3251
3252
3254
5303
1207
3256
1208
5309
3261
3264
1217
3267
1224
5320
3274
5323
1234
1235
5332
5334
5335
3289
1241
5338
3291
3292
3295
1247
5343
5346
1251
1256
1260
1263
1265
1268
5365
3320
5370
3326
5374
3327
1280
1281
3329
3330
3331
3338
1292
3340
5391
1295
3350
1303
5400
5401
3355
1308
1309
3360
1315
1317
1318
1319
3370
1324
3372
5422
1326
3374
1329
1332
3380
1333
5429
1334
3389
1341
5438
3396
3397
5447
1357
5453
5454
5457
3410
5458
3414
3415
3418
5469
1374
3424
1377
3428
5478
1382
1383
1384
5483
5484
5485
5488
1392
1396
5493
1398
5494
5502
5505
3461
1415
5515
5516
1421
1424
3472
1426
3477
3480
1434
3482
1436
5532
1437
5536
1441
5538
1445
5542
1455
5555
5556
1461
3510
1463
3513
1468
1469
5566
1471
5569
5572
1477
3526
5574
5576
3530
5578
3533
1486
3539
1493
3544
3548
1500
3549
3553
3558
3562
1519
3569
1527
1528
3579
3580
1535
3583
1536
1540
3589
3590
1543
3593
1547
1550
1552
1560
3609
1564
1565
1569
1576
3624
3627
1580
3629
1582
3639
1594
3643
1597
3651
3653
3659
3660
1614
3666
1619
3670
1626
3674
3679
1632
1636
3684
1640
1643
3692
3695
1648
1649
3697
1656
1657
1662
3714
1671
3719
1672
1678
3728
1682
3732
3733
3737
3738
1691
1699
1700
1701
3750
1707
3757
3758
1719
1723
1731
3783
3785
1738
3786
1741
3790
1744
3793
3795
1753
1757
1766
1769
3818
1770
1775
1781
3831
3837
3841
3842
3844
3847
3848
3854
1810
3861
1815
1816
3865
1819
3868
1823
3877
1829
3878
3879
3890
3891
1844
1847
3897
3902
3914
3917
1869
1870
3920
1872
1873
3923
3939
3944
3950
3951
3954
1909
3958
1913
3962
3963
1915
1920
3969
3970
1927
3980
3983
3984
3991
1943
3995
3999
4004
1956
1959
1960
4009
4016
4024
4029
1982
4035
1989
4039
1999
4047
4052
2004
4055
4058
2011
4062
4063
4066
4067
2029
4080
2033
4084
2036
4086
2040
4091
2043
2044
2046
18
226
323
291
100
199
75
203
77
175
16
114
86
280
122
379
92
252
350
