929
4103
2057
4105
2058
4107
4108
14
2067
4118
2070
27
4126
4130
4131
4133
38
39
40
45
4145
2100
55
4151
67
2116
2117
70
2122
4174
82
2132
4184
4186
4188
2141
4192
2149
4202
4203
109
2158
2159
113
2165
123
4223
129
130
4236
2188
147
4244
4248
153
2206
159
4257
2214
4264
168
2217
2221
173
174
4272
177
4280
184
2234
4284
190
2239
4290
195
4291
197
4293
4296
201
4298
2255
4309
2265
4315
2268
2270
4320
4321
226
229
235
4331
2286
2287
2288
2290
242
2296
248
249
251
4348
2306
260
4357
4358
2311
4359
2312
266
4363
4366
2318
270
273
2324
2326
280
2334
4394
4396
303
307
2355
309
2357
2361
315
316
4413
2366
2372
327
333
4431
4432
4434
2386
342
2395
4443
2396
352
2403
357
360
2409
2410
2411
4461
2413
4462
2414
4465
4466
379
2428
2432
4480
2433
2434
2435
4485
4488
2443
398
400
2449
2451
406
407
4507
413
416
418
420
2471
2478
431
433
2483
2484
437
2493
446
448
2499
2501
4549
4550
4551
457
4554
4556
2509
2520
2523
476
2528
2529
484
4585
490
2541
494
2543
4593
504
4602
4603
512
4609
2562
4612
516
4615
520
2568
4616
4621
4622
2576
530
4628
2584
537
4637
2589
4638
2591
2592
4641
4643
4645
4649
554
2605
558
559
2608
4660
2613
4662
2616
570
4667
572
2621
4671
2624
4673
2628
580
4680
2635
593
4691
595
4692
4693
603
4699
605
609
4707
611
612
615
4714
4715
623
2674
2676
630
4732
2686
2687
639
645
4743
4747
2702
4750
4751
2704
4753
659
4756
663
666
2714
668
4764
2718
2721
673
674
2723
2724
4777
683
2734
4783
2737
4786
2741
693
695
2745
697
4794
699
702
2750
4801
707
4803
708
2760
4809
2764
2767
4815
2768
4817
2772
725
729
734
4830
735
736
2784
2790
4839
2792
744
4841
2795
2801
753
4849
757
758
2809
765
4862
767
4863
2818
771
772
2820
2821
4875
779
786
789
797
798
2847
4896
2848
2851
803
804
805
2855
2856
2857
2863
2864
4913
4914
4918
824
2873
825
829
4926
4928
833
2883
2885
4934
4936
840
841
4937
2891
843
845
4946
4947
856
2906
861
864
2914
2916
4965
4967
872
4970
874
875
877
2927
2929
4982
4983
887
4987
2941
2945
2949
5000
5001
2953
906
910
2959
913
914
5017
5019
2972
5022
927
2976
2980
5029
933
934
935
5031
5032
5035
5036
2989
942
5039
943
2998
952
953
955
5053
3005
5058
963
3023
975
5072
3027
980
5078
5080
984
3033
3035
5085
5087
3046
5094
3048
5097
3051
3053
3054
1010
1012
3060
1015
5112
5115
1020
1023
5121
1025
5123
1029
1031
3080
3083
3085
5136
3091
3092
3093
3100
1055
1056
1057
3107
5155
1059
1060
1065
1069
5165
1071
1073
1074
3122
1075
1079
3129
5177
3130
3133
3134
1086
5182
1088
3139
3141
1094
5192
3144
5194
3150
3153
5206
1111
5207
1114
5211
1115
3165
5214
5216
1121
5219
5225
5227
3181
3182
1134
3183
1137
1139
3189
5238
5241
3193
1147
3199
3205
1160
3210
1162
5259
5262
1167
5264
5265
5266
1177
1178
1180
3228
5277
1182
3231
1183
3234
5283
5285
1190
5287
3243
5291
1196
5294
3246
1200
5297
1201
3250
3252
5301
5303
3257
5307
3259
3260
1212
5309
5311
1215
1217
1218
3267
1221
3270
5320
1226
5323
3276
1230
3278
5329
1235
5332
5334
3292
5343
1247
5344
1251
3300
5355
1260
1268
3322
5373
3326
3327
5377
3329
1281
3330
3331
1284
5388
3340
1292
5389
3342
5391
1297
3348
5398
1302
3350
5400
3355
1308
3357
1310
3358
5410
1317
1318
1319
1320
3369
3372
1326
5425
5427
1332
1333
3384
5436
5439
5441
3396
5447
3402
3404
5456
3410
1362
1363
1364
5461
3414
5463
3418
5468
1375
3424
1377
1382
1383
1385
1389
1396
1398
5495
5496
1401
3452
3456
3461
5513
5515
3468
5519
1424
3472
3477
1434
1436
5536
1441
1442
3490
1446
5543
3495
1459
5555
1461
3510
5560
3516
1468
5566
5569
3523
5572
5573
5574
5576
3530
1483
3532
3539
1492
3541
1497
1500
3548
3551
3553
1506
3559
3562
1515
1517
1519
3569
1524
1528
1530
3580
1533
1536
3585
1540
1544
3593
3595
1548
1550
1551
3599
1552
3603
3609
3610
3612
3614
3616
1569
3624
1580
1582
3633
1592
3641
1594
3643
1596
3644
3657
1609
1614
3666
1620
3676
3677
1629
3691
3692
3698
3702
3705
1662
3711
3717
3719
1671
3722
3726
1680
3730
1691
3749
3750
1703
1704
3753
1706
1707
3756
3758
1716
3765
1717
1718
1720
3787
3792
3793
1751
1757
3811
1763
1766
1770
1775
1777
3826
1781
1784
3834
3837
3838
3841
1802
1803
1809
1810
1816
3865
1817
3868
1823
3873
3877
1834
1837
1840
3889
3890
1843
3891
1844
3901
3902
1857
1858
3908
1864
3913
3914
3919
3921
1873
1874
3924
1879
1883
1888
3941
1895
1902
1904
3953
1909
3958
3959
3961
1914
1915
3965
3970
1926
3978
3984
3987
3997
1951
4001
4003
1955
4004
4005
4009
4010
1966
4016
4017
1969
1975
1977
1981
1982
1984
4035
1990
4041
4046
1999
4052
2004
4055
4056
2010
2011
4062
4063
4064
2017
4066
4067
2022
2023
4071
2025
2028
2031
2033
2034
2036
4084
2037
4086
2041
2043
4091
2045
4094
2046
2047
18
257
132
229
134
327
328
301
77
144
242
276
121
26
92
221
62
94
254
