904
2
2051
4106
2065
23
24
25
2075
4126
2080
4131
4133
4134
2090
44
4142
4145
4146
2103
56
2110
2114
2115
4163
67
4167
2121
4177
82
2131
4181
4183
88
90
91
2140
4188
95
2143
96
2147
2149
4197
4203
107
2158
2160
113
115
2166
122
4220
128
4225
2177
2178
4227
4228
2183
137
4236
2188
4238
142
4239
4241
2194
2200
4248
4251
2211
166
2214
168
2217
2222
4272
178
180
2234
2239
2250
2251
208
213
4310
2268
2270
223
4320
224
2273
4321
226
4324
2284
2287
242
2290
4339
4340
244
2296
249
2297
253
2302
4350
4351
2306
2309
4357
4358
2313
4363
4364
2318
2322
4378
2333
290
4388
2342
2347
4396
303
304
2352
2355
4403
313
316
4412
4415
320
4416
4417
324
327
4424
4425
4429
4431
2384
2385
2386
4435
2387
4437
342
344
2394
347
2396
2397
2399
352
2401
355
4453
361
2411
4459
4460
4463
367
2415
372
377
378
4478
382
383
385
2436
4486
390
2443
398
4494
4496
402
4499
2452
4501
4502
408
410
414
418
420
426
2474
430
2484
2485
2491
446
4544
448
452
2505
457
4554
461
470
474
476
4573
478
4574
479
2528
4582
2536
4586
490
493
2542
499
4596
501
4598
4600
506
508
4604
2556
2557
4609
4610
2564
4613
4614
4615
2568
520
523
2572
4623
2579
536
4637
542
543
2592
4641
2593
2595
2596
2597
4645
549
4647
4648
4649
4650
4651
4659
2613
567
4669
2621
2622
4672
578
587
589
2641
593
4689
4690
594
2643
4692
4694
4695
2649
2651
605
4702
2657
4707
611
4708
2665
2667
2671
4719
2672
4720
4723
627
2676
2677
4728
4732
636
637
2687
4736
2690
2692
4742
4743
647
653
2702
4751
2712
2714
666
667
2715
2717
4767
2721
2726
679
2732
2734
4783
2737
691
4789
2742
694
695
699
700
4800
2754
2755
4803
2756
2757
709
2762
4810
4811
716
719
721
4818
4819
4821
2776
2781
734
736
2789
4838
2790
745
4842
746
4843
748
2798
4847
753
4851
758
762
4863
767
772
4869
2821
2823
4872
4874
778
4875
780
2834
786
4887
2839
2842
794
798
2851
803
4906
2858
2859
2862
2863
4913
819
821
4921
2878
834
4934
4935
4936
4937
841
843
4946
851
2901
854
856
4954
861
864
2914
4963
2917
4966
2921
4970
874
2927
879
2929
2930
882
4982
889
4987
891
2947
2950
5000
2953
5003
5007
917
5014
5016
921
5019
5022
2974
2978
2979
5027
2980
932
933
5031
5035
5039
943
947
5044
2998
951
5048
953
3002
959
5056
3011
3013
5063
3020
5074
3029
982
5078
5081
3034
5084
5085
3037
5087
992
993
3042
3043
3044
996
3045
5093
3047
3051
1004
5103
1010
1014
5111
5115
1019
3070
3071
1023
1024
5121
3080
1032
1033
3089
5139
3091
3100
3102
1056
5153
3111
1065
1069
5165
3117
1070
1071
3120
3122
5171
5172
1078
1079
5178
3130
5180
1085
1086
3134
1088
1089
3139
3140
1094
1096
5192
1097
1098
5197
1102
1104
3155
1111
5207
5210
1114
3165
1118
1120
1121
5219
1125
5226
5227
1131
3181
1133
3182
1136
5235
1141
3189
3190
1144
5240
3199
5248
5250
5251
3203
3204
5252
1160
1166
3217
5266
3219
1174
1177
3225
1178
1180
3229
1182
3231
5279
3234
3241
5291
3244
1200
5297
1211
5311
1217
1218
1224
3272
3273
5323
1229
1235
5332
5334
1239
5337
1241
5338
3291
3292
5342
5343
3295
1251
3300
3301
1256
1260
5356
5357
1263
5359
1268
3322
3325
1281
3330
3333
5382
1290
3339
1292
5388
1293
5391
5392
1299
5398
1303
5400
5401
1307
1308
3358
1310
3359
3360
5408
1315
1317
1319
3374
1326
3375
3376
5428
1333
5429
3382
5431
3387
5436
5438
3391
5440
5441
1346
5442
3397
3399
3400
1355
3404
5453
3410
5458
1362
1363
3414
5463
3417
5466
1370
1374
3422
1377
1382
5478
1384
5484
1389
5485
3439
5493
1398
5494
5495
5496
3456
5505
1409
1413
3469
1424
5524
3477
1429
1430
3480
1433
3481
1434
3482
1436
5536
5538
5540
3499
1452
1453
5550
5553
1458
5555
1461
1463
3513
5561
5563
5569
1477
3526
5578
3530
3533
3536
3537
3539
3544
3545
3548
3549
3551
1503
3553
1510
3561
1517
1519
1521
3571
3572
1524
1530
1532
1533
3581
3582
1540
3590
1546
1547
1550
1558
1562
1565
3613
1566
1569
3626
3627
1580
1582
3633
3637
1594
3644
3651
1604
1610
3660
1614
3663
3666
1619
1620
3668
3670
3672
1631
3679
3680
1636
1637
1639
3691
1648
1649
1656
1657
3707
1660
1664
3713
3716
3719
1672
3727
1680
3730
1683
3738
3740
3745
1699
1701
3750
1703
3751
1707
3757
3763
1716
1721
3773
1726
3775
3776
1728
3777
3785
1743
1744
1757
1766
3814
3819
1771
1775
3826
1781
3830
1785
1787
3837
3854
1810
3861
1823
3877
1840
3889
3890
1843
1844
3901
3907
3908
1861
1867
3917
1873
3921
1874
1875
1890
3950
3951
1909
3959
1913
1914
1920
1927
3980
3984
1939
1943
3992
1954
4020
1972
4023
4025
4029
1982
1983
4034
1986
1988
4041
1995
4047
4051
4056
2011
4059
2014
4063
4066
4067
2020
2022
2033
4082
2036
2037
4086
2039
4088
2043
17
323
134
297
203
76
239
79
240
145
401
181
55
88
57
122
251
29
