949
4097
2050
4101
4103
2058
2070
25
2075
4127
4130
4131
36
4132
4133
38
40
41
45
4142
2100
55
2103
2107
4160
2115
70
4168
4169
2121
2122
4181
4184
89
4186
2141
95
2144
4193
98
2147
2149
102
104
2160
113
2166
2172
125
4221
128
2177
129
4227
4228
4234
142
4239
4240
4241
147
4248
153
4251
2206
159
2208
164
4261
166
167
168
4264
2217
2220
4272
178
4275
184
2234
4284
2238
195
201
2250
204
2255
2259
4308
4309
2265
4314
219
2268
222
2271
223
4320
2272
4321
226
235
2284
2290
4338
243
2296
248
253
2302
256
2306
4355
2307
4358
4359
263
2311
2313
4364
270
2318
273
4369
2322
2324
2326
2333
2337
290
293
2342
4392
4394
2347
4396
303
2351
2352
2355
2356
4408
2360
2361
313
316
4415
4417
2372
327
4425
331
333
4431
2384
342
4438
344
2393
4443
2396
2398
2399
352
4451
2403
4452
2406
2407
4456
4459
4460
2413
4462
4465
371
372
2422
379
4476
2428
381
4478
383
2432
384
2433
389
4485
4486
2443
2445
398
4496
4499
407
410
413
2462
414
419
420
421
4519
429
430
433
4530
2484
2485
2486
2491
446
451
2501
4549
4551
2505
457
4554
2508
4559
466
4567
4571
2523
476
479
2528
482
484
485
4582
2536
4586
4588
493
2543
2545
499
4596
501
4598
4599
504
4600
4602
2564
4612
516
4615
2568
522
523
2572
532
4628
2582
2584
536
537
4637
541
4638
2591
2593
2594
4643
2596
549
4648
4649
4650
554
2605
559
2608
561
4660
4662
567
570
572
2622
4672
4673
580
582
4683
2635
593
4689
2641
2643
598
4694
2651
4699
605
4701
609
2661
2665
4714
4715
2667
4716
2669
623
2672
4723
2677
4726
2680
4732
2690
4739
4741
647
4743
651
4747
4750
4753
2707
4758
2712
2714
2715
2717
4765
671
673
4772
676
678
2734
4785
4789
2742
694
695
2744
4795
700
2748
701
2750
2755
4803
2757
710
2759
4809
2762
4810
4811
4815
2767
721
722
4818
725
2776
4831
2784
2790
4838
743
744
745
4843
2796
748
2797
2801
2805
2810
763
2812
4861
4863
2819
771
772
2820
2821
2823
776
4874
778
2833
2834
788
4886
4887
2841
2842
4890
797
4896
803
2852
805
807
2855
4906
2859
2863
815
2864
4914
2867
820
821
4918
825
4921
2873
827
4926
834
4930
2885
4936
4937
2891
845
856
857
4954
2908
861
864
4966
872
4970
2922
2927
879
2930
4982
2937
4987
891
4993
2946
4996
2950
5000
5001
906
5005
2964
917
918
5016
926
5022
927
5026
2978
2979
2980
932
933
934
935
5031
5032
5035
942
943
2997
2999
952
3003
3005
959
5056
3011
3012
5061
3013
5064
5065
971
975
981
3029
3030
5078
984
3034
5086
5087
3040
3042
3043
5093
5094
3048
5097
3052
3054
5103
1010
3062
1015
3064
5112
5114
1018
5116
3070
1023
1024
5121
1025
1029
1031
3085
1039
3090
3091
3093
5141
3094
1050
3100
1055
1056
5153
1059
5155
1060
5157
3110
1065
5163
1069
5165
5166
1074
5173
3129
5180
1085
3134
5182
1086
1088
1089
3139
1094
5190
5192
1097
5193
5194
1098
3148
1101
5197
3155
5204
1111
5207
3163
5214
3169
5219
5225
5227
3179
3181
3182
5236
3189
5237
1144
5240
5242
5244
5246
3199
5250
3204
3205
1160
1162
5259
3215
1168
1169
5265
3217
5266
3219
5267
3221
3222
5270
1175
1179
3228
3229
5277
1182
5279
3234
5283
1195
3244
1196
3245
1200
3252
5301
3254
3257
3259
5309
3263
1215
1217
5315
1221
3270
1223
1224
1226
5323
3275
1228
3276
3279
1235
5332
5334
3289
1242
3292
5343
1247
3296
1251
5347
3300
3301
1260
5357
3313
1267
1268
5365
5370
5371
5372
3325
5374
3326
3327
1281
1284
5382
3336
5385
3338
3339
5389
1293
3342
5391
1299
3348
5398
3350
5400
1306
5404
1310
3358
3360
1315
3365
3369
3370
3371
3372
1326
3374
3376
3384
3388
5437
5438
5440
3393
5441
3394
3395
3397
5447
3399
3400
1355
1357
5453
3410
5458
1364
3413
3414
1370
5469
1374
1377
5477
1382
1384
1385
5482
5483
1389
3440
1394
5490
5492
5494
1399
5496
5500
3452
3454
5504
5505
1410
1413
3468
1424
3477
1433
1434
1436
5534
5538
1446
5546
1452
1453
1454
5553
1458
5555
3508
3510
1463
5561
5566
5569
5571
3523
3526
5578
3532
3533
3537
3539
3541
1496
3544
1497
3545
3548
3549
3551
3553
1507
3558
3559
3561
3566
3568
3571
1532
1533
3581
3582
1540
1541
1544
3593
1548
1550
1558
1559
1560
1562
3614
1572
3626
3627
3629
1594
3644
1596
3650
1604
3659
3660
1614
3664
3666
1619
1620
3668
3670
3672
1632
3680
3681
1636
1638
1643
3691
1646
3695
1648
3697
3698
3705
3707
1660
3711
1664
1667
3719
1672
3722
3723
3727
1680
3730
1683
1688
3738
3746
1699
1701
1703
3751
3752
3757
1712
1714
3763
1717
3770
1725
1728
3777
3778
1731
1732
1738
3792
3804
1757
3809
1768
1772
1775
3826
1783
1784
1786
3834
3838
3841
1803
3852
3854
1810
3865
3870
1823
3877
1829
3886
1840
3889
3901
1857
3908
1864
1867
1870
3919
1881
3941
3944
1898
3948
3951
1909
1910
1920
1923
3980
1935
3984
3985
1939
3992
1947
1951
4001
1955
4004
1961
4016
4020
4025
1984
4034
4035
1993
1998
4050
4051
4053
2005
4055
2014
4063
2017
4067
2020
2022
2023
4072
4076
2031
2036
2037
2039
2043
2044
2047
18
161
291
229
327
203
43
11
396
12
76
115
149
57
251
252
381
286
254
