920
4101
2057
10
4108
12
2065
2066
4117
4118
23
2075
27
2076
4126
4130
4131
4133
40
2090
4140
2093
2094
4145
55
2103
56
4152
4158
4159
67
4166
2122
77
4177
2131
83
4181
90
4187
4188
2140
95
4194
2147
2149
102
4205
2159
2160
2163
115
2165
2166
4214
4216
4218
128
2177
2185
4234
4236
2188
142
2194
147
4244
153
2206
4259
4261
2214
166
168
2220
174
4272
178
4276
2234
2238
195
196
4293
201
204
2256
2261
2268
223
4320
4321
2274
226
4324
229
4330
2284
2286
2288
242
2290
2291
4339
2296
248
249
4346
252
253
2302
2306
258
261
4358
2312
2313
273
4369
2322
280
4378
2334
2335
290
4387
2341
293
4392
297
4394
303
2351
304
2355
4403
307
4407
311
4408
313
316
4412
4413
4415
4417
324
327
4425
4426
4431
2386
4434
4439
4440
4441
2394
2395
2399
352
2403
357
2409
2410
4461
2414
4466
4480
385
2435
4486
2441
2443
2445
398
4496
400
402
2452
4501
2453
4502
406
4504
2457
410
4507
414
4515
420
424
426
431
432
433
2485
4533
4534
4536
2493
446
4547
452
2505
457
2506
4554
4556
2508
2509
4561
4562
467
4563
468
4565
474
2523
476
4573
4574
479
2527
2529
484
4583
4586
2543
498
2546
4596
504
2552
506
2556
512
4610
516
4615
2568
4622
530
532
536
4634
2588
4637
543
2592
544
4643
549
4645
4648
552
4649
4650
558
562
2613
572
4668
2621
4671
4672
578
4675
2628
582
4680
2635
589
2638
2641
593
594
2643
4691
4693
4697
603
4699
2652
4704
609
611
4707
612
614
615
4714
2671
2673
4723
2676
2677
630
2681
4732
2685
2686
4736
2690
2692
646
647
649
4747
4750
4751
4753
4755
4756
2708
2714
666
667
674
2723
2724
2726
679
2727
4777
2734
4782
4785
2737
2739
2742
695
2745
699
702
2750
704
4801
2754
2755
707
4803
708
2757
2758
710
2760
4813
2767
4820
4821
2776
4828
733
4835
4838
743
2792
745
746
4843
4849
4851
757
2805
758
760
761
2809
765
4863
768
772
2820
2821
4872
2824
777
4875
780
2829
784
786
789
2838
2842
4892
2847
2848
800
801
803
2851
804
2858
4906
4913
4917
4918
825
827
2878
4928
2882
834
835
838
4936
4947
2901
4949
2902
856
2904
4954
861
2914
4965
4967
4969
4970
877
2927
4982
2935
889
4987
2941
4990
899
2949
5000
2953
5003
914
921
2970
5019
2972
5022
2975
5025
2980
5029
5031
5035
942
5038
5039
943
947
5044
2997
5046
2998
957
959
5058
3012
5063
5068
3023
980
5078
5080
5081
3033
3034
3035
988
989
3038
5087
3039
993
5090
3043
3044
996
3045
5094
998
5097
1009
1010
5106
1012
1013
1014
5111
5115
1019
3067
3071
1023
1031
3080
3083
3084
5136
3091
5139
3093
1046
1050
3100
1055
1056
5153
3107
5157
1065
1066
1067
1069
5165
1071
5167
1073
1079
3129
5177
3130
5180
1085
3133
5182
1086
1088
1089
3139
1094
5192
1096
1097
1098
5194
1101
3150
5206
1111
5207
1112
3160
5210
1114
5211
3167
5216
5219
1124
3172
1127
5227
3181
3183
1136
1137
1139
5235
5237
5238
1143
5241
5242
1147
5248
5250
5252
3204
5253
1166
1167
5264
1168
3217
5266
3218
3219
1174
1177
3229
1182
1183
3234
5289
3243
3246
5294
1199
1200
3251
1207
5303
3256
5307
5309
3263
5316
1221
3270
5320
3274
1226
5329
1235
5334
5335
1241
3292
5343
3295
1251
1256
5355
1260
1263
1265
1268
5365
3320
5370
3322
5372
5373
3325
3327
5377
1281
3331
1286
5382
3338
1290
3339
3340
1292
5389
1293
5391
1299
1302
5398
5401
3355
1310
3358
3359
5408
1315
1317
3366
1319
3368
3374
1329
1332
1333
3382
1334
5436
5439
5440
5441
3396
3397
5447
3400
1355
1357
3410
1362
3412
3413
3415
3418
1370
3422
3424
1377
3428
1382
1383
5479
5484
5485
1389
3439
5491
1396
1398
5496
1401
1409
1415
5513
5515
1421
1424
3472
1426
5523
3477
1432
1433
1434
1437
1440
1442
3492
3493
1446
5542
1452
1454
1456
5553
5555
3510
5560
5561
1468
5566
1471
5568
5569
3523
5572
1477
3526
5578
3532
3537
3539
3548
3553
1515
3563
1516
1519
3571
1527
3577
1532
1533
3581
1535
1536
1540
3590
1543
3593
1547
3595
3596
1548
1550
3599
1554
3609
1563
3612
1569
3618
3624
3626
3627
1580
3629
1582
1584
3633
3638
3639
3643
1597
3650
1603
3655
3660
1614
3666
1619
3668
1620
3672
1627
3676
1628
3677
3680
1633
1636
1653
1656
1657
3707
1660
3711
1664
3712
3714
3715
3719
3727
3728
3730
1682
1683
3738
1699
1700
1701
3750
1704
1707
3758
1715
3763
3765
1721
1723
3777
1730
3786
3787
3789
1744
3798
3811
1766
1770
1774
1775
1777
3826
3841
1799
3847
1802
3851
3853
1807
3856
1810
3861
1817
3865
3868
1823
1826
3877
3878
1840
3890
1844
3894
1851
3900
3901
3902
3908
1865
3914
1867
3917
1870
1874
1875
3924
1883
3937
1892
3942
1895
1909
1910
1913
3965
1926
3979
3983
3984
1941
1943
3992
1948
3999
4003
4004
4005
1960
1964
4016
4017
1972
4020
4025
4029
4034
4035
1990
1991
2000
4051
2004
4053
4058
2011
2017
4067
2020
2022
4071
2028
2031
2033
2036
2037
2041
2043
4091
17
192
225
257
386
323
100
265
330
76
77
301
333
401
86
121
251
380
