929
4098
3
2051
4101
2057
2058
4107
12
2065
4113
2069
2070
23
25
28
4126
32
4131
4133
2086
4137
2090
43
45
4145
55
2103
56
63
67
4163
2117
4167
2124
79
4177
2131
4181
89
4185
90
2140
4188
4192
97
2147
4200
4204
2158
2160
115
4214
2166
122
124
4220
126
4225
2177
2178
4228
136
4234
4236
4239
4241
2194
147
2196
4248
2200
159
2214
168
2217
2218
2220
173
4272
178
2232
2234
2239
2241
4290
196
197
2249
2250
2251
204
205
217
2268
222
223
4320
4321
226
2274
4324
4330
2286
4336
242
2290
4339
244
246
2296
249
253
4350
4353
2306
260
4357
4358
2313
2314
4364
4367
273
2322
2326
4378
2333
288
290
4388
2341
2342
295
296
2345
4394
2347
4397
303
2352
304
2355
4403
313
2361
4411
316
4413
317
319
4415
4417
322
2372
324
327
4426
2380
333
4430
4431
4432
337
2385
4433
4434
2386
342
2394
2397
352
360
2410
4459
2411
4460
364
2413
4462
367
2415
4465
4466
2422
4471
4472
2428
2432
385
2433
388
4484
2436
389
4487
2439
2443
2445
4494
4499
4501
4502
2457
410
4507
413
414
420
4519
433
2483
2484
2491
2492
446
4547
452
4549
457
2505
4554
2508
2512
467
2516
471
476
4573
4574
479
484
4582
4585
4586
2541
494
499
501
504
2552
506
4603
508
2556
512
4609
4614
2568
521
2572
4622
2575
2579
2580
4629
534
2584
536
4637
2591
2592
2593
545
4641
547
2595
4645
549
2599
4649
4650
559
4660
2613
2614
572
2621
4669
2622
578
580
4678
583
4681
589
593
594
4692
4693
4695
2651
603
604
605
2653
2654
2657
4707
611
2667
4715
2671
627
4728
4732
2686
4736
2689
4739
2692
647
649
2698
4747
2704
2714
666
667
673
674
675
2723
2724
2726
679
4778
2734
2737
4786
4788
695
2743
4792
2745
700
2750
702
4801
2754
2755
707
4803
708
2757
2758
4810
4811
2764
2767
4815
2768
721
4818
4819
4821
725
2776
4828
732
2789
2790
744
745
746
748
753
4851
758
4860
2812
768
4864
2820
772
2823
4872
777
4874
4875
780
2828
785
786
4887
2842
2846
798
2850
802
803
2851
804
2856
808
2857
4906
810
2858
2861
4913
4914
819
2867
4917
4918
4921
2878
4928
834
4934
4937
843
845
851
2901
2903
856
861
2910
865
2916
4965
4967
4969
4970
874
875
2927
879
2930
882
4982
2935
4983
889
4987
891
2953
5003
907
5004
5008
914
921
5019
924
5022
2979
2980
932
933
934
5031
936
5035
941
942
5039
943
2994
5044
5046
2999
952
3005
959
5063
971
3021
975
5072
5074
5077
3029
5078
984
5081
5083
5084
5085
5087
993
996
3044
5094
3047
3048
1001
1004
3054
5103
5104
1009
1010
3060
1013
1014
5111
5115
1019
3070
1023
1024
1031
3080
3091
5139
1047
3100
1055
5153
1057
3107
1059
1065
3115
5165
1069
1071
3120
5168
1073
1074
1078
3128
5180
1085
1086
3134
1089
3137
3139
3140
5192
1096
3144
1097
5198
3158
1111
5207
3159
1112
3160
5210
5214
1118
1125
3174
5222
1129
1131
1132
3181
1134
1136
3187
1139
1140
3189
5238
3193
5242
5248
3204
5252
3205
1160
1162
1166
1167
1168
5266
3219
5267
5269
1174
3224
1177
3225
1181
3229
1182
5279
5281
3234
3241
5291
5294
1200
1201
5303
3256
1208
5307
5309
5311
5312
1217
3267
1223
3271
1224
5323
1235
5332
5334
1241
5338
3291
3292
3293
5343
3295
1251
3300
1256
1260
1263
1265
1268
3325
3326
1279
1281
5377
3330
3331
5382
3338
3339
3340
1292
5389
1293
3342
5391
1295
5395
1299
1302
3350
5398
1303
5400
5401
1308
1310
3358
3359
5408
1315
1317
1318
1320
3369
3370
3372
3374
1326
3376
1329
3380
1332
5429
3384
5436
3389
1341
5438
5441
3397
3398
5447
1352
3400
3401
5453
5458
1362
1364
3414
1370
1374
5471
1377
1382
5478
1383
1384
5483
5484
1389
5485
3439
1395
1398
5494
5496
3452
5505
1409
3458
5509
3461
5513
3465
3468
3469
1426
3477
3478
5528
1434
3482
5531
1436
1440
5536
1441
5538
3490
3491
5542
5553
5555
5556
1461
3510
1463
5560
3513
1471
5569
3526
5574
5576
3530
3532
1486
3537
3539
3545
1497
3548
1500
3549
3551
3553
1509
3562
1519
3569
1524
1528
3580
3581
1535
3587
1540
3590
1543
3593
3595
1548
3597
1550
1551
3599
1563
3613
3614
1569
1573
1578
3627
1579
1580
1582
3633
1588
3639
1594
1597
1600
3648
3651
3660
1614
3666
1619
1620
3670
3677
3678
3679
3680
3684
1644
3692
1648
1649
1656
3705
1657
1662
3719
1671
1672
3726
3727
1682
3730
1683
1688
3738
1691
3743
1697
1698
1700
1701
3750
1703
3751
3757
3763
1717
1718
1721
1722
1724
3777
3785
1741
3792
1744
3793
1753
1757
1764
1766
1775
3828
1781
3837
3841
3847
3854
1816
1823
3877
1830
3878
3886
1840
3890
3891
1844
3893
1853
3901
1857
3908
3914
3917
1870
3918
3919
3920
1873
3934
3939
3941
3950
3951
1905
1909
3958
3962
1914
1915
3965
1920
3972
1927
3980
3984
1943
3992
1953
4004
1958
4009
1966
4016
4020
1972
4025
4029
1981
1982
1990
4041
4044
4046
1999
4051
4052
2004
4055
4058
4062
4063
2015
2017
4066
2018
4067
2025
2028
4082
2036
2037
4086
4090
2043
2044
2046
17
323
102
327
392
203
76
401
404
86
121
282
122
26
316
92
93
350
