952
2
2051
3
2052
4101
6
4104
2057
4106
2058
2065
18
2070
23
24
25
2075
4126
4130
4131
4133
4135
40
41
2090
45
4142
4145
2100
55
2104
56
4153
4154
58
2112
66
2115
67
2117
4166
4172
4177
2129
2131
83
4185
90
2140
4188
94
2143
96
4192
4193
2147
4197
102
4200
107
4203
4206
2158
2160
4214
2167
2168
120
122
2171
4220
124
2173
4225
2178
135
4231
2185
4234
4236
140
2194
4245
2199
4248
2201
4251
2206
159
2211
2214
168
2217
2220
4272
178
4275
4276
182
2231
2234
4282
2235
2239
193
2242
197
4296
2251
210
213
2261
2268
221
223
4320
4321
2274
226
4324
229
4330
2286
241
2290
242
4338
243
244
2293
4342
2295
2296
249
4348
253
2302
2306
4354
260
4357
2313
273
4370
4374
2326
4378
2334
2335
2336
4388
2342
296
4394
4396
4397
4398
303
2352
2355
4403
4407
2361
316
4413
4415
2372
324
327
4426
2380
4431
2384
2385
4434
344
4440
2394
2397
352
2401
2403
4453
359
360
4458
2410
2411
4460
2413
2415
2418
372
374
4472
4478
382
383
2432
385
2433
386
2436
2437
394
2443
2445
4494
2452
405
4501
2453
2457
4509
4510
414
4515
420
2470
2474
426
430
4527
431
2482
2483
2488
446
452
2501
4549
456
457
2505
4554
4561
465
4562
467
2515
469
4567
476
4573
4574
4579
484
485
4585
493
494
2543
504
4600
2552
506
508
511
512
4609
4610
4614
2568
2575
4623
4626
532
534
536
2584
538
543
2592
4641
2593
2595
4643
2596
4645
4649
4650
4651
2606
559
562
569
4666
572
2621
574
578
2626
4675
2628
582
2630
4679
4683
587
4685
4688
593
594
4692
597
4694
4695
602
2652
4704
2657
609
4706
4707
611
2665
4715
4716
4719
2673
2674
627
2676
628
2677
4728
4732
2686
4738
2690
2692
646
4743
649
4750
4751
660
2712
2714
666
667
2715
2717
4767
673
676
2726
679
2731
2734
4783
688
2737
694
695
4793
2745
2754
4803
4806
2758
2762
2764
4814
719
4815
2767
2771
2772
4821
725
729
735
739
741
2789
2790
4838
4840
744
746
4844
753
2801
4851
2805
758
4856
761
768
2817
772
2820
4869
4872
777
778
4875
780
4878
784
2834
786
4883
2838
4889
798
800
801
2851
803
2853
4901
806
2855
2856
2857
2858
2859
4913
4914
819
821
4918
2874
2875
4924
2877
2878
836
837
4934
843
844
2892
851
2901
856
859
861
2914
2915
4965
870
4969
4970
874
875
4971
2927
879
2929
882
883
4982
2935
4984
889
2937
4987
4989
4992
4996
901
2950
2953
5003
917
5014
921
2970
5022
927
2975
932
933
5031
5033
5035
2988
942
5038
2992
947
5044
5046
2999
952
957
3005
5056
3011
963
3013
5063
969
971
975
5072
3027
981
5078
3032
984
5084
3037
3039
992
5089
3042
996
3044
5093
3045
5094
3047
3048
1004
3054
5104
1009
1010
5106
3060
1013
1014
5111
3066
5115
1019
1023
3071
3074
1031
3080
1033
3082
5134
5139
1043
3091
3100
3103
1055
5153
1058
1059
3108
3110
1062
3111
1065
1069
5165
1070
5167
1071
3120
1074
3124
1076
3125
1078
3129
5179
3131
5180
1086
3134
1089
3139
3140
1094
1095
1096
3144
1098
5197
1104
3155
1108
1111
5207
1112
5210
5214
5215
1124
1128
5227
1131
3180
3181
3182
3185
5238
5239
1144
3193
5242
5248
5250
3205
5253
5255
1160
3210
1162
5259
1167
5263
5264
5266
1174
5270
3224
1177
3225
1182
5279
3234
1186
3239
1192
3241
5291
1200
1201
5298
3251
3256
5309
5311
1217
1220
1224
3272
3274
1226
5323
5326
5327
1235
5334
3287
5335
1241
5338
3291
3292
5343
1251
3300
3301
1256
3307
1260
5357
1263
1265
1266
3315
1268
5365
3320
1273
5370
5372
5374
1281
3329
3331
1292
5389
3342
5391
1296
3346
1298
5396
3348
5398
1303
5401
1308
1310
3358
3359
5410
5411
1317
1318
1319
3369
3372
5421
3375
1327
5423
3376
1329
1332
3382
1334
1335
3384
5435
5436
5440
5441
3394
1348
3397
1349
5447
3399
1355
5452
3405
5454
1362
1363
1364
3415
5468
1377
5474
1380
1382
5478
1384
3436
5484
1392
1394
3443
5491
1398
5494
5496
3452
3453
5507
1413
3461
3468
3469
1421
1426
3477
3481
1434
3482
1437
1440
5536
3490
5542
1452
1453
1458
5555
1461
3510
1462
5563
1469
1471
1477
5574
3532
1489
3539
3542
3544
1497
3548
1500
1501
3549
3551
1503
3553
3558
1510
1519
3570
1524
1527
3577
3582
1535
1540
3590
1543
3594
1548
1550
1558
1562
3613
3614
1569
3626
3627
1580
3629
1583
3633
3638
3639
1594
1597
1598
1599
3651
1604
3653
3661
1614
3666
1619
1620
3668
3674
3679
1636
1649
1656
3705
1657
3708
3709
3715
3719
1671
1673
3726
3728
1682
3730
3738
1691
1693
1697
1699
1700
1701
3750
3751
1703
1712
1715
1717
3770
1723
1728
3785
3786
1740
3791
3792
3795
1753
3805
1757
1766
3814
1771
1775
1778
1781
1789
3837
3839
3847
1803
3858
3859
3861
3865
3871
1823
3872
3873
3877
3878
3882
1840
3890
3891
1844
1847
3897
1851
3901
3904
1857
3908
3914
1868
3917
3918
1870
3919
1873
1882
3941
3944
3948
3950
1930
3979
3983
3984
1939
1943
3993
1946
3999
1953
4004
1960
4009
1961
1966
4016
4017
4022
4029
1982
4034
4035
1988
4037
4046
2005
2007
4056
4058
4061
2014
4063
2017
2025
4073
2036
2037
4086
2039
2043
2046
17
0
323
355
68
100
357
327
142
178
371
372
86
408
57
122
26
29
