941
4098
3
4103
2057
10
4106
12
4113
2065
18
2066
2069
4118
23
2075
28
4126
2078
4127
4131
4133
2085
39
40
2090
4140
2094
46
48
4145
50
4147
55
2103
56
4153
4158
63
2112
67
2118
71
2122
2123
75
4172
4175
4177
2129
2130
2131
4181
89
90
4188
2140
4189
2142
97
2147
102
110
4208
115
2165
2166
2168
4218
122
2171
124
2172
125
2173
4223
4225
136
4236
2194
153
2202
2204
2206
4254
2208
4259
4261
2214
4262
168
4272
178
4275
2230
2232
2234
187
2241
2242
195
196
204
210
211
217
2268
4316
223
4320
4321
226
4324
2277
2286
4335
242
2290
2291
246
2296
249
252
4348
2302
256
2306
261
263
2313
270
4369
2322
4370
4376
4378
289
290
4392
4394
4398
303
2352
2355
4407
4408
313
4412
317
4415
322
2375
327
4432
4433
337
2394
2395
2397
2399
352
2403
2406
361
2410
2411
4460
367
4466
2418
4468
2422
4476
2428
385
386
2440
2443
2445
4494
404
2452
4501
405
410
2462
4510
414
416
420
4519
4520
4533
2487
2488
2490
443
2491
2492
446
452
2501
4551
456
2504
2505
457
4553
4554
2508
4561
4562
4563
469
4567
471
2523
476
4573
4574
2528
2530
4579
4580
4586
492
4590
2542
2543
2546
500
501
4599
504
506
2556
511
4613
4615
2567
4617
4622
532
536
4634
538
2588
4637
544
2592
2594
549
4649
4650
554
558
2606
4660
4662
2615
4668
4669
2621
574
578
2628
582
2631
589
4685
592
593
4693
4697
4699
603
604
4701
609
4705
2657
611
4707
613
4712
4713
2676
2677
629
2678
4727
4728
2681
634
2683
2686
2689
2690
4739
643
2692
4741
647
649
4745
4747
2704
662
2714
667
674
2723
2724
2726
2727
679
4778
2731
687
2739
695
2743
2745
4795
702
703
704
4801
2754
2755
4803
2757
710
4806
2758
4813
4814
2767
723
4821
2773
732
735
2784
2788
744
2793
745
753
2801
4851
758
760
4859
2812
4862
2817
771
772
2821
2822
4870
2824
4872
777
4875
780
2829
4878
783
786
788
4884
4886
4887
792
2841
2842
4892
801
803
2852
804
807
810
4906
2863
4913
2867
819
821
825
2873
2874
827
2878
831
4928
4931
4935
4937
844
845
2896
4946
4947
4949
2901
2903
856
2908
861
2910
868
4965
870
4967
4969
4970
874
2927
879
883
2932
2933
4982
889
4987
896
4993
4996
903
2953
907
911
2960
914
2963
919
921
2969
5022
927
2978
5026
933
5031
5032
936
5035
2988
941
942
5039
2994
5044
2997
950
2999
3005
959
962
967
5063
3015
5064
971
5068
3021
5078
982
5086
990
3039
994
3044
996
5093
3046
5094
998
1001
5097
1004
1010
1014
5111
5114
3067
1019
5115
1023
3074
5123
1029
1031
3084
3085
3090
3091
5139
1043
3093
1046
3100
3101
3103
5153
3107
3108
5157
3110
1065
1066
3115
1069
5165
5166
1074
1075
3125
5175
1079
5180
3134
1086
5182
1089
3137
1096
5193
5194
3151
3158
5207
1111
3159
3160
5210
3165
5215
5217
5219
3172
5222
1127
5223
1129
5226
5227
1131
3180
1132
3181
3182
3185
3187
1139
5237
1143
5240
1148
5248
3204
5252
3208
1160
5259
1167
5267
3219
1174
3223
3224
1177
1180
3229
1182
5279
3234
3239
3240
3244
1200
5298
3252
5303
1207
1208
1210
5307
3260
5309
3263
5311
1221
1224
1226
5323
3279
1235
5334
3287
1241
3292
3293
3295
5343
1251
3302
1256
1260
1263
3312
3313
1266
1268
3316
3322
5372
3324
3325
1278
3327
3329
5377
1281
1284
5381
5382
5385
3338
3339
1292
5389
1293
3342
1295
5391
5392
1299
5395
3350
5400
5401
1310
3358
3359
1315
3365
1317
1319
5417
3370
3372
5421
1326
3374
3376
3377
3380
1332
5435
3388
5436
3389
1341
5438
5440
5441
3394
3397
1351
5447
3400
1352
1353
3401
1355
3405
3410
1362
3413
5461
3414
1370
3419
5469
3422
1377
5477
1382
5479
5484
3436
1389
5490
1395
1396
1398
3448
3451
5500
1414
3466
3469
5523
3477
3480
1432
1434
3482
1436
5534
1440
5538
3493
5542
5546
5553
5555
5556
3510
1462
5560
3513
3514
1469
5566
5569
3523
1475
5574
3526
1478
3531
5580
3532
1486
3537
3539
1491
1493
1496
3548
1500
3553
1507
1513
1514
3563
3566
1519
1524
3577
3580
3581
1533
3587
1540
1543
1544
3593
3595
1548
1550
3599
3602
1554
3613
1569
3618
1571
1575
3626
3627
1581
3629
1582
3633
1587
1588
3638
3639
1594
3646
1598
1599
3648
3650
3660
1614
3666
1619
1620
1628
3676
3677
1633
1635
3684
3693
3698
1650
1653
1656
3709
1663
1665
3717
1670
1671
1673
3727
1680
3730
1683
3738
1691
1692
1693
1699
1700
1701
3750
3751
3752
1707
3759
1712
3763
1718
1722
1724
3777
1734
3788
1741
3791
3792
3798
1753
1756
3810
1766
1775
1778
1786
3838
3839
1792
1797
3847
1803
3854
3859
3861
1816
3865
1817
1820
1823
3871
3877
1829
1830
1834
3886
1840
3890
1843
1844
3893
3894
1851
1864
1865
3917
1870
3919
3920
1882
1886
3939
3944
3948
1909
3962
3965
3971
1927
3978
3979
3984
3985
1941
3992
3993
1953
4007
1960
1961
1964
4014
4016
4020
1973
4029
1983
4032
1984
4033
4034
4037
1990
4039
1994
4045
1998
2000
4051
4053
4056
4058
4060
4063
4066
2018
4067
2019
4072
4073
2028
2030
2031
2036
4086
4087
4088
4090
2043
2044
18
161
386
323
198
230
102
330
107
76
178
371
85
374
248
121
380
350
255
