951
4101
4103
2057
4106
14
18
2067
2071
25
27
2075
28
29
4126
4127
2081
4130
4131
4133
40
4137
4142
2095
4145
4147
2100
55
4151
2112
67
2115
4166
71
72
2122
74
2123
76
2124
4175
82
83
89
2138
94
95
98
2149
102
2156
4208
4213
2167
122
124
2172
125
2173
128
129
2180
2185
4234
2187
4236
141
142
2194
147
154
4251
2205
157
2208
166
4264
4265
2217
2220
2221
4270
4276
4280
2234
2239
2241
197
4296
201
2249
205
207
2261
222
2272
4320
226
4324
229
4331
2284
4333
2286
2290
4338
4342
2296
249
2302
4350
256
2306
259
4358
2313
2316
4366
4370
4373
277
4378
2334
2335
4383
289
295
2347
4396
4398
303
2351
309
316
4413
2365
2366
318
4415
322
4422
327
4425
330
4430
4431
2383
2384
4433
2386
4434
341
4440
344
345
2395
2397
352
354
2403
357
2406
361
2410
2411
4460
2414
4468
372
374
375
4473
4476
2428
4477
4478
383
4480
2435
4486
2443
4494
398
4496
2452
2453
408
409
2462
4512
2464
2467
420
422
4519
4520
426
4523
2478
430
4528
433
2484
2485
4535
2488
2490
443
2493
446
4544
449
2497
2499
4547
2501
4550
4551
4553
2505
457
4554
2507
4556
2509
465
2513
4561
4562
4563
4567
471
476
479
2529
4580
492
493
2543
496
4595
499
4596
4598
4599
2552
504
4600
4601
2556
512
4609
4610
4611
4613
4614
2568
4622
530
2579
536
4637
543
545
4643
4648
4649
4650
2605
558
2607
562
4660
2614
570
4666
572
4672
578
4675
579
582
4680
2633
4681
4683
593
2641
2643
4694
2652
604
4701
605
2654
2655
608
4704
609
2659
2661
4712
2665
4713
4714
619
2667
2671
2673
2674
4723
2676
2677
634
4732
2692
4741
645
646
653
4750
4751
2704
4753
4756
661
663
2712
2714
667
2715
2717
675
2724
4777
4780
2734
686
687
4783
4786
2741
2742
694
695
4792
2745
699
4795
2750
707
4803
710
4806
2762
4814
2767
2770
4818
2772
2773
735
2784
4838
4839
2792
4843
753
2801
4849
2802
2805
761
2809
762
4859
2811
764
765
4863
772
778
4875
2828
783
784
2834
788
4884
790
4886
2838
4887
2841
2843
2845
2846
2848
800
801
802
2851
807
808
2859
2861
2863
4911
4913
821
825
2873
2874
2877
831
833
4930
837
840
4937
4946
4947
856
4954
2908
2910
4958
865
2914
868
4964
4969
874
4970
4974
2927
2928
4982
889
2937
4987
894
896
4995
4996
2950
5000
5003
5004
2960
5009
2963
917
919
2969
2970
5022
5026
2978
2980
934
5031
2984
5035
5038
947
2999
955
5053
959
5056
962
963
3011
5061
3013
5064
3017
5067
5074
980
981
3029
5077
3030
5080
3034
5086
3039
5087
994
3042
995
3043
5093
3045
999
1003
5103
5118
5123
5125
3080
3084
5132
5133
3085
5136
3090
1042
5139
3091
3100
5150
1056
5154
1065
5162
1067
1068
5165
5166
5167
5168
5169
1074
1079
3130
3133
1085
5182
1086
1088
1089
3139
5193
5194
1098
5197
1103
3155
5206
1111
1112
3165
5214
1119
5216
1124
3174
3177
5227
1131
1132
3181
1134
3187
1139
5235
1140
1144
5242
1147
1148
3199
3200
5250
3204
5253
3208
3210
3213
3217
5266
5268
5271
3224
1177
1178
1179
1180
1182
1183
5279
3234
5283
3240
5291
3244
1197
3251
3254
5303
3256
1209
3259
3260
5309
5311
1217
5318
5320
1224
3274
5323
3277
3279
1234
1235
3287
5335
3289
3292
5341
1247
1248
1251
3301
1260
5357
1268
5365
3320
5370
5372
3327
1279
1281
3331
5382
5385
3340
1292
5391
5395
5397
1302
5399
5401
3355
1310
3358
1314
5410
1315
3364
1317
3365
1318
1319
5415
3367
5417
3370
1324
5421
3376
5426
3380
1332
5428
1333
5429
1334
5436
3388
5440
5441
3394
1347
3396
3397
3399
1352
1353
5450
1355
3405
5457
3410
1364
3414
3415
1369
3418
5467
5469
3422
3424
1377
3428
1380
5477
1382
1383
5483
5485
1392
1393
1396
3446
1398
5496
3451
5500
1413
1415
3465
3466
5515
1421
3471
1424
3472
3477
3478
1431
3480
5528
1433
1434
1435
1436
1437
5534
5542
1446
5543
5546
1451
1452
1453
1458
5555
1463
5560
5561
3513
1468
5566
5569
1475
5572
1478
5578
1483
3532
1496
3545
3546
3558
1511
3566
3571
3573
1527
3577
1530
3580
1532
3581
1533
3582
1535
3583
1536
1541
1544
1550
1551
1552
1558
1560
3609
1562
1563
1564
3612
3613
1569
1571
3624
3626
3629
3631
3633
1587
1594
3643
3645
3650
1604
3658
1611
3660
3666
3668
1620
3672
3674
3676
3677
3680
1636
1642
1644
3693
1647
1648
1650
1656
3707
1660
1664
1670
3719
1671
3722
1676
3728
1680
3730
1683
3738
1692
1699
1700
1703
3751
3752
1707
3757
3758
1718
1723
1728
3786
3792
3800
1753
3804
1760
3810
1763
1764
1769
1770
1775
3826
3828
1786
1789
3841
3844
3845
3847
3848
1809
1810
3860
3862
3865
1817
3868
1820
1823
3873
3877
1830
3879
1834
3886
1840
1844
3895
3897
3901
3908
3911
3913
1867
1870
1873
3927
1879
1884
1886
3934
1892
1895
3944
1904
3953
1905
3954
1907
3963
3965
1920
3969
3971
1933
3983
3984
1936
3985
1939
3995
1950
3999
4004
1959
1960
1961
1963
4016
1975
1983
4032
4033
4034
4036
1990
1994
4045
1998
4047
4055
4056
4060
2014
2018
4066
2020
2022
4072
4076
2028
2029
2033
4082
4083
2035
2036
4084
2037
2039
2040
4090
4091
2044
4092
17
161
100
230
107
139
300
77
303
80
114
180
276
280
57
251
28
316
