905
2
3
4101
2057
4106
4107
4108
12
18
4118
24
2075
31
2081
4130
4131
2083
4132
2085
4133
38
39
2095
4145
55
4153
2107
2112
67
4166
75
4172
4174
2129
83
4181
4186
4188
4189
95
2143
2149
4197
102
4203
107
2158
113
4213
4214
122
124
2172
128
129
4225
133
2185
4234
4236
142
2192
2194
147
154
4254
2211
2214
166
2220
173
4272
178
4276
182
184
2234
187
4284
2239
2242
4290
195
4291
197
4298
2252
4301
207
210
211
4309
2261
213
2265
2271
4320
4321
226
2274
4324
229
4330
2284
4333
2286
4335
2290
243
2296
249
4348
2302
2306
259
4358
264
2313
2316
2318
270
2322
2334
2335
290
293
4394
303
2353
2355
4407
4409
313
316
4413
2366
318
4415
2372
327
4425
4426
333
2383
4432
4434
2386
4440
4443
349
2397
352
2401
2402
2403
4453
2410
2411
4466
2418
4468
4469
374
379
2428
382
4483
2436
4486
2443
2445
398
4494
4496
2449
2452
2453
4501
2457
410
413
414
2467
420
2470
4519
426
2474
2484
437
2485
2488
4544
449
2501
4551
456
457
2505
4554
2507
4561
465
4562
4563
467
4567
2520
4568
476
479
2528
4576
4579
484
2532
4586
494
2542
496
4596
500
2549
2552
506
4603
2557
511
512
4610
4614
4615
4616
2568
2569
4622
4623
2579
532
4628
537
4633
538
4636
4638
2591
543
2592
4641
4643
549
4645
4648
4649
4650
554
4651
2605
2608
562
4660
4666
572
2621
4672
4673
4675
580
2628
582
2631
2633
587
4685
593
2641
4691
2643
4692
4693
603
4699
2652
2655
4704
608
2657
611
623
4719
2673
2675
4723
2676
2677
629
4728
4732
2690
2692
646
647
649
4745
4747
4750
4751
655
2704
4753
659
662
2714
4762
667
668
4767
674
2723
2724
2734
686
4783
2742
695
4795
702
4801
2755
4803
708
2757
4806
2758
710
2762
2763
4815
2767
719
2768
730
4830
2784
4838
745
4843
2799
2805
758
4856
761
4862
768
772
2821
4870
4872
777
784
786
2838
2842
797
2845
798
800
801
803
2851
804
2855
2856
4906
2863
2864
819
821
4918
824
2874
827
4928
2883
840
4937
843
845
4949
2901
856
4954
4956
861
864
2914
4964
2916
4965
4967
4969
874
4970
875
2927
879
883
4982
4983
2935
4987
4996
903
5000
2953
906
2960
5009
914
5014
919
5017
2970
5022
927
931
2980
934
5031
5032
2984
5035
2988
2989
5038
942
5039
947
5046
950
2999
5053
959
960
5056
971
5078
3030
3034
5085
3037
5087
3039
992
3043
3045
5094
3048
1003
1004
3054
3057
1009
1010
3060
1013
1014
1015
3074
5123
3080
5129
1033
1036
3091
5139
3092
3093
5147
3100
1055
1056
5153
1057
3107
1060
3108
3111
1065
1068
5165
1070
5167
5169
1073
1074
5171
3129
5180
1085
1086
5182
1088
1089
3139
1098
3148
5197
3151
1104
5207
1111
3160
1112
1114
5214
1118
5215
5219
1124
1125
5225
1131
5227
3181
3182
3185
1139
5235
1140
5238
5239
5242
5248
5250
3204
5253
1160
5259
3217
5266
3219
1179
3228
3229
1182
3234
3238
5286
5287
5291
1200
1201
5298
3251
3252
5301
3256
1209
5307
3259
5309
3263
3267
3270
1224
3272
3274
5323
1235
5334
5335
1241
3292
5341
3295
5343
5346
1251
5352
3312
1265
3313
1266
1268
5364
5365
3320
5370
3325
5374
3326
3327
1281
5377
3330
3331
1284
5382
3339
1292
5389
1293
5391
5392
1299
5397
3350
1303
5400
5401
1308
3358
1310
1314
5412
1318
1319
1320
3370
5422
1326
3374
3375
5425
1329
5426
1332
5428
1334
5436
3388
5440
5441
3394
1347
3397
5447
3400
3402
1355
5456
1362
3414
1367
3415
1370
3422
1375
1377
3428
1382
1383
1385
1389
5488
1393
5493
5496
5509
3461
1421
5519
3471
1426
3476
1431
1433
3481
1434
5531
1436
1437
1441
1446
5542
1451
1452
5553
5555
3509
3510
5560
5561
5563
1469
1471
5569
3523
5574
3526
5576
3530
3532
3537
3539
1492
3541
1500
1503
1505
1510
3559
3562
1514
1519
3569
3571
1524
1527
1528
1530
1532
3580
1533
1535
3583
3585
1540
3590
1543
3595
1550
3599
3613
3626
1580
3629
1582
3633
1587
3638
1594
3644
3645
1597
1598
1599
3653
3656
3658
1614
3666
1620
3668
3672
3677
3680
1636
3692
1647
3698
1653
1656
1657
3707
1660
3709
1662
3711
1664
3719
1673
3722
1676
3727
1680
3728
3730
1682
1683
3732
1689
3738
1691
3742
1699
1700
1701
3749
3752
3760
3763
1715
3765
1720
1722
1723
3777
3778
1732
3786
3788
3792
3793
3795
1751
3800
1760
1766
3814
3816
3818
1771
3820
1775
1778
3826
1781
3834
3838
1797
3847
3859
3860
3861
1815
1816
1819
1823
3877
3878
1834
1840
3891
1843
1844
3895
3901
3902
3908
3913
3914
1867
3917
1870
3919
1872
3920
1873
3927
1882
1886
3948
1902
1904
1907
3958
1914
1915
3965
3970
3983
1936
3984
3987
3992
3997
1950
1951
3999
1953
1955
1956
4004
1960
4009
1963
4020
4025
1981
1982
1984
4034
4035
1988
1989
4037
1990
4041
4047
1999
4051
2004
4052
4055
4058
4060
4062
2014
4067
2019
2020
2022
2023
4073
2028
2031
2035
2036
2037
4086
2039
2043
2045
17
132
100
229
231
139
76
300
175
178
86
248
121
346
251
412
92
29
