718
1025
2050
3
2051
1031
8
1032
2058
11
1035
2059
12
14
2063
1041
19
23
1047
24
1048
25
1049
1053
30
1055
32
2080
2081
2083
36
1060
2084
38
2086
2087
1064
41
2090
1067
2091
1070
1071
49
1073
51
53
2103
2105
1082
59
60
2108
61
2109
2110
63
2111
1088
67
1092
71
1095
1096
2120
1097
74
75
1100
80
1105
1107
85
2133
88
92
1116
2140
2141
95
97
2147
1125
2150
103
104
107
108
1132
2158
1135
2159
113
1137
2161
115
1139
2163
2164
1141
2165
2166
2167
122
2170
1147
124
2172
125
126
1150
127
1152
129
130
133
1159
136
2184
137
1161
2186
139
1165
142
2191
2192
150
153
2201
2202
1180
2204
157
1181
2205
1182
2206
2209
2211
1188
1189
1190
1195
172
2221
2222
176
2224
2225
178
1202
2226
1203
2228
2230
1207
1208
2238
191
2239
192
1219
198
2247
1224
2249
202
203
1227
2253
209
2257
1234
1237
2261
1238
215
216
2264
2266
2268
1245
222
2271
1248
227
2275
1252
1253
1254
231
1255
2281
1258
235
2285
238
1264
2288
243
2291
244
245
2293
1271
2297
1274
2299
253
255
1279
2303
1280
2305
2306
1283
2308
1285
2309
1289
2314
268
270
1294
271
274
1298
1301
279
2327
2329
284
1308
2333
2334
287
2336
1313
1314
2341
2344
2345
2346
1323
2347
2348
2350
1327
2352
1329
306
1330
2355
309
2358
311
312
1336
315
1339
317
2366
1344
2368
321
2369
325
1349
2373
332
333
1357
2381
2383
1360
2384
2385
2387
2388
341
342
1367
2391
2392
2393
1370
2394
1372
349
1375
353
1378
1381
359
360
2408
2409
2412
1391
1392
2416
1394
2418
1395
372
373
2421
374
1398
2422
1399
2424
1401
378
2426
1406
2431
1409
386
1414
1416
2441
1418
395
1422
2448
401
2449
1426
1428
1429
406
1430
1431
1432
2456
2464
417
1441
418
2466
419
2468
421
424
1449
1455
1457
2482
1461
2485
1462
439
440
441
2494
1471
1473
1474
451
452
1477
1478
1481
2505
458
1483
461
1489
2514
1493
2518
2519
1496
2523
476
477
2525
1502
2526
479
2528
483
484
1509
1519
2543
496
2544
1521
498
1523
2547
1524
2548
2549
2550
1528
2552
2553
1530
2554
2555
2556
2557
2559
2561
514
1539
516
520
521
1545
1547
1549
526
527
1554
533
2581
536
537
1561
2586
1563
2587
1566
543
546
2594
2595
552
1576
553
554
555
556
557
2605
558
2606
2608
2611
566
2614
1591
2615
1592
569
571
2620
573
1600
579
1603
1604
581
2630
583
1607
584
1608
1610
1612
1614
2638
593
1617
1619
2643
596
1622
2646
599
1623
603
604
605
2654
607
608
2656
609
611
1635
1636
2660
616
2664
1642
620
1644
1645
2670
624
2673
627
1652
629
1654
2679
632
2680
633
2681
1658
2682
636
1664
641
1665
642
1668
1670
647
1671
2695
1675
2699
1676
2702
1679
2703
656
2705
2710
663
1687
1690
2714
1691
2715
669
670
1697
674
675
1700
1702
1704
2728
1705
2732
685
2734
2738
694
1718
695
2743
2747
700
2750
703
1732
2756
2758
713
715
717
2765
2767
2768
721
722
2772
725
1749
2774
1751
1752
730
1756
2781
736
1760
1761
2785
2786
1763
2788
2791
1769
2793
747
1773
753
1777
755
2803
757
2809
763
766
2814
2816
770
1799
1801
778
2826
1804
2832
785
2833
787
790
1820
797
798
1826
1827
1828
805
1829
1830
809
1834
811
1839
817
1841
818
819
820
822
825
828
1852
1853
830
1854
1856
835
844
1871
1872
1875
854
855
1879
856
1881
859
1890
867
1893
871
872
878
1903
1905
1906
883
1907
884
885
886
1910
1911
890
1914
891
892
893
1920
1921
902
903
907
912
913
915
919
1943
1946
926
1952
1955
1956
1958
1959
1961
1968
1970
948
950
1976
953
1977
957
959
972
1996
977
980
2004
982
2009
986
992
2016
993
995
2019
997
2022
2023
2026
2030
2031
1010
2038
2042
1020
1022
2046
1023
74
0
128
1
2
3
131
4
6
139
13
14
16
145
147
20
149
22
150
26
154
28
29
158
159
33
34
162
35
163
165
39
167
40
41
42
170
43
44
45
48
50
53
55
56
58
60
61
66
69
71
73
74
79
80
81
86
87
88
89
93
94
95
96
97
105
106
107
109
111
119
120
121
123
126
