262
2
3
1541
6
1030
15
18
1043
532
543
544
547
550
1578
45
558
1585
50
564
54
55
56
1080
569
1595
571
1086
1600
579
67
68
580
581
1093
1605
70
1095
1608
1096
74
1611
587
81
1108
87
1624
1112
1114
92
604
606
96
611
99
1636
102
1639
617
105
107
619
1132
1135
627
115
119
1656
633
634
1660
124
1152
1665
131
132
1668
650
142
1679
1168
1680
1170
1172
1684
149
665
668
156
1693
670
160
674
1702
1703
170
1707
173
178
183
696
1721
186
699
703
192
1730
709
1222
711
1735
712
1224
200
1738
716
204
1745
209
1746
723
212
1748
727
218
1243
222
224
1251
230
745
1769
234
751
754
1272
250
1792
768
1281
773
1289
1803
1294
1812
1813
277
789
790
1303
1818
1307
1819
1820
1822
805
1830
1318
807
1324
301
1838
1329
1842
1331
819
309
1334
823
1855
1344
1860
325
1350
1351
1356
332
1872
1360
849
852
1876
1879
1880
859
1884
860
352
1385
363
1900
1901
1392
370
1907
1396
1908
1397
1402
379
893
383
1408
897
1412
1927
1417
1418
395
1939
916
1428
1944
1435
412
1437
415
417
1441
1442
1956
932
933
1960
942
1454
434
948
1974
439
1978
1467
1471
962
452
456
969
458
461
464
467
980
2014
1503
480
2016
2018
2023
1511
1002
1010
1011
2036
1525
1013
1526
1527
504
2042
506
1530
1532
2047
16
32
131
100
5
37
71
135
8
75
76
44
83
55
119
94
158
