294
1025
2
1538
3
515
2052
1030
2056
2057
1545
523
14
15
1043
544
545
547
548
1060
44
45
558
1585
50
564
54
56
1081
1595
1084
572
1085
1086
1600
1089
67
68
1605
581
1093
1095
1096
73
74
1098
1611
587
77
81
87
1624
1112
1114
92
604
605
1630
606
96
98
99
1123
1636
1125
102
614
1639
617
105
618
619
108
1132
1143
631
1656
1145
633
634
1660
636
124
1661
1154
132
645
134
1671
650
1674
142
1680
1168
1170
1172
1684
1689
665
1693
670
671
1183
1702
1703
1192
170
174
688
178
691
183
696
1721
186
699
1212
703
1730
707
709
1735
711
200
1224
712
1737
1738
716
204
1745
1747
723
1237
727
1240
218
1243
1755
222
224
1249
1251
739
1769
745
1775
241
754
1269
1272
250
1792
1281
1285
1797
773
265
1289
1803
273
787
1812
1813
789
790
1303
1818
1307
1822
1313
1314
805
1318
1830
807
299
1324
1838
1329
1330
1331
307
1333
309
823
316
830
1342
1860
325
1350
326
1351
1353
843
1868
1356
332
1872
1873
1876
340
1878
1879
1880
859
860
352
868
870
361
1385
874
363
877
1901
367
1396
372
885
1912
379
1404
897
1411
1412
1927
1929
905
1418
395
1422
1426
916
1428
1944
1946
1435
412
1437
1441
417
1442
1444
421
1446
1447
1959
1960
1452
1454
944
434
948
439
954
443
1980
445
1469
1471
960
962
456
969
458
461
467
980
2005
1501
2014
1503
2016
480
993
2018
2023
1513
2026
1002
2027
2029
1009
2036
1525
2039
1527
504
1530
506
2042
1532
1021
18
32
96
65
2
131
37
5
71
8
76
44
144
55
56
153
94
158
63
