208
3
522
15
1043
532
544
545
33
547
1061
1575
1066
44
558
1585
50
564
1077
54
56
1082
1595
571
1086
576
1600
580
68
1604
1093
1605
70
1608
587
81
1108
87
1624
92
604
606
96
1122
611
102
1639
105
107
108
1132
622
1136
627
1656
634
132
1668
645
649
138
142
1680
1168
1170
1172
149
1176
665
670
160
1185
674
1703
170
173
1721
1210
699
704
1730
1222
1735
711
712
716
1745
727
1752
218
1245
222
224
225
745
1769
1781
1792
1281
1797
773
1809
787
1812
1813
789
277
790
1303
793
1818
1820
1310
1822
805
1830
1318
807
811
1324
1838
1841
1330
309
1334
823
1848
1855
1344
1856
1860
1349
837
325
1350
326
1351
1868
1876
852
1877
1879
860
868
361
876
1388
879
880
1392
370
379
383
1408
1924
1412
1926
1927
1929
1417
1418
395
1939
916
1428
412
1437
415
417
1442
1444
1956
932
933
1447
1960
942
1454
439
953
954
1978
1467
1471
962
456
969
457
458
980
1493
2014
480
2016
2018
2025
2026
1002
491
1009
2036
1525
1013
1527
504
1530
506
1532
509
13
32
0
37
71
40
8
43
44
83
19
149
119
127
