261
2049
2
3
1029
6
522
15
2065
1043
544
33
545
547
548
36
1060
550
1066
1578
44
558
1070
1585
54
56
570
571
1595
1086
1600
1601
1602
579
68
580
581
1605
70
1608
1096
1098
587
589
81
1617
1108
87
1624
600
1114
602
604
92
606
96
98
611
99
1123
1636
614
1639
1129
105
618
107
619
1644
1132
1133
113
1650
627
115
1143
1145
634
635
124
637
645
1671
1160
138
142
1680
1168
146
1172
149
665
667
1693
670
160
674
1702
170
173
177
695
1721
1210
699
1222
711
712
200
714
716
1745
722
723
727
730
1243
222
224
1763
1769
745
1775
241
242
244
1792
1795
1285
773
264
1289
1803
787
790
1303
793
1818
1307
1820
1822
1313
290
1830
811
1324
1838
1330
1331
307
309
1845
1334
1848
1339
316
1855
1344
1860
325
837
1349
326
1350
328
1352
843
1868
849
1876
852
1877
1365
1878
1879
859
863
866
1379
868
1897
361
1900
1388
876
879
1392
880
370
372
887
1402
891
383
1408
897
1922
899
1412
1924
1926
1927
395
1422
1939
916
1428
1943
1944
1435
1437
415
927
417
1442
418
932
1444
1956
420
933
1960
936
938
1454
942
434
1974
439
954
1469
1471
448
451
1987
969
458
1483
974
1487
464
467
980
982
477
480
2018
483
2023
2025
1513
1002
498
1525
2038
1527
504
1017
1530
1020
1532
509
15
96
98
37
135
43
44
146
114
83
51
119
56
122
94
127
