254
1025
1538
515
3
2052
6
2054
1030
1034
11
15
1043
2068
1046
24
539
542
544
545
1570
547
548
1060
1061
1574
1578
44
558
561
564
54
1079
55
1082
1595
571
572
60
1085
573
1599
1088
67
1603
68
580
70
1606
584
585
1098
1611
589
77
81
1619
1108
87
1112
1624
1114
602
1116
605
611
1636
107
1643
108
1132
622
1650
627
633
1150
1152
1154
1668
645
1160
1672
139
1167
1172
1684
667
1693
671
160
172
173
174
178
1206
183
1720
1210
1726
1727
1220
709
1735
711
200
712
202
714
716
1741
1745
722
723
1748
1242
1755
1243
220
224
739
1767
745
754
244
1270
250
766
767
1792
1281
258
1795
1285
1797
773
262
776
264
1289
267
782
1296
787
1813
789
1303
1818
1820
1822
1314
803
1829
805
1830
811
299
1324
1838
1330
1333
309
1334
1848
1339
1855
1344
1857
1350
1866
331
1868
1356
336
1361
1364
340
852
1876
1878
1879
855
1367
860
866
868
1896
1897
361
362
874
363
877
1901
879
1912
891
1408
897
899
1924
1925
1926
1927
1929
394
395
401
1939
916
1944
1435
412
415
927
1440
1956
421
933
934
1447
936
1963
1452
942
1454
947
1464
1467
956
1472
960
1986
1987
964
969
1483
467
980
470
982
1502
2018
483
2019
2023
1511
1513
2026
1002
491
1009
2040
506
1531
1021
17
98
5
71
105
106
142
47
111
51
83
117
119
55
27
158
63
127
