311
3
515
6
1030
1542
1545
1034
2058
523
2059
15
2065
1043
2067
532
31
1570
547
550
1066
1578
556
44
45
558
1070
1585
564
1590
55
56
1081
569
1595
1085
573
1086
64
1600
1089
578
1603
68
1604
1605
1095
1608
1096
73
1098
74
587
1611
589
81
1106
1619
1108
84
87
600
1112
1624
1114
604
92
605
1630
98
99
611
1636
1125
1639
617
108
1132
1133
1135
113
627
1143
1656
1144
634
635
124
1660
1152
1668
132
1156
646
1672
136
650
142
1168
1680
1170
1172
1684
149
1173
665
1689
1693
670
671
160
1703
1192
170
173
174
178
1715
691
1716
1717
1206
183
1720
696
1721
186
698
699
1212
1214
703
1730
1220
709
1735
711
200
712
1737
1738
716
204
1745
723
1747
1748
212
727
1752
218
1243
222
1758
1247
224
1249
1767
1769
745
234
241
754
1272
250
1792
1281
773
775
776
1289
265
1803
270
1807
787
1812
1813
789
277
790
1303
1818
1820
1822
1824
805
1830
1324
301
1838
303
1329
309
823
1342
1855
1856
1860
325
1349
837
1350
326
1351
1353
331
1868
332
1359
1872
849
1876
1365
1878
1880
859
860
1884
350
863
353
870
874
362
363
1900
1901
367
1392
369
372
1909
1400
379
380
383
1408
897
1411
1412
1927
1929
1417
1418
395
397
1426
1428
916
918
1944
1946
412
1437
1438
414
417
1443
932
1444
933
1446
423
1960
1454
942
946
947
948
439
1978
1471
448
960
962
456
969
458
461
974
462
467
980
2007
476
1503
480
2016
2018
996
997
2023
999
2025
2026
1002
2027
491
1517
493
498
1010
2035
2036
1525
2038
1527
506
1530
1532
509
19
96
32
131
37
71
135
8
104
43
76
143
111
144
81
83
55
25
122
158
