346
1025
1538
515
3
2052
1029
6
1030
522
1034
11
523
1550
15
527
1553
1043
20
532
539
542
543
544
545
34
547
548
1060
1572
1061
1575
1577
1066
1578
44
45
1070
558
564
1589
54
55
571
1595
1085
1086
1599
1600
1089
577
67
580
68
1605
70
584
1608
1096
1098
587
1611
589
77
78
81
1106
1619
1108
86
87
1624
1112
1114
1628
92
604
1116
1120
98
611
99
1123
1636
1125
1639
107
1643
108
1644
1132
1135
1136
627
1143
634
636
124
1660
1152
132
645
134
1160
1672
1673
649
138
1674
139
142
1168
1680
657
1681
1172
1684
1687
665
667
670
671
160
170
174
178
1206
695
183
1720
696
1721
1210
186
699
703
704
1730
707
1220
709
711
1735
200
712
1224
1738
716
204
206
207
1745
722
723
727
1240
1752
1242
1243
222
224
739
1769
745
1257
1775
241
754
244
1272
250
766
1792
1793
1281
1795
1285
773
1289
1803
268
782
1295
1809
273
274
787
1811
1812
1813
789
790
1303
793
1818
796
1830
1318
299
1324
300
1838
1841
1329
1330
307
309
1333
1334
823
1337
1339
316
1852
1342
1855
1344
1856
1857
1860
1349
325
837
326
1351
843
331
1868
1356
334
1361
852
1876
340
1877
1878
1879
1880
859
860
352
866
1379
1891
868
1897
361
1385
362
1388
1901
367
880
1392
370
372
1396
1400
891
379
1404
1407
383
897
1922
1411
1412
1926
1927
395
1420
1933
401
1426
1939
1428
916
1944
1435
412
1437
927
415
417
1443
932
1444
421
933
934
1960
936
1963
1452
428
941
1454
1967
439
953
954
443
1980
1469
1981
959
1471
447
960
962
456
969
458
462
1998
467
980
2005
469
470
1501
1503
480
993
2018
483
2023
488
1513
2025
1001
1002
2026
1009
1011
2036
1525
1013
2038
1527
1528
2042
506
1530
507
1532
509
20
96
32
65
98
131
37
71
43
108
109
142
111
51
148
119
55
153
60
93
158
