251
1025
2
3
2051
6
1030
1034
15
18
1043
2067
532
1556
539
544
547
548
550
551
1578
44
556
45
558
1585
50
54
1082
1595
573
1086
1600
578
1603
579
68
1605
581
1093
1608
73
1098
587
1611
81
1619
1108
87
1112
1624
1114
604
92
93
611
99
1125
102
1639
1643
1132
1135
1143
633
634
124
1660
1152
1666
1156
1668
132
1672
142
1679
1168
1680
1172
1684
149
1173
665
1693
670
160
170
173
174
178
1720
696
1721
698
699
703
1730
1220
709
1735
711
712
200
1224
1738
716
204
1745
723
1748
212
727
218
1243
222
1758
224
1252
1767
1769
745
234
754
1272
250
1792
1281
773
1289
1803
1812
789
277
1813
790
1303
281
1818
1307
1820
1822
805
1830
1318
811
1324
1838
1329
1331
1333
309
1845
823
312
1342
830
1855
1856
1860
325
1350
326
1351
331
332
1356
1359
849
1876
1880
1369
860
1884
352
866
1379
1385
362
1900
1901
367
1396
1909
376
891
379
380
383
1408
897
899
1412
1927
395
1933
1426
1428
916
1944
1434
1435
412
1437
415
928
417
1441
1442
1443
932
420
1956
933
1960
936
1454
942
434
1974
439
1980
445
1471
1986
962
451
456
969
458
1998
464
467
980
2005
2015
1503
480
2016
1511
2025
1002
493
1008
1010
1011
1525
1527
2042
1530
506
1532
2047
15
32
98
131
37
5
38
71
135
111
81
83
90
27
158
94
