191
1792
2
3
2051
773
6
1030
1289
1034
1803
15
1043
2067
1812
277
789
1813
790
1818
1307
539
1820
1822
544
290
1830
1578
1324
45
1838
558
1585
1329
50
1331
309
1845
1595
1086
1855
1603
579
1860
68
581
325
1350
326
70
1351
1608
587
331
1611
1356
332
81
849
1106
1619
1108
87
1624
1112
1625
1114
1116
604
1884
866
1379
611
102
1639
1129
362
1643
1132
1900
1901
367
1135
1136
629
1909
1143
634
891
124
380
383
1408
1152
897
1666
899
132
1412
1668
1927
1672
1418
141
142
1679
1168
657
1426
1172
1428
149
1944
665
1434
1435
412
1437
1693
415
160
1185
417
1441
1443
932
1444
1956
420
933
1960
936
170
173
942
1454
177
434
178
1974
439
1720
1721
954
699
1467
1214
1471
962
1730
451
1220
709
1735
711
200
1224
969
458
716
1745
723
467
980
727
1752
218
1245
222
2015
480
2016
1767
1511
2025
1769
745
1002
234
493
1773
754
1011
2036
1525
1527
1017
506
250
1532
2047
1791
12
32
81
98
146
83
148
149
5
135
94
158
111
