206
1025
2
3
2052
6
1034
15
1043
532
545
547
548
1061
550
39
1581
558
1585
50
54
1082
1595
571
1086
67
68
580
70
1095
1608
74
587
1611
1100
81
1108
87
1624
604
1121
1122
611
99
1636
102
1639
617
107
1132
622
1136
627
634
124
1660
132
1668
645
1672
650
142
1679
1168
1172
149
1686
665
1690
667
670
160
170
173
183
696
1721
1210
698
186
699
703
1730
1220
709
1735
711
200
1224
1738
716
204
1745
723
1748
727
1243
222
224
1252
745
1769
1781
1272
1792
1281
773
1803
1807
1809
1812
1813
277
789
790
1303
1818
1820
805
1318
1830
811
301
1838
309
1334
823
1335
1342
1855
1344
1860
1348
325
1350
1351
331
1868
1359
1872
849
852
1879
1880
859
860
1373
868
362
1900
370
1396
379
383
1408
897
1412
1927
1931
1939
1428
408
1944
409
1435
412
1437
417
1441
932
1956
933
1446
934
1447
1960
1963
1454
942
1974
439
953
1467
1471
962
964
456
969
458
461
1998
980
1503
2016
480
2018
2023
1002
2026
1011
2036
1525
1013
1527
506
1532
2047
12
32
0
83
131
4
5
135
71
119
55
76
111
