153
515
1795
1284
1797
9
1034
1547
11
268
525
527
1039
1556
533
1302
790
1303
538
795
1052
540
1821
1309
286
1824
800
1827
1059
803
39
808
1579
1325
1070
47
1074
1588
565
566
1334
568
1593
1594
1339
573
63
1088
1345
1350
840
1102
1106
850
1620
340
84
1111
600
93
1631
355
356
1124
1636
1125
1637
870
1638
358
104
1386
1387
875
366
1136
1393
1141
377
1145
1403
1659
637
127
128
640
1666
386
644
391
139
395
1419
1166
143
1167
656
1680
913
658
915
410
1442
676
165
1190
679
1193
170
1451
176
944
1716
949
183
695
1721
1466
445
1470
1215
1474
708
1732
1736
968
1485
1742
1743
1746
1235
1491
469
1238
985
1245
734
481
738
739
1508
229
1512
745
1005
1776
1264
1523
757
1269
1529
1017
1021
254
2
37
125
