145
1797
9
777
1034
1547
268
525
13
527
1039
1551
784
17
1809
1810
19
533
1302
790
1303
1817
27
1052
1309
1822
1567
1824
1826
1827
803
1061
1573
39
1322
556
1325
1837
1582
1074
1588
565
1593
1594
1339
827
63
1348
583
72
1616
594
850
340
84
1110
1111
1633
356
1125
1637
870
1638
104
1641
1385
1386
1387
875
365
366
1136
624
1139
377
1403
637
127
128
1666
644
1668
1669
139
651
143
656
1424
1680
913
658
1170
1171
915
410
1434
671
1442
165
1190
422
1193
170
938
1451
1714
1716
949
1462
695
1208
1721
186
957
1469
445
1470
193
708
1732
459
1485
1490
1491
212
469
725
985
1242
734
481
738
739
1508
996
232
233
242
1523
1267
1269
757
1529
1020
1021
254
2
52
125
