289
514
1542
13
527
1556
532
533
1559
1048
25
538
1562
1050
1563
1052
540
1564
1566
1570
1059
1060
1061
39
40
553
554
44
1583
48
561
1585
1077
1593
1084
1597
65
1092
580
72
1610
1611
76
77
1614
591
1616
1620
85
1110
1111
89
92
607
96
97
1636
1125
1638
620
1136
624
1139
629
1141
631
1143
1658
637
128
1666
644
1669
647
1160
136
139
1678
1166
143
1681
1170
147
1174
1689
154
1691
668
670
671
1695
159
1183
672
165
1189
678
170
1194
1708
1197
688
1712
177
691
180
695
1720
1721
1209
698
1722
699
1211
188
700
191
704
193
1731
707
196
1221
711
1736
1741
718
210
1749
725
1237
1238
217
1759
738
740
1765
231
1256
235
1771
1776
240
752
1782
1271
248
766
1791
768
1795
1284
772
1797
774
1799
1290
1804
1292
1293
782
1807
1296
273
1815
1306
1818
1819
796
1310
1824
290
1827
1317
293
1829
1319
1831
299
1835
814
1326
1328
816
307
819
311
312
1339
320
1344
832
836
326
1350
839
327
843
845
1358
335
1361
340
857
1369
345
860
1373
1374
353
355
1379
1382
871
1385
1386
1387
878
366
879
1393
881
1403
381
897
1411
388
390
1417
1419
395
396
397
910
911
912
913
1426
919
409
1434
1436
926
417
1441
421
422
428
430
942
949
438
1462
955
448
450
451
963
453
454
1479
456
969
458
971
460
1485
463
464
977
465
469
1500
481
1505
1508
487
1511
1515
1004
1523
503
1529
1019
1531
1532
1020
1021
510
1023
4
116
90
122
159
