260
515
516
1028
517
520
1032
1544
1545
1546
1553
530
1042
19
1556
532
22
1560
1562
27
542
1055
35
1060
548
1573
38
1063
553
555
44
45
1582
558
1071
50
1587
566
54
1079
568
57
1083
1084
577
581
70
583
1095
585
1098
76
1100
1615
1106
594
1619
595
1620
596
1113
1114
1627
607
1119
96
613
1641
105
107
620
109
1133
624
1649
1653
1142
119
632
1657
635
640
1156
132
1669
136
138
142
657
1682
1685
662
1689
665
1691
157
672
673
161
1189
1702
1195
683
1709
1712
690
180
1717
695
1722
1211
191
704
1729
194
1731
1223
712
1225
714
202
717
1742
719
209
1746
1756
1758
222
1763
227
740
1766
238
1774
755
1268
759
248
1273
761
1274
763
253
1279
1284
774
262
1798
1286
265
1290
1293
782
783
1807
1296
1809
1810
1818
287
1312
1826
803
804
1829
1830
295
297
810
1323
1839
1330
822
311
828
1342
319
833
834
1347
324
329
330
1355
845
336
1361
850
856
858
1370
352
1377
867
869
359
1384
1386
364
878
1391
880
881
370
885
1399
1401
891
383
898
1415
904
905
396
1422
910
1426
1431
1433
1435
926
415
929
1441
421
935
433
1458
438
955
960
1473
1474
963
1478
967
969
457
458
973
1490
1492
980
472
475
1499
1501
1503
1504
993
995
484
1512
1519
1008
498
1524
1525
1018
1023
4
66
41
43
124
