514
0
1027
9
1034
11
1037
1046
1048
1050
27
1052
1055
1056
1058
1059
1060
36
39
40
1064
42
44
45
1072
50
1074
1075
58
59
60
1084
63
65
66
1091
1093
72
1098
76
1103
1106
84
85
1111
92
1118
94
96
97
98
1122
1124
1125
101
1128
104
1130
106
1136
112
113
1138
1139
116
1141
1145
124
127
128
134
1159
1160
136
138
139
1166
143
1170
1171
147
1173
149
1174
151
1176
154
1183
1184
161
162
1187
164
165
1189
1190
166
1192
168
1193
170
1197
1198
178
1202
181
1205
1209
187
1211
189
1213
1214
1215
191
1216
193
1218
195
1220
196
1221
1222
206
1235
212
1237
1238
1239
215
219
221
1252
231
239
1264
240
242
245
1269
1270
1271
248
1274
1278
254
255
1281
1282
1284
1289
1291
268
1293
1296
273
274
1300
1302
1303
1305
282
1309
1312
1316
295
296
1325
1326
303
1331
308
1334
311
312
314
1339
1342
1344
322
1349
327
1352
1359
1361
338
340
1364
345
1370
1372
1373
1378
355
1379
356
1382
1383
1385
1386
1387
363
1388
1389
366
1392
1393
372
375
377
1401
378
1403
380
1406
383
384
385
1410
387
1414
391
392
1417
1419
395
396
1425
1426
409
410
1434
411
1436
417
1441
1445
421
1451
427
1455
434
1458
435
1463
442
1470
446
448
1474
450
453
455
1479
458
1482
1484
1485
1487
465
1491
467
468
469
470
1498
476
478
481
1505
1508
484
487
1511
1512
491
497
1522
1523
1524
1525
503
1529
507
1531
509
510
511
514
515
518
521
1546
1547
525
1551
527
1552
1553
1556
533
1557
1558
534
1559
536
538
1562
539
1563
1564
540
543
545
1571
1573
549
1574
551
553
554
555
1582
1585
561
1587
1588
564
565
567
1593
1594
1595
571
1599
1605
1612
589
1618
595
1620
597
600
1627
605
606
607
1632
1637
1638
620
623
1648
628
1655
631
632
635
1659
637
1665
1666
644
1669
650
653
1678
656
1680
1681
658
661
663
1691
670
671
672
676
1702
679
1704
681
1706
1708
1710
687
690
1716
693
695
1721
697
1722
1725
1728
1730
707
1731
708
1732
1736
1742
718
719
1744
721
725
726
1753
1756
734
1758
1759
736
1761
738
739
741
1765
1768
748
1774
751
1776
752
1779
757
1782
766
1792
1795
772
1797
774
1799
1801
777
778
780
782
1807
784
1808
789
1815
1816
1818
1824
1827
803
1829
1830
1832
810
1835
814
815
820
828
834
836
841
843
845
847
850
858
865
870
875
878
879
881
882
885
891
897
898
901
902
909
910
912
913
915
917
919
920
923
925
926
929
940
942
945
946
949
955
956
963
964
969
973
975
977
984
985
988
995
998
1007
1008
1014
1021
1023
14
163
99
67
39
72
141
47
81
19
54
122
60
125
94
