152
514
1797
774
1799
9
1034
1547
268
525
782
527
1807
1296
533
1302
23
1815
1048
1562
1818
1050
1563
1052
1309
1824
1827
1060
1829
39
40
553
44
1325
1326
561
1585
1074
1588
565
311
1593
1339
1084
63
836
327
843
76
845
340
84
85
1111
345
92
1373
607
1379
356
1125
1637
1638
870
1382
104
1387
875
620
366
879
881
370
377
637
127
128
897
1666
644
136
139
396
910
143
656
912
913
1681
658
1426
915
147
919
409
410
1691
1436
926
670
672
1441
1189
421
1190
1193
170
1451
1708
1452
1197
942
1716
949
1721
1722
1211
955
1470
191
963
1731
707
708
196
1221
1479
969
458
1485
718
1491
469
1237
985
734
1759
481
1505
738
739
1508
1765
231
1511
1523
757
1269
1271
1529
1531
1021
254
2
122
125
