153
515
1795
1284
1797
9
1034
11
1547
268
525
1039
527
1556
533
790
1302
1303
538
795
540
1052
1821
1309
286
800
1824
1059
803
1827
39
808
1579
1325
1070
47
1074
1588
565
566
1334
568
1593
1594
1339
827
573
63
1088
1345
1350
840
1102
1106
850
1620
340
84
1111
93
1631
355
1636
356
1124
1125
1637
358
1638
870
104
1386
1387
875
366
1136
1393
1141
1145
377
1659
1403
637
127
640
128
386
1666
644
391
395
139
1166
1167
143
1680
656
913
658
915
410
1442
676
165
1190
679
1193
170
1451
1452
176
944
1716
949
183
695
1721
1466
445
1470
1474
1732
708
1221
1736
968
1485
1742
1743
1746
1235
1491
469
1238
985
1245
734
481
738
739
1508
229
1512
745
1005
1776
1264
1523
757
1269
1017
1529
1021
254
2
37
125
