374
0
1024
2
3
515
1030
2054
6
1543
2057
10
524
15
2065
529
1043
26
545
1570
547
548
1060
1573
1061
37
39
1065
1578
1068
44
45
1581
558
47
1585
564
1078
1079
567
1081
1595
1084
573
1085
1086
1600
67
68
581
1605
1093
70
1608
72
1096
585
74
1098
1611
587
1100
77
1104
81
1106
1619
1108
84
87
600
1112
1624
1625
1113
1626
602
1114
604
92
93
1630
606
96
1121
1636
1637
102
1639
104
105
617
1129
618
1132
108
109
113
115
119
1145
634
635
124
1148
1661
1150
1663
1152
1665
132
645
134
1671
136
137
649
650
140
142
654
1168
656
1680
657
149
1686
1176
665
1690
668
1693
671
1696
160
1185
161
674
1699
1702
1192
170
1196
172
173
174
688
177
178
183
1720
1721
699
1726
702
1727
706
709
711
712
200
1737
716
1743
1745
209
1746
1747
723
212
725
1237
726
727
1751
1243
1245
222
224
225
1763
227
1253
1769
745
746
1773
751
1775
1778
754
755
1270
250
1274
767
256
1792
768
1793
772
773
1797
1285
1288
1289
1291
1805
1293
271
784
1296
787
1811
277
790
1303
281
1818
1307
1310
287
1313
290
1830
296
1833
811
299
1324
1837
1838
1327
1330
1331
309
1333
1335
313
1853
830
1855
832
1858
1860
324
1348
325
1350
326
1868
1356
332
333
1872
849
1364
1876
1365
853
1878
1367
1879
1884
1373
863
352
1891
868
1381
870
874
363
875
1900
1389
1901
1392
1393
1394
371
372
1910
1402
1915
383
1408
897
1922
1411
1412
1925
1927
903
905
1929
395
1931
1933
1934
401
1428
916
407
1431
1944
408
1945
409
1946
1435
1437
1440
417
932
1956
1444
933
421
1446
1447
1960
1452
1454
942
944
434
948
439
1464
954
1980
956
1469
446
958
1471
1472
448
962
450
964
453
1477
457
458
974
465
1491
2003
467
980
477
479
480
481
1511
2023
2025
1002
2027
2029
1006
1009
498
2036
1527
2039
504
1017
2042
506
1530
1532
1021
30
2
4
5
135
136
9
75
76
78
80
144
146
19
83
149
152
89
154
26
158
94
37
103
107
44
47
55
56
122
60
