294
1025
515
3
2052
6
2056
1544
1545
2058
1034
523
15
2065
1043
532
543
544
545
547
548
1060
1061
1066
1578
44
558
50
564
54
56
1080
1081
1082
571
1595
1085
573
1086
1600
1089
67
1604
580
68
70
583
1095
1608
73
1098
74
1611
587
77
589
1616
81
1108
1621
87
1624
600
1114
602
1628
604
1116
1630
96
98
611
99
1123
1636
614
617
105
618
107
108
1644
1132
1136
113
627
629
1143
1145
634
635
1661
1154
131
645
134
1671
1672
1160
650
1676
142
1168
657
1172
1684
665
667
1693
670
1183
160
1192
170
1707
1717
183
186
699
1212
1730
707
1220
197
709
1222
1735
711
200
1736
1737
202
716
204
1745
722
723
727
1243
1756
222
224
739
230
1767
745
1769
1775
241
244
1792
1281
1795
772
1285
773
776
1289
1803
1291
1294
1811
1299
1812
1813
789
790
1303
1818
1822
1313
1830
299
811
1324
1838
1330
309
1334
823
1338
1339
1855
1344
1857
1860
325
1350
326
1351
843
331
1868
1356
1872
1360
338
852
340
1365
1878
1879
343
1368
859
860
863
1890
868
357
361
1897
362
363
876
367
369
1907
372
885
1397
1400
1404
897
1922
1411
1412
1926
1927
395
1422
1939
1427
1428
1943
1944
1946
1435
412
1437
1441
417
1444
932
934
1446
1959
1960
1963
1452
1454
431
944
947
1459
439
440
954
443
1467
1469
1471
448
960
1986
452
456
969
458
972
461
974
467
980
2005
476
480
2016
2018
483
2023
488
2025
1513
1002
491
2027
1009
498
1525
1526
1527
506
507
1532
19
32
96
65
67
100
5
71
44
76
111
144
51
148
55
119
56
122
27
28
