248
1025
1538
2
3
515
1029
1030
6
1545
1034
522
1550
15
1043
544
33
547
548
1060
36
1577
1578
1066
45
558
1070
1589
54
1080
1595
571
1085
1086
1600
1089
579
1603
580
68
581
70
1095
1608
74
1098
587
589
81
1108
87
1112
1624
1114
604
1116
1120
98
99
1123
611
1636
614
618
107
1132
1136
627
1143
1145
634
1152
131
1668
645
1671
1672
1160
138
650
142
657
1172
1684
1687
667
1693
670
160
162
170
1707
173
178
695
699
1730
707
1220
1735
711
200
716
204
722
723
727
1752
218
730
1243
222
224
230
1767
1769
241
754
244
250
766
1792
1281
1795
772
1285
1289
1803
268
1294
1809
1812
1813
277
789
790
1303
793
1818
1307
1820
1313
1314
805
1830
1318
300
1838
1329
1330
1331
309
1334
823
1339
316
1855
1344
1860
1349
837
325
1350
326
1351
328
843
331
332
1359
1872
1360
1361
852
1877
1879
859
860
1884
352
1897
362
1388
876
1901
367
880
370
1907
372
1908
1397
887
1408
897
1922
1411
1412
1926
1927
1420
397
1422
914
1939
1428
1944
1435
412
415
417
1442
1444
1956
933
941
942
1454
434
953
954
1469
1471
456
969
458
461
462
1998
467
980
2016
480
2018
483
2023
488
1513
2025
1001
1002
1525
2038
1526
1527
506
507
1532
509
15
96
32
100
71
43
76
111
83
51
148
119
56
93
158
94
