338
2049
2
1538
3
515
6
1032
1545
2062
1550
15
2065
1043
544
545
1570
547
548
1060
1061
1577
1066
1578
44
1581
558
1070
559
1585
54
56
1082
571
1595
572
573
1085
1086
1600
1089
1601
66
1602
67
579
68
580
1604
1605
581
1093
70
1606
1095
1096
1608
73
74
1098
587
589
81
1617
1108
87
1624
600
1625
1114
604
92
93
606
96
98
1122
611
99
1123
1636
614
102
1639
1129
105
617
618
107
1132
1644
1133
622
1136
113
627
115
1143
120
1656
1145
634
635
124
637
126
1668
132
645
646
1671
649
650
142
1680
1168
657
146
1172
149
1687
665
1690
667
1693
670
1185
674
164
1702
1703
1192
170
1707
173
174
1712
177
695
1721
1722
1210
699
192
704
194
709
1222
711
712
200
714
716
204
1745
722
723
727
1243
1245
222
224
225
1763
1251
1769
745
1773
1775
241
242
1781
1792
1794
1797
773
1799
776
1289
1803
1291
782
787
1813
277
790
1303
281
1818
1307
1822
1310
1313
290
806
1830
807
1833
1322
811
1324
300
1837
1838
1841
1330
1331
307
1333
309
1334
1848
1339
830
1855
1343
1856
1344
1860
325
1350
326
1352
843
1868
1356
1872
849
1361
338
852
1876
1365
1879
859
1373
863
1890
1891
868
361
874
1900
876
879
1392
370
372
1402
383
1408
897
1924
1412
1413
1926
1927
1417
395
1931
1420
1422
914
1939
916
1428
1944
1435
1437
415
927
417
1441
932
1444
1956
933
934
935
1447
1960
1450
428
941
1454
942
434
1459
948
1974
439
953
954
1978
1467
1980
1469
1471
448
962
1987
969
457
458
1483
974
464
2001
467
980
1493
982
477
1502
2014
480
2018
1509
2023
2025
1001
2026
1002
1009
2033
498
2036
1012
1525
1013
502
1527
504
1017
1530
2042
506
1532
1020
22
96
0
34
5
37
135
8
41
76
44
79
146
114
83
149
119
56
122
90
93
94
127
