240
1025
2
3
2051
6
522
523
1043
1052
31
545
547
548
1061
44
558
1070
1071
1585
50
54
1595
571
1085
1086
1600
1601
578
67
579
1604
68
580
1605
581
70
1606
1608
587
81
1105
1108
87
1624
92
604
1116
605
99
611
1639
107
1132
1644
1133
622
1650
627
1143
124
637
645
138
142
1679
1680
1168
146
1172
149
665
1693
670
160
170
173
1207
1721
1210
699
703
1727
1730
1732
709
1735
711
712
1224
200
716
1745
722
727
1752
1242
1243
732
222
224
745
1769
234
1273
1792
773
265
1803
782
1810
787
1812
1813
790
1303
793
1820
1822
805
1830
1318
299
811
1324
1838
307
1331
309
1333
1334
823
1336
1852
1341
830
1855
1344
1856
1860
325
1349
837
326
1351
1352
328
1867
1868
849
1876
852
1877
1879
855
860
1379
867
868
1385
874
1900
1388
876
880
1392
372
1909
887
891
379
380
1408
897
1922
899
1412
1926
1927
1418
395
1426
1939
916
1428
1944
922
1437
415
417
1442
1443
1956
420
932
933
423
1960
936
942
1454
943
434
436
439
954
1471
960
962
964
456
969
458
461
464
980
982
477
480
2016
1505
2018
1506
483
2023
999
488
2025
1002
493
497
2036
1525
1013
1527
1530
506
1532
1020
509
2047
15
32
97
98
37
71
135
43
81
114
83
21
117
119
25
94
