257
1536
1025
1538
515
3
6
1545
1034
2058
1550
15
2065
1555
1043
532
1052
544
33
545
547
548
36
1061
1575
1577
1066
1578
44
1581
558
47
561
50
56
1082
1595
573
1086
1089
1602
68
1095
584
1608
585
1098
74
587
589
81
1105
1108
1624
600
1114
604
96
1120
98
1122
1123
99
1636
614
1639
105
617
618
619
108
1132
1133
1136
113
627
1145
634
635
636
645
646
1671
1672
1161
650
142
1168
1172
1684
1687
665
1693
670
671
160
1192
170
1194
174
687
1207
1721
1723
699
703
1730
1732
1220
1735
711
200
712
716
204
206
1745
722
723
725
727
1240
1752
1243
222
224
1767
743
1768
1769
745
746
241
1781
1792
1281
772
1797
773
1798
776
1289
1291
273
1809
1810
1813
789
790
1303
1818
1822
1313
1830
299
811
1324
300
1838
816
823
1339
1341
1855
1856
1860
1349
837
325
1350
1351
328
331
1867
843
1868
1872
1365
343
1879
859
860
1373
863
1891
867
868
362
367
883
372
887
379
1924
1412
1927
395
1931
397
912
1427
1428
1944
412
1437
417
932
421
933
1447
1960
938
428
1452
941
1454
439
953
954
1469
1470
1471
448
962
456
969
458
461
974
463
467
980
2005
1493
1501
480
2016
993
2017
1506
2023
488
2025
1001
2026
1002
1517
493
1009
498
2036
1525
2038
2039
1527
2042
1532
509
17
32
96
0
129
71
43
44
76
111
53
21
86
56
153
122
91
93
