305
1025
1026
1538
515
3
1029
6
522
1034
2062
15
529
1043
2067
544
545
33
547
548
36
1060
1061
37
1066
44
558
1585
564
54
1590
1081
571
1595
572
1085
573
1086
1600
64
578
67
68
580
1604
1093
1605
70
1095
1608
1096
73
587
589
1103
81
1617
1108
87
1624
604
92
605
1630
98
1122
611
99
1123
1636
614
1639
617
618
107
1644
108
1132
1133
622
1136
627
1140
1145
634
124
125
1661
1662
645
134
1671
1672
138
142
1168
1680
1171
1172
149
1176
665
667
1693
670
160
161
1192
170
174
1204
1717
1206
695
1721
1210
699
1723
1212
1727
1216
192
194
706
707
1220
709
1735
711
200
712
1224
1737
714
716
204
1745
722
1747
723
727
1751
1755
222
224
736
225
739
1767
1769
748
1775
241
753
1781
765
1792
1281
258
1795
1285
1797
773
776
265
1803
787
789
1813
790
1303
793
1818
1313
1830
809
811
1838
1841
1330
820
1333
309
1334
1848
1336
825
316
1340
1853
1855
1344
832
1856
1860
1349
837
325
326
328
331
843
1868
849
1875
852
340
1876
1877
1878
1879
859
860
1887
353
868
870
873
361
874
362
363
1388
876
1900
879
880
372
887
1912
1916
380
895
1922
1411
1412
1926
1929
395
1422
913
1426
1939
1428
916
1944
408
1945
1946
1435
412
1437
414
415
417
1443
932
1444
933
1446
1447
935
1960
1963
1452
1454
1974
439
440
953
954
1469
1471
960
1986
964
969
458
1483
980
1493
477
480
481
2018
2023
999
2025
1513
2026
1002
493
1006
2033
1013
2038
1527
2042
506
1530
507
1532
1533
1021
509
1535
21
96
0
66
101
37
71
135
104
43
111
144
81
147
19
119
56
152
59
95
63
127
