357
2
3
515
1030
6
1542
522
2059
15
1041
531
1043
2067
24
1052
543
544
1570
547
548
1060
1061
551
1577
1578
1066
44
45
558
1585
50
54
55
56
571
59
1595
572
1085
573
1086
1600
578
67
68
580
581
70
1606
1095
1608
585
73
1098
74
587
1611
589
77
1103
81
1617
1105
1108
86
87
1624
1112
1114
1628
1116
604
605
93
99
611
1636
1125
614
102
1639
1129
617
618
107
1644
108
1132
1133
622
1135
1136
627
629
1143
1655
631
1656
1145
634
1660
124
1152
132
1668
645
134
646
1671
142
1679
1168
656
657
1170
1172
149
665
1689
1690
1693
670
671
160
161
1703
1192
170
1707
173
174
177
178
1206
1207
695
696
1721
1210
699
1723
703
1727
1730
194
1732
709
711
1224
200
712
714
1738
716
204
206
1745
722
723
1747
727
1751
218
1242
1243
732
222
224
739
1763
229
1768
1769
233
745
1775
239
754
755
245
1272
250
1791
1792
1793
772
1285
773
776
1289
1803
267
268
1810
787
1812
789
277
790
1303
1818
1820
1313
290
803
1830
806
1320
299
1324
1838
303
1329
1330
1331
1333
309
1334
1336
1848
1341
1342
830
1855
1344
1860
325
326
1350
1351
327
1353
1867
843
1868
332
1356
334
1872
849
1361
852
1878
1879
1880
859
1884
352
353
1890
867
870
361
874
363
876
1900
1901
879
370
883
372
1396
1909
887
380
1408
897
1411
1924
1412
1926
1927
1929
1418
395
1422
911
1426
1939
916
1428
1944
1945
1434
1435
412
1437
1438
415
1441
417
1442
1443
1956
932
1444
933
934
1958
1447
935
1960
424
426
1454
942
943
434
1459
1974
439
953
954
1467
1981
1469
959
1471
962
1986
964
969
458
1483
467
980
476
1503
2015
2016
480
481
2018
1506
483
2023
1511
488
2025
2026
1002
493
1009
1010
1011
2036
1012
1525
1013
1527
1016
2040
1017
506
1532
509
22
32
131
5
135
104
8
105
108
76
79
81
146
83
148
117
21
119
56
152
94
158
127
