253
1025
2
515
3
6
11
15
2063
1043
2067
1052
544
545
547
548
1061
550
552
1066
44
1070
1071
1585
561
56
569
1082
570
1595
573
1085
1086
1599
578
581
1606
1608
73
1611
587
1103
81
1105
1108
87
1625
604
96
99
611
1636
1639
615
617
105
1132
1644
1133
1650
634
1660
124
637
1154
132
645
1673
649
142
1680
1168
656
146
1172
149
665
1689
1178
1693
670
160
1185
161
674
1702
1703
170
173
687
1207
1721
699
1726
1727
703
707
1732
197
709
1735
712
202
1738
204
716
1745
722
727
1754
732
1245
222
224
225
745
1769
234
1773
755
1272
1792
1281
1797
773
776
1803
782
1810
789
1813
277
790
1818
1819
1820
1822
1310
287
1828
805
1829
1830
1318
807
1320
299
811
1324
1838
303
1331
309
1341
1342
830
1855
1857
1860
325
1350
326
327
1352
1867
1868
849
340
1876
1879
1880
1882
1371
860
866
1379
868
363
1900
1906
372
887
379
891
380
383
1408
897
899
387
1412
1924
1927
1417
395
911
1425
1426
1428
408
1944
1945
412
1437
927
1952
417
1442
1443
1444
932
1956
420
421
933
1960
936
1452
942
1454
943
434
436
439
954
1470
1471
960
962
451
457
969
458
1492
980
470
477
1502
2014
2015
480
481
1506
2023
999
2025
1002
493
2035
2036
1527
506
1532
1021
16
98
131
71
135
8
106
44
142
81
114
83
21
149
152
91
94
