300
1025
2
1538
515
3
2052
1541
6
2056
523
1550
2062
14
1043
532
534
1565
544
545
1570
547
548
1061
37
550
39
1066
44
1581
47
1585
50
564
56
1080
1081
1595
1085
1086
575
576
1600
67
68
1605
1093
1608
585
587
1611
1100
77
1617
1108
85
87
1625
604
92
1630
606
1120
96
99
1636
1637
102
1639
105
618
1131
108
1132
631
1145
634
124
1660
1661
1665
131
132
645
134
1671
649
142
1679
1168
1680
146
1171
1172
149
1686
1687
665
1689
1691
670
160
1185
674
1702
173
174
1712
1714
179
695
183
1721
186
699
1212
701
702
1727
1216
1730
709
197
1735
712
1224
1737
1738
716
1745
209
727
1239
1752
1245
222
224
1251
739
230
1769
745
234
1773
751
1272
1792
768
1281
1795
1797
1285
773
265
1803
1294
782
1809
787
1299
1812
1813
790
1303
1818
1820
1310
1822
1825
1313
1827
1316
805
1830
1318
809
299
1324
300
1837
301
1838
1841
1330
307
309
823
1848
1853
1855
1856
1860
1348
325
1350
326
1351
1868
1360
849
1361
340
1876
1878
854
1880
856
1371
860
1373
865
1891
868
359
361
1385
363
1900
1392
1907
372
885
1397
379
1403
1404
1916
893
383
895
1408
897
1922
1411
1412
902
1927
395
1936
403
1428
916
405
1944
408
409
923
1437
417
1956
933
1446
1959
935
1960
1451
1452
428
941
1454
942
947
1974
439
953
954
443
1471
960
1986
1987
964
456
457
969
458
1997
980
469
1503
480
2016
998
488
1002
1006
1009
2033
1011
2036
1525
1527
1016
2042
506
1530
1531
1532
2044
1021
2047
21
32
65
131
4
100
37
71
135
39
75
139
44
144
83
149
55
56
93
157
127
95
