241
1025
2
3
1030
6
2059
15
2065
1043
2067
532
548
550
39
1578
45
558
1585
50
56
569
1595
1086
578
579
68
581
70
1095
1608
74
1098
587
1611
1100
81
1619
1108
87
1112
1624
600
1114
604
96
1121
99
611
1636
1125
1637
102
1639
105
617
1132
1644
1135
113
119
1143
1656
633
634
635
124
1660
1152
1668
132
136
650
142
1679
1168
1170
1684
1172
149
1686
665
1690
156
1693
670
160
674
1702
1703
170
173
1710
178
691
1715
1716
1720
696
1721
699
703
1730
709
711
1735
200
1224
1738
716
1745
723
1748
727
218
1243
222
224
1769
745
234
1272
250
1792
1281
773
1798
1289
1803
1292
1807
1812
1813
277
789
790
1818
1819
1307
1820
1822
1314
1830
1318
807
1324
1838
1329
819
1331
309
823
1335
830
1342
1855
1860
1348
325
1350
326
1351
332
1356
1872
849
1365
1880
860
1884
1373
863
352
1900
1901
1396
1909
1910
379
380
383
1408
897
1412
1927
1417
1418
1426
1428
1944
408
409
1434
1435
412
1437
417
1441
1442
1443
1956
932
933
1446
1960
1454
942
434
946
1974
439
1978
446
1471
448
962
456
969
458
461
974
464
467
980
2014
2015
479
480
2016
2023
1511
2025
1002
493
498
1011
2035
1525
1527
506
1532
2047
14
32
131
4
5
135
71
8
44
76
81
83
122
158
94
