226
1025
2
1538
3
2052
6
1545
1034
15
1043
532
1046
544
545
547
548
44
558
1585
50
564
56
1595
572
573
1600
1089
1603
1604
68
1605
1093
1095
1096
1608
74
587
77
1108
87
600
1625
92
605
606
96
98
99
1123
1636
102
614
1639
617
105
618
108
1132
1137
1143
1656
1145
634
124
1668
132
1156
645
646
1671
1672
649
650
141
142
1680
1168
1170
1684
1172
149
665
1693
670
160
1185
674
1703
170
173
183
1721
186
699
1730
707
1220
1735
200
712
204
716
1745
723
1748
727
1752
218
1755
1245
222
224
1251
745
1769
1773
241
1792
1281
258
772
1285
775
265
274
787
1812
789
1813
790
1303
1818
1820
1822
1310
805
1830
1318
807
1324
1837
301
1838
1330
309
823
316
1855
1856
1857
1860
325
1350
1351
331
1359
1872
1876
343
859
860
1385
362
874
363
367
1392
369
372
1400
1912
379
383
1408
897
1412
1927
1417
1418
395
1422
916
1428
1944
412
924
1437
1438
417
1956
932
933
1960
1452
942
1454
947
948
439
954
1978
1471
1991
456
969
457
458
461
1998
465
980
2014
1504
2016
480
2023
2026
1002
2036
1525
1527
504
1530
506
1532
1021
14
96
32
37
71
8
44
76
15
111
83
149
55
56
63
