240
1025
2
3
515
6
523
15
2065
1043
532
543
544
545
547
548
1061
39
1578
44
1581
558
1585
50
54
56
1082
1595
571
1086
1600
67
1091
68
580
1605
1093
70
1096
1608
74
1098
1611
587
1100
77
81
594
1108
1624
600
1114
91
92
604
606
96
1121
611
1636
1637
1639
105
617
107
619
1132
113
627
115
633
634
635
124
645
134
649
142
1679
1168
1680
146
1171
1172
149
1685
1686
665
1690
667
1693
671
160
674
1702
170
173
1710
687
1715
1721
1210
699
704
1730
709
1222
1735
711
200
712
716
207
1745
722
723
1748
727
1243
222
224
739
1251
745
1769
1792
1281
772
773
1285
1798
265
1289
1291
1292
1807
787
1813
790
1303
1818
1820
1822
1830
1318
299
1324
1330
819
307
1334
823
1853
1855
1344
1348
1860
325
1350
1351
1356
1868
1872
849
852
340
1365
1879
856
1882
860
1373
863
868
361
873
1385
1900
370
1404
383
1408
1412
1924
1926
1927
395
1425
1939
916
1428
1944
408
409
1435
1437
417
1443
932
1956
933
1446
934
1960
1452
1454
942
1967
948
1974
439
1977
954
1467
443
1469
1470
1471
960
448
964
456
969
458
461
974
467
980
480
2016
2018
2023
1002
1009
1011
1525
1527
504
1530
1532
2047
15
32
65
33
4
5
37
71
135
44
76
109
83
119
122
91
