191
1792
1281
1538
2
3
515
773
1285
6
779
1803
1550
15
1809
1043
277
1813
789
790
1303
1818
1307
544
547
1318
1830
44
1324
300
1838
558
1327
1585
1330
1331
309
54
1334
56
571
1595
316
1086
830
1855
1344
1856
1088
1600
67
68
580
1860
1605
581
325
70
326
1350
1095
1608
585
587
1611
1868
849
81
1361
1876
852
1108
1879
87
1624
604
92
860
93
350
1120
98
611
99
1636
1381
1639
107
1900
1132
1644
1392
370
627
1143
1656
633
634
124
1408
897
1668
1412
1926
1927
1417
395
142
1680
1168
1425
1170
914
1939
916
1428
1172
149
1687
1944
665
1435
667
412
1437
1693
670
415
160
417
1441
1444
932
1956
933
934
1703
1960
170
173
941
1454
942
687
434
1974
695
439
1721
1978
1467
699
1726
1471
709
711
1735
712
200
969
458
716
204
464
1745
722
980
215
727
2014
222
224
480
2018
2023
488
745
2025
1769
1001
1002
746
234
490
241
1527
1530
506
507
1020
1532
1021
12
96
83
37
5
119
135
71
8
154
93
94
14
