306
2049
1025
515
3
2052
6
1030
1034
11
523
15
1043
539
27
542
31
544
545
547
548
1060
552
1066
1578
44
45
558
1585
564
54
55
1082
571
1595
1085
1086
1599
67
1603
580
68
1604
1605
70
1606
1095
1608
584
585
1098
587
1611
1100
77
589
1614
81
1619
1108
87
1624
1112
1114
604
1116
605
1122
611
1636
614
618
107
1643
1644
1132
622
1647
1136
1650
627
1140
1145
633
634
124
1152
1666
1668
1156
645
134
1671
1672
1160
1673
650
139
142
1168
1172
1684
665
667
1693
160
1192
170
173
687
178
1716
1720
1721
1210
698
699
1214
1731
1220
709
1735
711
712
200
716
1745
209
1233
722
723
1748
212
727
1242
1243
220
222
224
225
227
739
1252
1769
745
746
234
1775
754
244
1781
250
766
1792
1281
1795
772
1797
773
1285
264
1289
782
1809
1811
787
1813
789
277
790
1303
1818
1820
1822
1313
805
1830
808
811
299
1324
1838
1329
1330
820
1333
309
1334
1339
1852
1855
1344
1857
325
331
1868
334
1359
1361
849
852
340
1876
1878
1879
855
859
860
1884
352
1890
866
1379
868
1897
362
874
876
1900
1901
369
372
891
383
1408
897
1922
899
1924
1412
1926
1927
394
395
1422
401
1939
916
1428
1944
1435
412
1437
1438
927
415
417
1444
932
1956
420
421
933
934
1447
423
936
1960
1963
1452
941
942
1454
944
947
1974
439
953
954
1467
956
1469
1470
1471
960
1986
451
964
969
458
461
1997
1999
467
980
1493
470
982
480
1505
2018
483
998
1511
2023
488
1513
489
2026
1002
1009
2033
1527
2040
506
1532
1021
17
0
98
5
71
135
39
142
111
83
51
117
119
55
56
25
91
158
