247
1025
2
3
2051
6
1545
2058
1034
15
2065
1043
532
544
33
547
548
1572
36
1578
558
1585
50
564
56
1595
1085
1086
1600
1089
1602
579
68
581
1605
1095
1096
1608
74
587
1100
81
1108
87
1624
1625
1114
604
92
606
96
98
99
1123
1636
102
614
1639
105
617
618
619
1131
1132
113
627
1143
1656
1145
634
124
1152
132
645
134
1671
1672
649
650
142
1680
1168
1170
1684
1172
149
665
668
157
1693
670
160
1185
1703
170
183
1721
186
699
1730
1220
1735
711
712
200
716
204
1745
1746
723
727
1752
218
1243
1245
222
1247
224
1251
1767
1769
1773
241
1792
1281
772
773
775
1289
1291
1807
274
787
1812
789
1813
277
790
1303
1818
1307
1310
1822
1313
1830
1318
807
1324
1837
301
1838
1331
309
1845
823
830
1855
1860
837
1349
325
1350
1351
328
331
843
1356
1872
1876
1365
1879
343
859
860
863
352
866
1379
1380
1385
362
367
1392
372
887
1400
891
379
383
897
1412
1927
1417
1418
395
397
1427
916
1428
1944
412
1437
417
1442
1444
932
933
936
1960
938
941
1454
434
948
439
954
1469
1471
448
962
456
457
969
458
461
1997
974
1998
467
980
2014
480
2016
998
2023
488
2025
1517
498
2036
1525
2038
504
506
1530
1532
1021
509
16
32
96
98
37
71
39
8
43
44
76
111
149
55
56
122
94
