186
1792
1281
2
3
773
6
1030
1289
1034
522
15
1809
1043
1812
532
789
1813
790
1303
793
1818
33
545
547
1061
1830
1318
1066
1578
811
45
1838
558
1585
1329
1331
309
54
1334
823
55
1082
571
1595
1339
1086
1855
1344
579
68
580
1860
325
1349
581
70
326
1095
1351
1608
331
587
1356
1868
332
849
81
1106
1619
1108
852
1877
1879
87
1112
1624
1114
860
604
1884
1122
611
868
1125
102
1639
362
107
1132
1900
1388
876
1901
622
1135
880
1136
627
379
124
1152
897
1412
132
1926
1927
1672
649
138
397
142
1679
1168
1939
1684
1428
1172
149
1944
665
412
1437
670
415
160
417
1185
932
1444
933
1447
1960
1454
178
434
439
1721
954
1467
699
445
1214
1471
704
962
1730
1220
711
1735
456
969
458
716
464
1745
467
723
980
1493
727
1752
218
1245
222
480
224
2016
2018
1767
1769
745
2025
1002
234
2026
1010
754
2036
1013
1525
1781
1527
250
506
1532
509
10
32
0
149
71
119
135
43
158
94
111
