230
1025
2
3
6
1030
1034
522
15
1043
2067
532
544
1060
548
1061
1578
45
558
50
54
55
56
571
1595
1086
578
1603
67
68
581
70
1608
1098
1611
587
81
1106
1619
1108
87
1112
1624
1625
1114
604
1116
96
99
611
1636
1125
102
1639
616
105
107
1644
1132
1135
627
1143
119
634
124
1660
1152
1156
132
1668
645
1672
142
1172
1684
665
1689
1693
157
670
160
1185
674
1702
170
173
178
696
1721
699
1214
1727
703
1220
709
1222
1735
1224
1738
716
1745
723
1748
727
1242
218
732
1245
1758
222
224
1767
1769
745
1773
754
250
1792
1281
773
776
1289
1803
1812
789
1813
277
790
1818
1822
1310
1318
1830
299
1324
1838
1329
1331
309
823
1336
1342
1855
1344
325
1350
326
1351
331
1868
1356
332
1359
1361
852
343
1879
855
1880
859
1371
860
1884
1887
352
362
874
876
1901
1396
1909
379
383
1408
897
1412
1926
1927
1426
1939
916
1428
1944
1945
412
1437
415
417
1442
1443
1444
932
933
934
1960
942
1454
434
439
954
1467
1471
962
964
456
969
457
458
1998
464
467
980
1503
2015
480
2016
481
2018
2023
999
2025
1002
493
1010
1011
2036
1525
1013
1527
506
1532
13
32
131
71
44
111
81
83
117
149
119
152
94
158
