253
2
3
2051
6
1030
522
2059
15
18
2067
1043
532
539
1572
550
1578
554
556
45
558
1585
50
54
55
56
569
1595
571
1086
578
67
579
68
581
70
1608
587
1611
81
1108
87
1112
1624
1114
604
96
611
99
1125
614
102
1639
105
618
1643
107
1644
1132
1135
627
115
1143
631
119
1656
1145
633
634
1660
1152
1668
132
1671
650
142
1679
1168
1170
1684
1172
149
665
1178
667
156
1693
670
160
674
1702
1703
1195
173
1710
178
691
1716
1720
696
1721
1723
699
703
1730
709
1222
1735
711
1224
1738
716
1745
723
1748
727
218
222
229
1769
745
234
747
1775
754
1272
250
1792
1281
773
1289
1803
1812
277
1813
789
790
1818
1307
1819
1820
1822
1313
1314
1318
1830
807
1324
1838
1329
1331
819
309
1845
823
1336
1342
1855
1344
1860
325
1350
326
1351
843
332
1356
849
852
1879
1880
859
860
1884
1887
352
866
1890
1379
1900
876
1901
367
372
1396
1909
379
891
380
383
1408
897
899
1412
1926
1927
1417
1418
911
1426
1939
1428
1944
1434
1435
412
1437
417
1441
1442
1443
1956
932
420
933
934
936
1960
426
942
1454
434
1974
439
954
1978
1467
1469
1471
962
451
456
969
458
464
467
980
2014
2015
480
2016
2018
1511
2025
1002
493
2035
1011
2036
1525
1013
506
1532
2047
14
32
98
131
5
135
71
8
44
81
83
119
56
94
158
