130
1281
3
2051
773
6
1030
1034
15
18
1812
532
789
1813
277
790
1820
1822
1314
1830
1318
1578
1324
45
1838
1585
50
309
823
1595
1086
1855
1603
1860
325
1350
1351
1608
587
331
332
1359
849
1619
1108
1112
1114
604
1884
866
1379
1639
1643
1132
1900
1901
1135
634
891
124
383
1408
1152
1666
899
1156
1668
1412
1927
1672
142
1679
1168
1172
1428
1684
149
1944
1176
665
412
1437
160
417
420
1956
933
1960
936
173
1454
942
178
1716
439
1720
1721
698
699
1214
1471
1730
451
1220
1735
456
969
458
1998
1745
467
1748
1238
727
218
222
1758
480
2016
1252
1767
1769
745
1002
234
754
1527
506
250
1532
2047
8
32
98
83
19
71
135
158
111
