340
2
3
515
6
1030
1543
1032
2057
1034
2058
2060
1549
1550
15
2065
1043
531
26
544
1570
547
548
1060
1061
1573
552
1065
42
1578
44
45
558
1582
47
1584
561
564
1078
1081
1595
1084
573
1085
1086
63
576
1089
1602
1603
67
68
581
70
1095
1608
73
585
74
1098
1611
587
77
1104
1616
81
1106
1619
1108
87
600
1624
1112
1625
1114
604
1630
96
98
99
1636
100
102
614
1639
1129
105
617
618
108
1132
113
116
629
119
1143
1145
635
124
1148
127
1152
1665
1154
132
1668
645
134
1671
1672
136
137
649
650
140
654
142
1168
1176
665
1690
668
1693
670
671
160
1696
1185
161
674
1702
1192
170
173
174
688
177
178
1717
183
1720
1721
699
1726
1727
191
706
707
1220
709
1735
711
712
200
1737
202
714
716
204
1745
1746
723
1747
726
214
727
1751
1243
1756
1245
222
224
1761
1763
227
1766
745
1769
746
1773
751
241
754
250
1792
768
1793
258
772
1285
1797
773
1289
1291
271
274
787
277
789
1813
790
1303
1818
1307
1820
1822
1310
1313
290
1828
1829
1830
1832
811
299
1324
1838
1327
1330
1331
309
1333
313
1339
830
1855
1860
325
1350
326
331
1868
1356
332
1359
1872
1365
1878
1879
857
863
352
1380
1381
870
359
362
874
363
875
1901
1393
1394
371
372
885
1910
1401
1915
383
1408
897
1922
1411
1412
1927
905
1929
395
909
1423
912
401
403
1428
1431
407
1944
1945
1946
1435
412
1437
417
1441
1956
932
1444
1446
1447
1959
1960
1452
942
1454
432
434
1459
439
440
954
956
1980
1469
446
1471
448
962
964
453
969
457
458
974
465
1491
467
980
475
477
479
480
481
2023
1511
2025
1002
2027
2029
1006
1009
498
2036
1525
1527
2039
1017
506
2042
1532
1021
28
2
67
5
75
76
144
146
82
83
19
149
23
152
154
94
158
96
102
106
107
44
111
113
55
56
122
123
60
