262
1025
1538
2
515
3
1029
1030
1545
2060
1550
15
531
1043
544
545
547
548
1060
39
1577
45
1581
1070
558
47
1071
1585
50
54
56
571
1595
1085
573
1086
1600
576
1089
67
1091
68
580
581
1606
70
1095
74
1098
1611
587
1100
589
78
1106
87
1112
1625
1114
602
1116
604
1120
96
1121
98
99
611
1636
1125
102
617
105
107
1644
1132
1133
1135
1136
627
629
1143
634
1660
124
637
132
645
649
650
141
142
1168
657
1170
1172
1684
1686
1687
1689
665
1690
667
670
1185
1192
170
178
695
696
1721
703
1730
709
1735
200
1224
1738
716
204
1745
723
727
1752
218
1243
1756
1245
222
224
1249
745
1769
1773
241
754
1781
1272
250
1792
1793
772
1285
773
776
1289
1803
782
1809
274
1812
789
1813
790
1303
1818
1310
1314
1830
1318
811
300
1324
1838
1329
1331
309
1334
823
1335
1339
316
1342
1344
1348
1860
325
326
1350
1351
1352
1353
1356
1872
1876
852
342
1879
1880
859
1371
860
1373
352
1891
868
359
874
1901
367
1396
897
1411
1412
1927
395
400
914
1426
1939
1428
408
1944
409
1435
412
1437
415
1442
932
1446
934
1960
1452
941
1454
434
436
439
954
1981
1471
964
456
457
969
458
1483
461
462
467
980
477
2014
1503
2016
480
2018
2023
488
2025
1001
1002
1006
2036
1525
1013
2039
1015
1527
506
1531
1532
17
32
96
131
4
102
71
8
76
44
77
114
148
149
119
93
94
158
