292
1025
1538
2
515
3
6
1542
523
1550
2062
15
2065
1043
1046
544
545
547
548
37
1061
1577
1066
1581
1070
558
559
1585
561
564
1590
54
567
56
1081
569
1595
571
573
1085
1086
576
1088
68
1604
580
581
1608
72
73
74
1098
587
77
589
1104
593
1108
85
87
600
1624
1625
1114
604
605
1630
1120
1634
1636
612
1639
617
618
107
108
1132
1133
113
115
627
1656
1145
634
124
1661
132
1668
134
1671
649
137
140
142
1679
1168
1170
1172
149
1687
1176
665
668
160
1185
1704
170
173
1715
692
695
1721
699
1212
1726
1730
197
1735
1223
712
1737
202
716
718
1745
722
723
211
1747
1748
727
218
1243
1245
222
224
1250
739
745
1769
234
1773
1792
1281
772
1285
1797
773
776
1289
1812
1813
1301
789
277
790
1303
1818
1820
1822
1829
805
1830
1318
809
299
811
1324
300
1838
1330
1331
1333
309
1334
823
1339
830
1855
1344
1860
325
1350
1351
1352
1353
1868
1356
1872
849
1361
340
852
1365
1878
1879
860
1373
863
352
353
1891
868
870
361
873
363
1900
879
369
370
372
885
379
1404
1917
1408
897
1411
1412
1927
1929
1930
1420
1933
914
1939
1428
1944
412
924
1437
1438
927
417
1956
933
1957
1446
1959
1960
1452
941
1454
942
433
434
947
1974
439
954
443
1467
1471
448
960
1986
964
1991
456
969
457
458
461
974
464
465
2001
467
980
2005
469
1502
480
2016
1504
2018
483
997
2023
488
1001
1002
2027
1009
498
2036
1525
1013
1527
506
1531
1532
21
32
65
132
71
135
8
104
106
76
15
144
19
83
149
119
56
121
57
122
93
94
