322
2049
2
3
1029
6
522
523
15
2065
1043
31
543
544
545
33
547
548
36
1060
1061
553
1065
1066
1578
44
558
1070
1071
1585
1587
54
1080
56
1082
571
1595
1085
1086
1600
1089
1601
579
68
580
1604
581
1605
1093
70
1095
584
1608
1096
585
74
1098
587
77
589
1103
81
1108
87
1624
600
1114
602
604
92
1122
98
611
99
1123
1636
102
614
1639
1129
617
618
107
1644
1132
1133
1136
113
627
1143
1656
1145
634
635
124
637
131
132
1668
645
1671
1160
649
138
141
142
1168
1680
146
149
665
667
1693
670
671
160
1185
1703
1192
170
1707
173
174
177
1721
1210
699
1726
1727
711
712
200
716
204
1745
722
723
727
1243
1245
222
224
225
1763
1251
742
230
745
1769
746
749
1773
1775
241
242
244
1781
1788
1792
1793
1795
772
1285
773
1289
265
1803
1294
782
273
787
277
790
1303
793
1818
1307
1822
1313
290
1830
299
811
1324
1838
1327
1841
1330
1331
307
1333
309
1334
1339
316
1853
830
1855
1344
1856
1860
325
837
1349
326
1350
328
1352
843
1868
1356
334
1360
1872
849
852
1876
1877
1365
1878
1879
859
863
868
1381
1897
874
1388
876
1900
880
1392
369
370
1907
372
1397
887
1401
1403
893
1408
897
1922
1412
1926
1927
1417
395
1422
1939
1428
916
1431
1944
1435
1437
1438
415
927
417
1442
1444
1956
932
933
1447
423
1960
1450
1452
1454
942
1969
434
947
948
439
953
954
1978
1469
1471
960
448
457
969
458
462
974
464
465
978
467
980
1493
982
477
2014
480
481
2018
483
2023
2025
1513
2026
1002
1009
498
2036
1525
1526
2038
1527
1017
2042
506
1530
1532
1020
1021
509
21
0
96
100
37
135
8
42
43
76
146
114
51
115
83
149
119
56
25
154
122
94
