267
1025
2049
515
3
2052
6
1030
522
1034
11
15
1043
1555
534
542
544
545
547
548
1060
39
1575
1066
1578
44
1581
45
558
1070
564
54
1082
571
1595
1085
573
61
1086
1599
1600
67
1603
68
580
1093
1605
70
584
1608
1096
1098
587
1100
589
1613
81
1108
87
1624
1112
1114
91
92
604
611
99
1636
1639
107
1132
1644
1133
1650
627
1143
124
636
637
1152
1668
645
1160
1672
649
1673
1674
1163
139
142
1167
1680
1168
146
1172
1686
665
1690
1693
671
160
170
173
174
178
1206
183
1721
1210
699
702
1727
1220
197
709
1735
712
1224
716
207
1745
722
723
1748
212
725
727
1240
1242
1243
222
224
1249
739
1251
1767
745
1769
1770
754
244
1268
250
766
1792
1281
1795
1285
773
262
776
1289
1803
782
787
1300
789
1813
790
1303
1818
1820
805
1830
811
299
1838
1329
1330
307
309
1333
1334
1336
1337
1339
1855
1344
1856
1857
1860
325
1350
326
1352
331
843
852
1876
1879
860
1373
868
1897
362
874
1901
1909
380
383
1408
897
1412
1926
1927
395
912
1426
1939
916
1428
408
1944
409
1434
412
1437
415
417
1443
932
1956
1444
421
933
1446
1447
1960
1963
1452
942
1454
1967
439
954
956
1980
1471
960
1986
964
969
458
1483
467
980
2005
470
982
477
1501
480
993
2018
483
2023
488
1513
2025
1002
493
1013
1527
506
2042
1530
1532
1020
17
4
37
71
109
142
111
81
114
51
83
53
119
55
153
27
60
158
