307
1536
1025
2049
1538
2
515
3
2052
6
1545
1034
2058
11
1550
15
2065
1043
1555
532
27
1052
544
547
548
552
1578
1066
44
1581
558
47
564
54
56
1082
1595
571
1085
573
1086
1599
1600
1089
68
580
1605
581
1093
70
1608
584
1098
587
1100
589
1105
1108
87
1624
600
1625
1114
604
92
606
1120
96
98
1122
99
1123
611
1636
102
614
1639
105
618
107
1131
108
1132
1644
1133
113
1649
627
1143
1145
634
635
132
645
134
1671
1672
649
142
1168
1680
1172
1684
1685
1687
665
667
1693
670
1695
160
1185
170
1194
1706
1198
687
1206
695
1207
183
1721
186
1723
699
703
1730
707
1220
1732
1222
1735
200
712
716
204
206
1745
722
723
725
727
1752
1242
1245
222
224
739
743
1767
1768
745
1769
1773
1775
241
1792
1281
1285
773
1798
262
776
1289
265
1803
782
1809
274
1810
787
1811
1812
789
1813
790
1303
1818
1822
1310
1313
1830
809
299
300
1324
1837
1838
816
1330
1331
1333
309
1334
823
1341
830
1855
1344
1856
321
1857
1860
325
1350
1351
331
1867
843
1356
1361
1876
852
340
1879
343
859
860
1373
863
1891
867
362
876
367
1392
370
883
372
1400
379
897
1412
1924
1926
1927
395
912
1425
401
1426
914
1427
1939
1428
916
1944
1435
412
1437
927
415
1952
417
1443
932
421
933
1960
938
1452
941
1454
434
439
953
954
1467
956
1470
1471
448
960
1986
456
969
457
458
1997
974
1999
463
467
980
470
472
2016
480
2017
1506
2018
998
2023
488
2025
1001
1002
493
1517
1009
498
2036
1525
1527
506
1530
1532
1021
21
96
32
129
37
39
71
44
46
142
111
149
53
21
119
55
56
122
91
125
93
94
