362
1025
515
3
2052
1030
6
1034
522
1549
15
541
544
545
1570
547
1060
548
1061
37
551
1577
1066
44
1581
45
558
1585
49
1587
564
1078
1590
54
55
1081
1082
1595
571
573
1086
63
1600
1088
1089
67
1603
68
580
1093
1605
70
1095
1096
1608
584
585
74
1098
587
77
589
81
1617
1108
84
86
87
1624
1112
1114
602
92
604
605
1630
98
1122
99
1123
611
1636
1125
614
1639
617
618
619
107
108
1132
1644
1133
1136
627
1655
1143
1145
634
122
124
1661
1152
1665
1668
645
134
646
1671
1672
648
650
142
1679
1680
1168
657
1172
149
1685
1173
665
667
1693
670
671
160
1701
1192
170
1195
1197
173
174
1198
178
1717
1206
695
183
1721
186
1210
699
1723
1212
1726
1727
192
194
1730
706
707
1220
709
197
1735
200
712
1224
1737
716
204
206
1745
722
1747
723
1748
725
727
1242
1243
222
224
225
1251
739
227
741
745
1769
746
1771
749
751
241
754
1268
1781
250
1278
1792
768
1793
1281
258
772
1797
1285
773
776
1289
1803
270
1809
787
1812
1813
789
790
1303
1818
1820
1824
805
1830
1318
809
811
299
1838
1327
303
1841
1330
308
820
1333
309
1334
1848
1336
1849
825
1339
315
1853
1855
1344
321
1860
325
326
1350
843
331
1868
1359
1872
849
338
1876
852
1878
1879
859
860
1884
1373
1887
352
353
868
1381
870
361
362
363
1900
876
1901
879
367
370
372
884
1909
1401
1916
380
383
1408
897
1922
1411
1412
1924
1926
1927
1929
395
1931
1933
912
1426
1939
916
1428
917
1944
1946
1435
412
1437
414
415
416
417
1443
932
1444
933
1446
1447
1960
424
1452
1454
942
947
948
439
953
954
956
959
1471
1986
964
453
969
458
1483
461
467
980
1493
983
476
480
2016
481
2018
997
2023
488
2025
2026
1002
2027
491
493
1009
1525
2038
1527
1530
2042
506
507
1532
1021
26
0
133
71
135
75
76
143
144
81
83
154
27
158
96
32
37
104
108
46
111
53
55
119
56
126
127
