244
515
3
1540
1542
1030
522
523
15
531
1043
2067
532
541
31
1570
547
1060
1061
551
1577
1578
1066
44
45
1070
558
1585
50
1590
54
55
56
1595
571
1085
573
1086
1600
64
1604
68
580
1605
70
1096
1608
585
1098
587
81
1108
84
86
1112
1624
1625
1114
92
1116
605
606
96
1125
102
1639
105
107
108
1644
1132
1133
1135
627
634
1152
132
1668
645
648
649
142
1680
1168
657
1170
1172
1684
1173
149
665
1693
671
160
1185
674
1703
170
173
174
178
691
1206
1721
1210
1730
709
1735
712
716
1745
722
1747
723
1748
727
1752
218
1242
1243
732
1245
222
224
1249
1769
745
1773
754
250
1792
1281
773
776
265
1803
270
1809
787
1813
277
789
790
1303
1818
1820
1822
1310
805
1318
1830
299
1324
1838
1329
820
1334
823
1855
1856
1344
1860
325
1350
326
1351
1353
1868
332
1356
1361
852
342
855
1879
860
353
874
1901
369
1909
379
380
383
1408
1412
1926
1927
1929
395
1426
1939
916
1428
1944
412
1437
414
1438
417
1443
932
1956
933
423
1960
942
1454
947
439
954
1978
1467
959
1471
960
1986
962
456
969
457
458
461
467
980
982
480
2016
1505
2018
483
996
997
2023
2025
2026
1002
493
1010
2036
1525
1013
1527
1530
1532
16
32
37
101
71
104
8
108
44
143
81
83
117
149
119
25
158
