294
2
1538
3
515
6
1034
15
1555
1043
2067
1046
544
545
33
1570
547
35
548
36
1061
550
44
1070
558
1585
564
56
1081
570
1595
572
1085
573
1086
1599
1089
579
67
1603
68
581
1605
1095
1608
73
74
587
1611
1100
589
1103
81
1108
87
1624
600
604
605
1630
96
98
99
1636
614
1639
1129
617
105
618
108
1132
1133
1650
627
1143
1145
634
124
1660
1661
637
1154
132
645
134
135
1671
1672
137
649
650
1674
142
1168
146
1172
149
1176
665
1689
668
1693
670
671
1183
1695
160
674
1702
1192
170
173
174
177
1714
696
1721
699
703
707
1220
197
709
1222
711
1735
1736
712
200
1224
1737
1738
716
204
1745
723
727
1755
1243
222
224
225
1763
745
1769
241
242
1272
1789
1792
1794
772
773
1285
776
1803
782
787
1813
277
790
1303
1818
1307
795
1820
1313
290
1830
811
1324
1838
303
1331
309
1333
316
1852
1342
830
1855
1860
325
1349
837
1350
326
1352
328
331
1868
1872
849
1876
340
1878
1879
1880
1371
859
1379
868
1380
873
874
362
363
875
1900
372
887
1912
891
383
1408
897
1411
899
1412
1927
395
1422
399
1426
1428
1944
408
1945
1433
1434
1946
412
1437
927
417
1442
1444
420
932
1956
933
1446
1447
936
1960
938
941
1454
942
434
436
1974
439
954
956
1980
1469
1471
962
1986
451
457
969
458
1483
1997
975
980
982
477
1503
480
481
2018
1509
998
2023
488
2025
1002
2026
2027
491
1519
1009
2036
2038
1527
1017
506
2042
1532
1021
509
23
96
98
131
135
39
72
43
76
44
111
112
144
17
114
146
19
83
116
56
152
90
94
63
