211
1025
1538
2
3
6
523
1550
1043
544
545
33
1570
547
548
1061
550
1581
47
1585
50
1077
1595
1085
1086
575
1088
579
68
1604
581
1605
1608
587
1611
77
589
81
1108
85
87
1624
1625
604
99
102
1127
1639
105
108
1132
627
634
124
1660
1665
132
134
142
1679
1168
1172
149
1685
1687
665
1689
670
1695
160
1185
1702
170
173
174
1714
695
1721
699
1212
703
1730
709
711
1735
712
1738
716
1745
727
1752
1245
222
739
745
1769
234
751
1273
1792
768
1281
773
1803
1809
1298
1813
790
1818
1820
1822
1310
805
1830
299
300
1324
1838
1331
1333
309
823
313
1855
1860
325
1349
837
1350
1351
1868
1869
849
340
1878
1879
1880
1371
860
1891
868
361
363
1900
379
1404
383
1408
897
1922
1412
1927
395
1931
1420
1933
1428
1944
1437
927
417
1442
932
1444
1956
933
1446
1960
428
941
1454
942
434
947
439
954
443
1981
1982
1471
960
962
1986
456
457
969
458
1997
980
469
1503
480
2016
998
488
2025
1001
1002
1011
2036
1525
2039
1527
1016
2040
2042
506
1531
1532
1021
509
2047
16
32
97
65
131
135
71
39
75
43
44
49
83
149
118
93
94
