144
770
515
1027
4
1797
1290
1804
1293
527
1808
533
1306
1052
796
1054
31
543
32
1824
1570
1827
1317
39
1835
303
1584
816
48
1328
819
52
820
54
1593
1339
1597
1087
320
1602
1611
77
590
1614
1103
335
340
1111
1625
857
1630
1374
863
97
1125
1638
872
106
1387
878
366
367
1140
1142
1143
1401
1658
1403
637
381
128
1409
1666
388
644
390
903
391
1160
1417
1419
139
143
913
1171
403
1429
408
154
1183
1695
159
161
417
675
677
423
680
168
170
428
949
951
952
1720
1209
1721
448
704
193
451
1221
454
455
971
1485
1741
1742
719
211
1749
469
984
1753
217
1498
986
1754
730
1500
221
481
738
1508
1512
1256
1515
1260
240
1523
1783
248
1529
1021
766
2
76
159
