145
1280
768
774
1542
1290
1548
1293
782
1296
1560
25
1818
1562
538
1563
1310
1570
290
1060
1829
293
1319
40
553
297
1835
299
1583
816
561
1585
307
1076
1077
311
1338
577
65
836
1092
326
839
329
1610
843
76
591
1361
851
1365
1110
1114
860
1120
97
1123
1382
871
618
620
621
878
879
1136
624
1393
881
370
1139
631
897
1667
1411
390
135
136
1417
906
397
910
911
912
1426
1686
919
409
1689
154
1436
668
926
670
414
1183
672
160
1189
421
935
1194
174
1199
177
691
180
1209
1722
699
955
188
703
448
704
1731
963
196
453
1479
711
1736
456
969
458
971
718
464
1237
1240
475
991
740
1766
231
490
235
750
240
752
1776
248
1788
1790
766
510
1791
2
84
116
