965
2052
4101
8
2057
4106
4107
12
2065
2066
23
25
2075
4126
31
32
4130
35
4132
4133
2085
2086
40
2090
4142
4145
4147
2100
2103
55
56
4154
4158
4159
4160
4166
2123
78
4175
2128
4176
4177
4178
2131
83
4185
90
4187
2140
94
95
96
4193
4194
2147
2149
102
4201
4204
2166
4216
2171
123
124
126
128
4228
2181
134
2185
4234
4236
4238
142
4239
2192
4241
2194
147
2197
154
2206
4260
4261
2214
166
168
2217
2218
2220
173
4272
2225
4274
4275
179
4276
182
2234
4282
4290
195
4293
4296
2250
204
4301
2261
2268
223
2271
2272
4321
226
4324
229
2282
4332
2284
2286
4336
4337
2290
242
243
4340
248
2296
249
2300
2302
4353
2306
4354
4356
4358
2313
2314
4364
270
273
4378
2333
2334
2335
288
4387
2342
4392
297
4394
4397
2351
4400
2353
2355
4408
316
319
4415
4417
321
2372
2374
329
4425
333
4432
4434
2386
4438
4440
345
2394
2395
352
2403
4452
361
362
2410
4459
2411
4462
367
4465
4469
378
2428
2432
385
4483
388
4484
4486
2439
4489
2441
2443
2445
398
4496
4499
2452
2453
406
407
4504
408
4507
4509
4510
420
422
4519
426
4524
432
2484
2485
4535
2490
2491
443
446
4544
448
452
454
456
2505
2512
465
4561
4562
4563
2515
474
2523
476
4573
4574
2527
479
2528
484
2533
4582
487
492
494
2543
496
498
4596
501
4597
2549
4598
2552
504
506
4603
2556
4610
4615
521
2572
2579
532
4629
2583
2588
4637
543
4643
2596
2599
552
4648
4649
4650
558
562
4660
4661
569
570
4668
572
2622
4672
578
2626
4675
4676
2628
580
2629
4678
582
4679
2638
4689
2641
2643
600
2651
4699
2652
605
2654
607
4704
609
4707
2661
4712
4713
4714
4716
4717
2669
2672
2673
627
4723
2676
2677
632
2681
634
4731
4732
2685
2686
2692
646
2694
2698
4747
4750
2703
4751
2704
4752
660
4758
666
667
2716
4765
2726
679
4782
2734
687
4783
2737
4788
2742
695
2745
700
2751
2754
708
710
4810
2762
4811
2763
4814
2768
721
4821
725
727
2776
4828
733
735
2784
4838
4840
4843
748
2800
753
2801
4849
4851
2805
758
760
761
762
763
772
4869
2821
2823
4872
4874
4875
780
2829
784
785
4883
2838
4887
800
801
2850
803
4900
2852
2853
2858
812
4910
2863
4912
821
825
4921
2874
2875
827
831
2880
2883
837
838
2886
4937
2892
4946
4949
2903
856
2904
4954
861
2914
2915
868
2916
4965
4969
4970
874
2927
2930
4983
889
891
4987
4990
2944
896
4992
4996
901
5000
906
5003
2960
2963
5016
921
2970
924
5022
2979
931
2980
932
934
2987
942
5038
943
2992
947
5044
2999
953
957
959
960
5058
963
5063
3019
3020
5078
982
3030
3034
3035
5085
3038
5087
3039
3040
3043
3044
996
3045
5094
998
3048
3057
1010
3060
5111
1017
5115
1019
3070
1023
1024
5123
1038
3091
5141
3093
1046
1047
1050
5147
1054
1056
5153
1057
5157
1069
5165
1071
5167
1073
1074
1085
3134
1086
5182
1088
1089
1090
3139
1094
5192
1096
1097
1098
3148
5205
5207
1111
3160
5210
5211
3165
5214
5219
1124
1125
3178
5227
1132
3181
5235
3188
1140
3189
5237
5238
1143
5239
5242
1148
3196
5248
5250
3204
5252
5253
1160
3208
5259
5264
3217
3218
1172
5270
1174
5272
1177
1181
1182
3234
1186
1190
1192
1200
1201
3251
3252
5303
3256
1210
5309
5311
5312
3267
1221
3270
3271
1223
1224
1226
3274
5323
1227
3279
1235
5332
5334
5335
1240
1241
3292
3295
5343
5346
1251
3300
1256
3307
5356
1260
5358
1263
5360
3312
1268
5365
3320
5370
5372
3325
3326
3327
1281
3330
3331
1284
1286
1290
3340
5391
1298
5395
3348
5398
5400
5401
5403
1311
1314
5411
1315
1317
1318
1319
3370
3372
5421
1326
5422
1327
3377
1332
1334
5438
3391
5440
3393
3394
3397
5447
1353
1355
5452
5453
5454
5458
1364
3413
3414
3415
5469
1374
1377
5474
3428
1382
1383
1384
1387
5484
5488
1394
5493
5494
1398
5496
5505
3458
1412
3461
1415
5513
3466
1421
5523
1429
5527
1433
1434
3483
1436
1437
1440
1441
5538
3491
3493
1446
5542
1452
5555
3510
1462
5558
1463
5561
3514
1467
5564
3518
5566
5569
1473
1474
3523
1477
5574
5576
3530
3532
3539
1491
3547
1500
3549
1505
3553
1509
1513
3562
1516
1519
3569
3571
1527
1528
3577
3580
1532
1533
1540
1541
1543
1544
3593
3594
1548
3597
1550
1552
1554
3607
1560
1569
1573
3626
1579
3627
3629
1582
3638
3639
1594
1596
1599
1601
3652
3653
1614
3666
1619
3668
3670
3672
3680
3682
1636
1637
3691
3692
1648
1650
3703
1656
1657
3707
1660
1662
1664
3715
1670
1671
3719
1672
1680
3728
1683
3732
3736
3738
3743
1698
1699
1700
1701
1703
3752
1707
3761
1718
3770
1723
3786
3787
3789
3793
3795
1753
1755
3807
1766
3816
3818
1774
1775
3826
1779
1783
3838
1791
3848
3853
3854
3855
1807
1810
1815
1816
3865
1817
1819
1820
1823
3877
3878
3879
1834
3886
1838
3890
3891
1845
3894
1849
1851
3902
3907
3908
1865
1867
3917
1870
1872
1873
3925
1880
3937
1893
1895
1898
3951
1909
1910
3958
1913
1914
1915
3970
3971
3980
1935
3983
3984
1948
3997
3999
4004
1956
1960
4009
1961
4010
1963
4016
4017
1973
1979
4029
4032
4033
4034
1987
4035
1989
1993
1999
4049
2003
2004
4052
4053
2007
4056
4058
4062
4066
2020
2022
4076
2036
2037
4090
2043
19
64
323
68
100
9
203
107
395
396
333
175
274
275
339
282
123
251
380
92
