1151
4098
2
3
2052
4101
4103
2057
4106
4107
14
19
24
27
2075
4123
2076
2077
4126
2080
2081
4133
38
40
2089
45
2093
4142
2095
48
4145
2100
55
2105
4154
2107
2112
2114
4163
67
4164
2116
2118
71
2122
2123
79
81
4185
89
94
2143
4193
102
4199
4200
4202
107
2156
4208
113
2166
4214
2168
4217
122
2172
124
2173
4223
129
2183
135
4234
4236
140
141
147
2196
154
2204
2211
164
4262
167
4263
4264
2217
2219
173
4270
2222
178
4275
4276
180
182
2230
2231
184
2234
4282
2239
4290
195
2244
4293
197
199
2249
201
4299
212
4309
213
4310
2263
2264
2265
4315
4316
221
2270
224
4320
4321
2273
4322
2274
4323
4330
4331
2286
2287
4336
2290
242
243
2292
4342
2296
249
250
251
252
4348
4350
4351
2306
4354
4355
259
261
2309
4358
2313
2318
270
4367
273
274
276
4376
4378
4379
2334
4383
288
2337
289
2342
295
4394
2347
4395
2355
4403
316
4413
2366
2367
2369
4417
2376
4425
4426
333
4430
4432
4433
4434
2386
2387
4435
343
2393
4443
2396
352
2401
4451
355
357
4453
4455
359
2408
2410
2411
2414
4462
4463
2415
367
4468
374
4470
4472
2425
2426
2427
379
2428
382
4480
2435
4484
389
390
4487
2440
4494
2452
4501
406
2457
4506
4508
4509
4510
414
418
420
2470
4519
2471
4521
426
2474
4523
431
433
2484
2487
4536
2488
4537
2491
444
2493
446
4543
4544
2497
451
2501
456
2506
4556
2508
2509
461
465
4562
4563
2515
467
4565
4567
474
476
4573
4574
478
2528
2529
482
2530
4579
484
4580
2536
494
4590
2543
2545
499
504
4601
4603
2557
4606
512
4610
515
2564
4613
4615
2567
2568
4617
523
2575
4623
2576
530
4626
2579
2580
532
4628
534
2582
2584
537
4634
4638
543
2592
545
547
4643
4645
4647
4649
4650
554
4651
2604
2605
2607
2608
561
4660
2614
4663
567
4664
568
569
4666
572
2621
2624
4673
578
2626
579
580
2629
583
4679
4680
4681
2633
587
4690
2647
4699
603
4702
608
609
2657
614
4714
2667
4716
623
4719
4723
2676
2678
2683
4732
636
637
2690
2692
4742
649
2698
4747
651
4751
2704
4753
4755
4756
660
662
666
4764
2717
4767
673
675
676
4777
4780
4781
2734
691
4789
693
695
4793
2745
699
2748
701
2750
4800
2752
2755
707
4803
708
2756
2757
710
2758
2762
2766
4815
2767
719
2768
2770
4818
2771
2773
727
2781
735
2784
2789
4838
2790
2792
2794
2796
4844
751
753
2801
4849
4856
2809
2811
4859
765
4861
4863
768
2818
4868
772
2821
4870
4872
777
779
783
786
4883
4884
4887
4888
2842
2845
797
2848
4896
800
2851
803
4899
2853
2855
808
2858
2864
4913
819
821
4918
825
2875
4924
4925
837
840
4943
4947
2901
856
4952
861
4959
864
2915
4963
2916
2917
4965
4966
2921
4969
4970
875
877
4974
879
2927
880
2929
2932
2933
2935
4983
4987
4989
4992
4993
901
2953
906
5003
5004
5005
910
5007
5008
5011
5013
2965
5014
2969
926
5022
2975
928
5027
2980
932
934
2984
5032
938
5035
940
942
5039
947
5046
2999
5048
953
5056
962
5061
3015
5064
5074
980
5076
3029
981
5078
5079
983
5083
3035
988
5085
3037
5087
992
994
5093
997
5094
3046
3048
5099
1004
3054
5103
5104
1009
1010
1011
3060
1013
1015
1021
5120
5121
5123
1031
3080
1033
3084
5132
5136
3089
3091
5139
3093
1047
3098
5148
3102
1055
5152
5153
1057
1060
1061
3110
3111
1067
5164
5165
1070
1071
1073
1074
1075
5173
1079
5175
3128
3129
3130
3133
5182
1086
5183
1089
3138
3139
3141
5192
1100
5197
1102
1104
1105
3153
5204
5206
1111
5207
1112
1114
3163
1115
5211
5214
3167
5216
3169
1121
5217
1124
3174
5223
5225
3179
5227
1131
1132
3181
1133
1134
1136
1147
3204
3205
5254
5255
1160
3210
5259
3212
5262
1168
5264
5266
3219
5268
5270
1178
3227
3228
1180
3229
5278
1182
1183
5280
5281
1186
3234
3240
3241
5289
5291
3245
1200
5297
3252
5301
3254
5303
3259
3260
1212
3261
5309
5311
5314
1218
3267
3270
1224
5320
3272
3273
5324
1234
1235
3283
3288
5337
3292
5340
5343
1247
5344
1251
5347
1254
3302
3307
1260
5356
5359
1265
3315
1268
3316
3317
3322
5372
3325
3326
3327
1279
1281
3330
3331
1284
5381
5382
1288
3339
3340
1292
5389
5391
5392
3345
1298
3346
3348
5397
5398
3350
1304
5400
3353
1306
3355
1307
1312
1314
1315
5411
1317
1320
5417
1324
5421
3374
1326
1327
3375
1329
3377
1332
5428
3380
1333
5429
5431
3384
3388
5436
3394
5442
3396
5445
3397
3398
5447
3400
1352
1355
5452
3405
5454
1364
3412
5461
3414
3417
3418
1370
3419
5469
5471
3424
1377
5474
1383
1385
3438
1392
1396
5494
1398
3451
5501
1407
3456
5507
3461
5511
5515
3471
3472
1424
1426
5524
3477
3478
1430
1431
3480
3481
1434
3482
1436
1437
1440
5536
1441
5540
1446
1449
3499
1452
5550
5555
3510
5563
1468
3516
1469
5566
1471
5569
5571
3523
1475
5572
1477
5574
1478
5576
1481
3530
5578
3532
3533
3536
1491
3541
3542
3544
3545
1500
1501
1503
1510
3559
1513
3562
1516
1519
3569
3572
3574
1528
3577
1530
3580
1533
1535
1536
1540
1541
3590
1543
1544
3593
3594
1550
1559
3609
3610
3611
1563
3613
3619
1571
1575
3624
1580
1581
1582
3633
1587
3639
1594
3643
3644
1597
1600
1609
1610
3660
1614
3666
1620
3676
1635
3685
3692
3693
1648
3698
3702
1656
1658
1662
3711
3715
3717
3719
3722
1675
1676
1680
1682
1684
3738
1692
1697
3746
1700
1701
3752
3753
1706
3755
1707
3757
3758
3759
3763
1718
3773
3774
3777
1732
3787
3791
3792
3793
3794
3805
3810
1764
1766
3814
1767
1770
1771
1775
1777
3826
3827
3830
3832
3834
3838
3841
1795
3843
3844
1797
3847
3848
1801
1803
1804
1810
3858
1811
1812
3861
1816
3865
1818
3868
3870
1823
3873
1828
3877
3878
3879
3882
1834
1837
3886
3889
1844
3897
1851
3901
1853
3902
3907
3911
3913
3914
3917
1870
1873
1875
3927
1881
3929
3934
1886
3944
1904
1907
3958
1913
1914
1915
1920
1925
3978
3979
3981
3984
3988
1941
3992
3995
1951
1953
1955
4003
4004
1961
4009
1963
4016
4017
4022
4023
4025
1980
4028
1981
1984
4035
1988
1994
1998
4047
1999
4048
4050
2002
4051
4052
2004
2007
4055
4056
4058
2011
4062
2014
4066
4067
2022
4071
2023
4074
2030
2031
2033
4082
2036
2037
4087
2039
2040
4088
4090
2043
4091
27
131
68
392
200
77
85
342
86
280
153
92
29
286
94
355
293
229
230
235
300
108
237
240
373
118
55
315
