894
4099
4106
4107
4108
2060
2063
4113
2065
4118
23
25
2074
2075
27
4126
2078
2080
4133
39
2090
4141
4142
2096
4145
55
56
2107
60
2109
63
67
2117
2122
4177
2130
2131
4181
89
90
2140
95
4192
97
2147
2149
4197
2150
115
2165
2166
2167
4215
2168
122
2172
128
4225
4228
136
4236
2189
142
4239
145
4241
147
4248
2206
4254
166
2214
168
169
2217
170
173
2222
4272
176
178
180
2232
2234
2239
4290
4295
2250
4303
213
217
2268
2270
223
226
4324
2277
234
2284
2286
2287
242
2290
246
2296
249
4350
2302
4351
2306
4356
260
2309
4357
4358
2313
4364
273
2322
282
4378
4380
2333
2334
2335
290
293
2342
4394
2347
300
303
4399
2352
2355
313
2361
4412
316
317
2367
4415
4417
324
4420
2372
2375
328
4425
333
4432
4433
4434
342
344
2394
352
2403
357
360
2410
2411
4459
2414
4463
2419
2422
4472
2424
2428
380
2429
4480
385
2435
390
4486
2443
396
397
2445
398
4494
2447
4496
4499
404
4501
407
410
411
414
2463
416
418
2467
420
424
2473
2474
434
2483
2484
2485
2491
2492
2493
2494
446
2496
452
456
2504
2505
2508
4556
2509
463
4561
4563
4567
476
4573
479
2529
482
484
4582
2536
4585
4586
494
496
499
4596
501
504
506
4603
511
2560
4609
2564
4615
519
2568
2572
530
532
536
540
4637
2592
2594
549
4645
4647
4648
4649
4650
4660
567
4665
2618
4669
4672
578
4680
4681
586
589
591
2641
2643
2647
4698
4699
2651
605
4702
2654
4707
4712
4714
2667
4719
4723
2677
4732
637
2686
2689
2690
4739
2692
4740
647
2698
4747
2700
2701
4749
2704
2708
4756
4757
667
4767
2726
679
4777
2734
2737
4789
2742
695
2743
2745
699
700
4800
2754
2755
4803
2756
708
2757
710
4810
4811
2764
4815
2767
2768
721
4818
725
4821
732
2780
736
4838
2790
2792
745
4843
748
753
4849
4851
756
758
4856
2809
765
4862
4863
772
2821
2823
4872
777
4873
4874
4875
780
786
4887
792
2842
4893
2848
801
803
2857
4906
810
811
2863
4913
2867
825
4921
2876
828
4935
840
4937
845
847
2897
4947
4949
2902
856
4954
861
2910
4963
2916
4970
874
875
2926
879
2930
4983
889
2938
4987
891
5000
2953
5003
907
911
921
922
5022
2979
2980
932
934
5032
2985
5035
941
942
5039
2991
943
5044
950
2999
5048
5053
5056
967
5063
3017
971
3021
3025
5074
3026
980
3029
5078
3034
5085
3039
5087
3043
3044
996
5093
1001
1002
3054
5102
5103
1008
5105
1010
3060
5111
5114
5115
1019
1022
3070
3071
1024
5125
1037
3085
5136
3089
3091
3093
5144
5149
3102
1056
3104
5153
1057
3111
5165
1069
1073
1074
5171
1079
3130
5180
1085
3133
3134
5182
1086
1088
1089
1091
3139
1094
1096
3144
5192
1097
1098
5197
3149
3158
5206
1111
5207
5208
3160
5210
5214
1118
5215
5216
1124
5222
5227
1131
3181
1133
3182
5235
3189
5238
5240
3193
1146
1147
3199
5248
5250
3204
3207
1160
1167
3217
3219
5267
1174
3223
5272
3224
1177
3229
5277
1182
1183
5280
3234
5291
3244
1201
3251
3252
5303
1208
5309
5311
1217
3266
3267
1224
5320
3273
3274
3277
5332
5334
1241
3292
3293
5343
3295
1251
1256
1260
5359
1263
1266
1268
3322
3324
5372
3325
3326
3329
1281
3330
3331
5382
3338
3339
1292
3340
1293
5389
1295
3343
5391
1299
3350
3351
5400
5401
3355
1315
5412
1317
3366
1318
3370
3372
1326
3374
3380
1332
1333
5431
3384
5435
3388
5436
3389
1341
5438
5440
3396
3397
5447
3400
5449
1355
3403
5453
5454
1361
5458
3414
3417
1370
3418
5468
5469
1374
3424
1377
5473
1378
1382
1383
1384
5484
1389
3443
1396
1398
5494
5496
5498
3456
5505
1413
3461
5513
5515
1424
3472
5524
3477
5525
1430
3480
5529
1433
1434
3483
5532
1436
3487
1441
3490
5538
5539
5540
3499
1452
1453
5553
1458
5555
5556
1461
3510
1463
5561
3513
1468
1469
5566
5569
5570
3523
5572
3526
5574
5576
3530
3532
3533
1486
3536
1488
3537
3539
1493
3545
3548
1500
3549
3553
1507
1508
3562
1519
1520
3569
3571
1523
1524
1528
3577
1532
3580
1533
3581
3582
1536
1540
3593
1549
3602
3609
1569
3621
1574
3624
3626
3627
1582
3633
3639
1594
3643
1611
1614
3666
1619
3668
3670
3671
3672
3675
3680
3684
3692
1648
1657
3707
1660
1662
1663
1664
3715
1671
3719
1672
3726
3727
1680
3729
1683
3734
3738
1699
1700
1701
3750
3757
3758
3763
3766
3769
1722
3777
3783
1741
3791
3792
3793
1753
1756
1766
1770
1775
3824
3826
3830
1782
1805
3854
1810
3859
3861
3862
1816
3865
3868
1823
3877
3878
3879
3890
3891
1847
3902
3908
1867
3917
3920
1873
1875
3939
3951
1904
1909
3958
3962
1914
1915
1920
1927
1932
3980
3984
1937
3992
4004
4009
1966
4016
4018
4020
4023
4025
1981
4029
1985
4034
4046
1999
4051
2004
4052
4056
2011
4062
4063
4066
4067
2020
2022
2024
4073
2025
4075
2033
4082
2036
2037
4087
2039
4091
2043
2044
2046
18
289
323
4
198
166
203
76
77
174
240
113
120
26
251
60
92
350
126
