948
3
4101
2053
6
2057
2058
4108
2070
4121
25
2075
27
4126
2080
2081
4129
4131
4133
38
43
2093
45
4142
4145
4146
53
54
2103
55
4152
2107
65
2114
67
4167
2121
2122
2125
4178
88
2139
4188
96
4193
101
2150
113
115
2166
4217
122
2171
4225
2177
129
130
4228
2183
4236
2189
4239
2192
4241
147
4245
153
2206
159
4261
2214
4262
168
2217
170
4268
2222
178
4275
180
2231
184
2234
2239
193
2243
195
2244
4293
198
2250
212
4309
4310
2265
2270
2271
224
4320
2272
4321
2273
4322
226
4323
228
2287
4336
2290
242
4339
2296
4346
252
253
4350
4351
2306
4354
2309
4358
4363
4364
2318
273
276
2326
4379
2333
4382
2334
2335
288
4388
2341
2342
2345
4394
2347
4397
303
304
2355
4403
2358
2359
2361
4411
316
4417
324
2374
327
4431
4432
2386
2387
4435
343
4441
4443
2398
2399
352
355
357
358
361
2411
4459
2413
2414
4463
4465
4466
2421
377
379
381
2432
4480
2433
2435
389
390
4486
4487
2443
4493
4499
4502
2458
414
2463
418
420
426
428
2484
4537
2491
2493
4544
4547
2501
4549
4550
454
4553
457
4554
4556
461
2509
4558
4562
4567
4568
473
474
2522
476
4573
478
479
2528
2529
4579
4581
4582
2536
2541
2542
2543
499
501
504
2556
4606
4610
515
2564
4613
4615
2568
523
2572
4622
2575
4625
530
2579
2580
532
4628
536
2584
537
4634
4637
4638
543
2592
4643
4645
549
4647
4649
4650
554
2604
2605
2606
559
2608
4660
2613
568
4664
572
4669
2621
2622
4673
578
580
4680
4681
589
593
4689
4690
4691
4693
603
2651
4699
605
4702
4704
611
614
4714
4715
2667
2671
4721
2676
634
4732
637
2685
4736
2689
4738
2692
4742
2698
4747
653
4749
4751
4753
4756
4757
666
2714
2716
2718
673
2722
674
2723
2724
4773
4777
2734
4785
2738
691
4787
4789
695
2745
699
700
702
2750
4799
4800
2752
4801
707
2755
4803
2756
2762
4810
4811
716
2765
4814
2766
2767
4815
2768
721
4818
4819
725
727
2776
2781
4830
736
2784
4835
2789
2790
744
4840
2792
4842
2794
748
749
4846
751
4849
758
4856
762
4860
765
4862
4863
772
2820
2821
774
2823
777
4874
4875
786
4885
4887
797
4896
2848
801
2851
803
804
2855
2858
2864
4913
4914
821
4918
825
4921
2876
2878
4928
2881
834
2883
4937
4938
4946
4949
2901
4950
2904
4955
861
2910
864
2914
4963
2917
4966
4967
4969
4970
874
2926
2927
879
2930
4980
4982
4987
891
2953
906
5003
5007
914
5011
5013
2965
5016
922
5019
5022
927
928
929
5027
2979
932
2980
933
5031
5032
938
5035
942
5039
2991
943
947
5048
952
953
3005
957
959
3012
5061
5065
975
5074
5076
980
982
5078
983
984
5081
5083
3035
5087
993
5093
3045
5094
3048
5099
3054
5103
1009
5105
1010
1011
1014
1015
5115
1021
3070
1023
1024
5123
1031
3080
1038
5136
3089
5139
3091
3093
5141
1047
3100
5148
5149
3102
1055
5151
1059
3107
5155
1060
1062
3112
1065
1067
5164
5165
1069
1071
1074
1079
3130
1085
3133
1086
5182
3134
3139
5188
5192
1097
3149
5198
1102
1107
5206
1111
5207
5215
3167
5216
1121
3174
1127
5224
1128
5225
5227
1133
1136
5233
1139
3189
1147
3198
3204
5252
3205
1160
1162
5259
1166
1168
5266
3222
5272
1180
3228
1182
5278
1183
3233
3234
3241
5289
3244
3246
1200
3252
5301
5303
3256
1211
5307
3259
1212
5309
3261
5311
1221
3270
1224
5320
3273
1226
3277
1235
1236
5332
5334
3291
1243
3292
5342
5343
3295
1251
3300
3302
3303
3305
1258
1260
5356
5359
1268
5365
1270
5377
3329
1281
1282
1288
3338
1292
3340
5389
3342
5391
3347
5398
3350
1302
1307
3355
5405
1310
3358
3359
3360
5408
1315
1317
3366
3369
3371
3372
5421
3374
1327
1333
5429
3382
5431
5433
3387
5436
5438
5441
5442
3396
3397
1350
5447
5453
5454
1362
5458
1364
1365
5464
3417
1370
3418
3420
1374
3424
1377
1383
1384
1385
5485
3439
1396
1398
5494
3452
3456
1409
5505
3458
3465
5515
3468
1420
1424
3472
5524
3477
1430
3480
1434
1436
1437
1441
5538
5540
3493
3499
5555
1462
1463
5560
3513
1468
5566
5569
5570
3523
5572
1477
5578
3530
3533
3536
1488
3539
3541
1494
3545
1497
1499
1500
3549
3551
1508
3559
1515
1521
1528
3581
1533
1536
1540
3590
3591
3593
3594
3595
1548
1550
1551
3599
3606
3609
1563
3611
1565
1566
3614
1569
1570
3624
3625
1578
1582
1583
3633
1594
3643
3644
1599
1603
3655
1609
1610
1611
3660
1614
3664
3666
1619
1620
3669
3670
3672
3675
3677
3680
1640
1648
3698
1656
3705
1657
1658
1661
3711
3719
1672
3722
1680
3729
3730
1683
3734
1687
3738
3740
1701
3750
1703
1706
1707
3757
3758
3765
1717
1721
3773
3776
3778
1735
3787
1744
3792
3796
1766
1770
3819
1775
3826
3830
3832
1785
3834
3839
3841
1795
1803
3854
1810
1812
3861
1816
3865
3868
1823
1828
3877
1834
3882
1840
3890
3898
3901
3902
1857
3908
1871
3919
1875
3941
1896
3951
1904
1909
1913
3965
1920
1925
1932
3980
3984
3988
1941
3997
1951
1953
1954
4002
1955
1958
4016
4018
1972
4023
4030
1984
1990
4041
1995
2010
4058
2011
4063
4064
2017
4067
4071
2023
2024
4073
2028
4076
2031
2033
4082
2036
2037
4086
4088
4091
2043
19
385
292
229
38
327
297
203
173
77
240
401
113
404
55
247
216
121
153
315
