899
4101
2058
15
4118
2070
4121
4122
2075
27
4125
2077
2078
4126
2079
33
4130
4131
2085
40
45
2094
4145
4150
55
4154
2112
67
4166
2122
75
4175
83
4181
4188
93
4189
4190
95
96
4195
2149
4197
102
2153
4203
4205
2158
2159
113
2165
118
2167
128
4225
2179
2185
4234
2188
4236
142
145
2194
147
4244
4248
4249
4254
159
166
168
2217
172
2220
174
175
4272
178
4276
4278
2234
187
4284
4296
201
4305
211
4308
2261
220
2268
221
222
4320
4321
226
4325
229
2284
4335
2288
2290
4338
243
2292
2296
248
4350
2302
2306
2307
4357
4358
4359
2312
2313
4363
273
2322
2326
280
2334
2335
290
293
4393
4394
4396
2348
4397
303
2355
307
309
4407
4408
2360
2361
313
316
4415
327
4425
4428
4431
336
4434
2392
4440
2393
2396
2397
352
357
2409
364
2413
4461
2414
4466
2418
2422
2424
2432
4480
2433
2435
2436
2437
4486
2443
398
400
4496
2452
2453
407
410
4507
414
420
4519
426
428
431
433
434
2485
2488
440
2493
448
4549
2502
2505
457
4554
4556
2509
2511
4561
4562
4563
4566
2520
2523
2524
479
2529
484
485
2536
490
4586
2542
2543
499
500
4596
504
2552
508
512
4610
2564
520
2572
4622
530
536
2584
4637
543
2592
4641
4643
549
4648
4649
4650
554
555
558
559
562
4660
567
572
2621
4671
4672
4675
582
2631
584
4680
4681
2635
593
2641
2643
4692
4693
2649
603
2652
4704
4706
4707
612
615
4714
4715
2667
2673
4723
2676
629
2677
630
4732
2687
2690
2692
646
647
2697
4745
4747
2702
4750
4751
4753
2707
4756
662
2714
666
667
2717
673
674
2723
2724
679
4777
2734
4783
687
2737
4785
4789
2742
695
2744
2745
699
2750
702
4801
707
4803
2755
708
2757
2758
2760
2762
714
4811
2767
4815
4818
2772
725
4822
4825
4830
734
736
741
2790
4838
744
2792
745
2794
4843
2805
758
761
2809
2810
765
767
4863
772
2820
773
4870
777
782
784
2833
786
4883
789
2838
2842
798
2847
800
2848
801
803
804
4901
4904
2856
4906
2863
4913
4914
825
827
4928
2881
2883
4934
4936
841
843
4946
4947
2901
856
4954
861
2914
4967
4970
874
4971
875
2927
879
881
2929
4982
4987
2941
2945
4996
2949
903
5000
2953
2960
914
919
2970
5020
927
2980
933
5029
5031
938
5035
942
5038
5039
943
2992
947
2998
950
952
3003
3005
959
3008
963
5059
3012
5065
975
3023
980
981
3029
5078
984
3033
3034
3039
5087
5089
3043
3045
5097
3051
3054
5103
1010
3059
1012
5115
1023
5121
5127
1031
3083
5134
5136
3091
3100
1055
1056
1059
5155
3107
1065
5165
1069
5167
1071
1073
1074
5170
5171
1076
1079
3129
5177
3130
5180
1085
3133
5182
1086
3134
1088
1089
3139
3140
1094
5192
5194
1098
3150
3151
1105
5206
1111
5207
1114
3165
5216
1121
1124
3175
5227
3179
3181
3182
3183
1137
5234
1139
5235
5241
5242
3195
1147
1148
3199
5248
5250
3205
5253
1160
5257
1162
5264
3217
5266
3219
3220
1174
1178
3229
1182
3231
1183
3234
3241
3243
1195
5294
1199
1200
5297
3251
1206
5303
3256
3259
5307
5309
5310
1216
3267
3270
5320
3274
5329
1235
5335
3292
3295
3297
1251
3300
1258
5355
1260
3310
3313
1266
1268
5365
3320
5370
3322
3325
5374
3327
3328
1281
5377
3331
5382
5387
3339
5388
3340
1293
3342
5391
1296
1298
1299
5398
1303
1305
5401
3355
1308
1310
3358
1314
1315
1319
3369
3372
5421
1326
3374
5423
1331
1332
1333
5429
1334
1335
5434
5436
5439
5440
5441
5443
1348
5444
3396
3397
5445
3398
5446
5447
3400
1355
3403
3404
5454
1362
1363
5459
1364
5463
3415
1370
3418
1371
3422
3424
1377
3425
3428
1382
1383
3431
5483
1389
1392
3443
5491
1396
1398
5495
5496
1401
3452
1406
5513
3465
5515
3468
1421
1424
3472
1426
3477
1433
1434
1436
1437
1442
5542
1452
5553
5555
1461
5560
5561
1468
5566
5569
5572
3526
5578
3532
3533
1489
3537
3539
1497
3545
3561
1514
1515
3564
1517
1519
1521
3571
1524
1527
3577
1530
1531
3579
1532
1533
1536
1540
1543
3595
1548
1550
3599
3609
1563
3612
3614
3624
3625
3626
3627
3629
3633
1587
3643
3646
1599
1607
3659
1614
3666
1620
3668
3672
3674
3676
3677
3680
1636
3686
3690
3691
1653
1656
3705
3707
1660
3711
1664
1665
3719
3727
1680
3728
3730
1683
3738
1691
1700
1701
3750
1703
1704
3757
3758
3763
1716
1717
1720
1722
1723
3777
1731
3786
1738
3788
3792
3795
3798
1751
3811
1770
1775
1777
3826
1781
3837
3841
3843
1799
1802
1803
3858
1810
3859
3860
3861
3862
1816
1817
3868
1823
3876
3877
1840
3889
3890
1843
3897
1857
1858
3907
3908
1867
3919
3920
1873
3921
1874
1875
3924
1883
3933
3934
1886
3941
1896
3957
1909
3959
3960
3965
1926
3983
3984
3992
3997
3999
4005
1960
1963
4016
4017
4020
4025
1982
1984
4034
4035
1990
4051
2004
4058
2011
4060
2013
4063
2017
4066
2019
2020
2022
4071
4075
2028
2033
2036
2037
4086
2041
4091
2043
18
257
291
100
134
327
76
301
77
142
14
17
307
183
248
24
121
251
413
