1038
2
3
4
4100
4101
2057
4106
4107
12
4108
2061
14
2064
2066
19
4117
24
4121
25
2075
2078
32
33
35
4133
2086
40
4137
45
4142
4145
54
55
2103
4158
66
67
2117
2123
2124
81
4181
2134
4185
91
4188
2143
96
4192
99
101
4197
102
4202
107
4204
4205
4207
2160
2163
117
2166
4217
122
2171
124
4220
126
2174
2176
4228
4229
2181
133
135
2187
139
4239
145
4241
147
148
4245
4248
2206
163
2211
4261
2214
166
4262
2217
2218
173
4270
4273
4274
2231
2234
2238
2239
4290
195
2244
197
4293
198
4296
201
2249
2250
204
205
2256
4305
2258
212
213
222
223
2271
4320
4321
2274
226
2286
2290
2295
2296
248
4345
249
4346
252
2301
4349
4350
255
4353
2306
258
260
261
4357
4358
4360
2314
4364
273
274
276
279
2327
2332
2333
4382
290
2342
295
4392
2347
4397
303
2355
4404
4407
2363
4411
316
319
4417
2370
2372
4425
2379
333
4430
4432
4433
4434
2387
342
4439
2393
2395
2398
352
2401
4453
360
2410
4459
2411
2414
4462
367
4466
371
4470
376
4474
2427
2428
381
382
388
4484
2439
4489
2443
4494
2447
4497
4499
4507
413
2461
4515
420
422
4519
2474
426
428
433
4529
434
2483
2484
4533
438
2491
446
4544
2496
4547
2501
4550
2503
2506
462
2511
2512
2513
2514
4562
4563
4568
473
474
476
4573
4574
4579
484
4582
4585
4587
494
496
499
501
2552
504
4603
2556
509
4608
2561
4609
515
4615
521
4619
2572
4623
532
2580
4629
4634
2588
4637
2592
2593
545
4645
552
4649
4650
4651
2604
4653
2606
2609
2610
564
4660
2614
4663
4665
570
4668
4669
2621
2622
2624
4673
578
580
4676
2628
4677
4678
4681
585
2633
587
4689
594
2642
4691
2646
598
600
2649
4699
2651
603
605
2654
608
2657
4705
4706
4707
4714
2667
4719
2672
627
4723
628
631
2681
634
4732
2685
2686
4739
2692
2693
649
2698
4747
2704
659
2710
4761
4767
4768
675
4776
2732
2737
4788
695
4792
2745
699
2748
700
2750
2751
2753
2755
4803
708
714
4810
4811
2764
2765
4814
2767
719
2768
721
4818
724
728
2776
4827
4828
736
4835
741
742
2790
743
4840
745
746
748
749
751
753
4850
757
4856
760
2809
762
2813
766
767
2818
772
2821
4870
774
2823
4874
2828
2829
784
785
786
4884
4885
4887
795
4893
4894
2846
799
801
2850
802
803
4900
2852
808
2857
2861
4910
819
2868
4917
4918
2870
4921
827
2881
2882
2883
835
837
4937
2894
4946
850
852
4949
2903
856
2904
2905
4953
4955
861
862
2910
864
865
2916
4965
4969
4970
874
877
2927
880
2930
4980
4982
4983
4987
891
2943
2944
5000
2953
906
5004
910
5010
5011
5013
5014
5016
5017
5019
924
5020
5022
928
5025
2979
2980
932
933
934
937
938
2987
5035
2988
942
5039
943
946
948
2997
3001
953
957
5054
959
5056
963
5059
5061
971
5069
3025
5074
3029
5077
5078
3035
988
3037
5085
5087
992
5089
995
997
5094
998
3048
1004
5103
5106
1010
3058
3060
5110
5113
5115
3070
1023
1024
5123
1031
1033
1041
5139
3091
5141
3093
1050
5148
1055
1057
5157
5159
3111
3112
1067
1068
1070
5168
1073
1074
5171
5172
1076
3127
1079
1080
5177
3130
1086
3134
5182
1089
3139
5188
5192
3144
1097
1100
5197
1104
1111
3160
1115
1118
5214
5216
1121
5219
1125
3174
1128
5227
1131
1132
3181
1134
1136
5233
5234
1140
5237
3189
5238
1143
3193
5242
5245
3198
3204
5252
5254
1160
5257
5259
1167
3219
1174
1181
3229
1182
5278
5280
5281
3234
5286
5289
5291
1199
1200
1201
3252
5301
5302
3260
1213
3262
5311
5312
1217
5314
3267
5316
1221
3271
1223
3272
1224
1226
3282
1235
1236
5332
5337
1241
3292
1244
5342
5343
3295
3298
1251
3300
1260
1268
1270
5370
3326
1281
5377
3330
3331
5382
3340
1292
5389
5391
3344
5395
1302
3351
5400
5405
5406
1315
1317
3366
1318
1319
1320
5421
1326
1327
3375
5425
3377
1332
5429
3384
5436
5438
3394
5444
3397
1350
3398
5447
3400
1355
3403
5452
5453
1357
5454
3410
5458
1364
3412
1365
3414
3418
3420
5468
5470
1374
1377
1382
1383
1384
5483
1389
3438
5487
3443
5494
1400
5496
5499
3457
5505
3458
5506
3461
1416
5513
3465
5515
1420
5519
1424
5523
3475
3477
3478
1431
5528
3481
1434
1436
1437
1441
5538
3490
3491
3492
3493
1445
1446
1447
1448
3497
1450
1452
5550
1454
5555
1462
3510
1463
3512
5563
5566
1471
1473
5569
3523
1476
5574
1480
5576
1481
5577
3530
3532
1488
3537
3539
3545
3548
1500
3549
1503
3553
1507
1509
1510
3562
3563
1519
1521
3569
1524
1528
3577
3579
3580
1533
3585
1540
1543
3593
1548
3596
3597
1550
1553
1554
1557
3606
1563
3611
1565
3613
3615
1570
1573
1582
3633
3638
3639
1594
1596
3645
1614
3664
3665
3666
1619
1620
3669
3670
3682
1637
3687
1644
3692
1648
1649
3697
1652
1657
1661
1662
3712
1665
3715
1671
1672
3726
1680
1683
1684
3738
1690
3743
1698
1701
3750
1703
3753
1707
3757
3760
3763
3765
1718
1722
3777
3778
1730
3781
3787
3791
3792
3793
3797
1758
1764
3814
1766
1767
1771
1775
3824
3826
3828
1781
3832
3839
3841
3843
1795
3848
1802
1803
3854
1812
1816
3865
1823
3873
1826
1828
3877
3879
1834
3882
1837
3887
3890
3891
1844
3894
1849
1851
3900
1858
3908
1861
3911
1865
1871
1873
3934
3938
3944
1896
3949
3951
1905
1909
3958
1914
1915
3964
1920
3969
1925
1931
3979
3980
3981
3984
1941
1943
1946
3997
3998
1953
4003
4004
1960
4009
1963
1966
4016
1970
1981
4029
4031
1984
1988
1991
4040
4041
4046
1999
2001
2003
4052
2004
4053
4056
4058
2013
2014
4062
4063
2015
4066
2021
4071
2025
2033
4082
2037
4086
2039
4088
4090
2043
2045
2046
4095
23
128
129
225
66
164
8
203
108
173
274
83
148
54
247
24
153
282
26
59
316
380
92
29
