1018
4097
2051
2052
4101
6
4102
4104
2057
4105
4108
15
18
4117
25
4122
27
2078
4126
2079
4128
4130
4131
38
4135
39
4137
4142
4145
2100
55
58
4154
62
2112
2115
4166
4169
2122
2124
4177
2130
83
4185
94
96
4193
4197
102
2151
4200
104
4203
2157
4205
4206
2158
2160
112
113
2163
2165
4213
120
2168
122
4220
2172
4225
2177
129
2178
130
131
2183
4231
137
2185
4234
4236
2188
4240
2193
145
2194
147
4248
2201
4251
2206
2214
2217
2220
177
2225
178
4276
180
182
184
2234
4282
189
190
2238
193
195
2249
2251
205
207
2256
4305
2259
2261
4309
2265
222
4320
226
4324
228
2277
229
4333
241
4338
2290
244
2292
2293
2296
2297
249
4345
4346
4350
2306
4354
258
2307
4357
4358
4359
2313
266
4363
2316
2318
270
273
2334
2335
4388
2342
295
296
2347
2348
4396
4398
303
2352
2355
4404
309
4407
4408
316
4412
318
4415
4416
4418
2374
327
2375
4424
4428
4430
4431
2383
336
2384
2385
4434
4439
344
4440
2393
2394
4443
2396
2397
352
353
2403
357
4458
2410
2411
4460
364
2414
4462
2415
367
371
372
2422
4472
379
2428
4478
383
4480
2435
2436
394
2443
398
2452
404
4501
2453
4509
414
416
4514
418
4515
2467
420
426
428
430
433
2482
434
2491
2493
446
4544
448
449
4547
2501
456
457
2505
2506
4554
2507
4556
2509
4559
465
4561
466
4562
4563
2515
2520
4571
2524
4574
479
2528
2529
484
490
493
2543
4593
499
4600
2552
4609
4610
4614
4615
520
2568
2571
2572
4620
4621
530
532
4628
534
2582
537
4638
543
2593
4641
545
2595
4643
552
4649
4650
554
2605
2608
562
4659
2614
569
4666
571
572
4673
2626
4675
2628
580
2630
582
4679
4680
584
4681
4683
4688
593
4689
594
595
4691
4694
4695
2649
4699
2652
2655
4704
609
4707
4708
4712
2665
4714
2667
4716
4720
2673
627
628
2676
4728
4732
636
2687
2690
4738
642
2692
646
648
4747
4750
2702
4751
4753
4756
660
2712
2714
666
2715
667
2717
2718
675
679
4777
2732
2734
686
4783
688
2737
694
695
4792
699
4795
2750
4803
4806
714
4814
4815
4816
4818
734
735
2784
736
4835
741
4838
743
2792
4840
745
746
2794
753
4849
2801
757
2805
758
761
765
4863
767
772
2821
4869
777
778
2828
782
784
2834
4883
2838
4887
794
797
2846
798
2848
800
801
803
2853
2855
4904
808
2856
2858
2859
2861
813
2863
2864
4913
4915
820
821
825
2875
2881
2882
835
4934
4935
4936
841
4937
843
4946
851
4947
2901
4949
856
857
864
865
2914
2915
4964
874
4970
875
877
2929
882
4982
4984
4987
4992
2946
4996
901
2950
906
5003
5004
911
5009
917
919
2970
2972
5020
927
5025
2978
5031
5032
5035
942
5038
5039
947
2997
950
2998
2999
953
3003
5053
957
958
5056
3011
5059
3013
967
5074
3027
980
3029
5077
3030
5084
988
3039
5087
5089
3042
3045
5094
3047
3048
3051
1003
3054
5103
5104
5106
1010
3060
3061
1015
3066
5114
1023
5121
5123
5127
1031
1032
3080
3082
5136
3091
3093
3100
5153
1058
5155
1060
1062
5158
1065
1068
1071
5167
3120
5168
5169
1074
3122
5172
1078
1079
3130
5179
3131
5180
1085
3133
5182
3134
5187
3139
3140
1094
1098
5197
1101
3155
1108
5206
5207
1112
1114
3165
1118
5215
1120
5216
1121
1124
3174
1128
5225
3181
3182
1134
5234
1140
5239
1144
5242
5243
1147
3199
5253
1160
1161
5257
5259
5263
5264
1168
5266
3219
3221
5270
1174
3223
3225
1177
1178
1179
3228
3229
1182
5279
1183
3231
3234
1186
5285
1192
3244
5294
3246
1200
5297
3251
3252
5301
5303
3256
1209
3259
5309
1217
5316
3270
5319
5320
3274
5323
5327
1235
1239
5335
5338
3291
3292
5341
3295
5343
1251
3300
3301
1253
1255
3307
1260
5357
3310
1266
1268
5365
3320
5370
3322
3324
5373
5374
3329
1281
3331
5382
3340
5388
5391
1298
3348
1302
5398
3350
1303
5400
5401
3355
1308
3358
1310
5410
5411
1315
3366
1319
3368
1326
1327
3376
5426
5428
1332
1333
5429
3382
1334
5435
5441
3394
1347
3396
5444
3397
3398
5446
3399
3400
1355
3403
3404
5452
1357
5454
3410
3411
1363
3412
3415
5463
3418
5469
3422
3424
1377
5474
3428
1381
5478
1383
1385
5483
1389
1393
3443
1396
1398
5494
5495
3456
3461
1413
3465
5515
1419
1420
1421
1424
3472
3478
3480
5528
3482
1437
5536
1440
5538
3492
1446
5542
3495
1451
1453
5550
1454
1458
5555
3507
1461
1462
3513
1468
5566
3523
5572
1477
5578
3532
3541
3544
1497
3545
3548
3549
3553
1507
3558
3559
3561
1517
1519
1524
1527
3577
1530
3579
3581
1533
3582
1536
3593
3594
3596
1550
3602
1558
3609
1562
1563
3624
1580
3629
1583
3641
1594
3643
3644
3645
3646
3651
1604
1607
3658
3661
3663
3666
1620
3668
1629
1631
3679
1632
1636
1637
1640
1643
3691
1644
3695
1649
3698
1656
3711
3712
3719
3722
1680
3728
3730
1683
3738
1691
1693
3745
1697
1700
1701
3750
3751
1703
1706
3757
3758
3763
1716
3765
1720
1723
1726
1728
3777
1730
3785
3786
1742
3791
3800
1753
1756
1757
1760
1764
3813
1770
3819
1776
3828
1781
3834
1787
3837
3838
3841
1803
3851
1810
3859
3860
3861
1816
3865
3868
1823
1826
3877
1829
1840
3889
1843
1844
1847
3895
3897
1851
3900
3901
3904
3911
3916
1870
1873
3921
1874
1882
3934
1896
3950
1905
3957
3959
1914
1920
3983
3984
1936
1939
1943
1950
3999
1951
4002
4003
1955
4004
1960
1961
4017
4020
1982
1983
1984
1986
4035
1991
2007
4056
2010
4058
2011
4060
4061
2013
2014
4063
2015
4064
4066
4067
2023
2031
2033
4082
2035
2036
2037
4086
2039
4091
2043
19
320
225
100
68
357
229
198
134
139
77
79
242
307
408
24
57
122
252
316
