918
4096
4101
4107
12
4113
2065
2066
23
27
2075
4124
4126
2078
4127
2081
4130
4131
36
4133
40
2090
4140
2094
4142
2095
4145
49
55
2103
56
61
4158
63
4160
67
2116
2117
4166
72
2121
2122
2123
4174
4177
2131
83
89
90
4188
2140
95
4192
97
2147
2149
4197
4198
102
115
122
4218
2172
124
125
128
2177
136
2185
4236
142
2194
147
4246
153
2203
158
2206
2208
4261
4262
2214
166
168
2220
173
4272
2225
4275
4276
2232
2234
2239
4290
195
204
2261
217
2268
223
4320
4321
226
4324
229
4331
2284
2286
242
2290
4339
246
2296
249
252
253
2302
256
2306
259
260
4357
4358
2313
273
4369
274
4371
4372
4378
2334
2335
293
4392
4396
303
2352
304
4403
307
316
4412
317
2366
4415
324
2372
327
4425
333
4431
4433
2386
4434
2388
341
2391
4440
2393
2394
2395
2399
4447
352
2402
357
2406
360
2410
2411
365
2414
4466
374
2422
2424
2428
4476
4480
385
4481
2435
4484
4486
2443
2445
398
4496
402
2452
2453
4502
2462
420
4517
4519
426
2483
2484
2485
4533
4535
2488
2492
2493
446
452
4551
457
2505
4554
4556
2508
2509
462
465
4561
4562
467
4567
2523
476
4573
4574
479
2529
484
4585
494
2543
496
2546
4596
4599
504
2552
506
4603
2556
4609
4610
515
4615
4622
530
2579
532
536
2588
4637
542
543
2592
544
4643
4645
4648
4649
4650
562
4660
2613
4662
572
4668
4669
2621
4672
578
4675
2628
582
4680
2633
589
593
2641
4690
2643
4693
4697
603
4699
2652
4701
608
4704
609
4707
611
4714
621
622
2671
2673
4723
2676
2677
2681
4732
2686
4736
2689
4739
2692
4741
646
2698
4747
4750
4751
2704
4756
666
2714
667
674
2723
2724
2726
2727
679
4777
2734
2737
2739
2742
695
2743
2745
699
4795
702
704
4801
2754
4803
708
2764
4813
4814
2768
4819
4821
2776
728
732
2781
2790
4838
2792
4843
4847
753
2801
4849
4851
2805
760
761
2812
765
4863
771
772
2821
775
2824
4872
777
4875
780
2829
784
786
788
4886
2838
2841
4892
2844
2845
798
2848
800
801
2851
804
807
2857
810
2858
815
4913
2867
821
825
2873
827
2878
4928
834
837
4933
840
2888
4937
845
2896
2901
4949
856
4952
4954
2908
861
2910
2914
2916
4965
4967
4969
4970
4975
2927
4980
4982
4983
2936
889
4987
4996
5000
2953
907
5003
914
921
2970
5019
5022
2975
2978
5026
2980
5029
934
5031
2984
5035
941
942
5038
946
947
5044
2999
953
959
967
5063
5064
971
5068
3021
980
5078
5081
3033
3034
5085
5086
5087
3039
993
3043
3044
996
997
5093
3045
5094
998
3048
1001
1010
3060
1014
5111
3067
5115
1019
1023
5120
3080
5136
3090
5139
3091
3093
3100
1056
1057
5153
3107
5157
3113
1065
1069
5165
5166
3118
1071
5167
1073
1074
1079
3130
3133
5181
1085
1086
3134
5182
1088
1089
3139
1096
3144
5193
5194
1098
1100
3151
5206
3158
5207
1111
3160
5210
1117
5214
1118
3167
5216
3172
1124
5222
1127
5227
3181
1136
1139
5237
5238
1143
3193
5242
1147
5248
5250
3204
5252
5253
1160
5261
1166
1167
3217
5266
5267
1174
1177
1182
1183
3234
1194
5291
3244
1200
1201
3251
1207
5303
1208
3256
5307
5309
5311
3263
1217
3267
1221
1224
5320
1226
3274
3279
1235
5334
5335
3289
1241
3292
5343
3295
1251
3302
1256
1260
1263
1267
1268
5365
3320
5369
5370
3326
1281
5377
3330
3331
5384
5385
1289
3338
1292
3340
5389
5391
1295
5397
3350
5398
5400
5401
3355
1310
3358
3359
5408
3360
1314
1315
1317
3365
1318
1319
1320
3370
5419
3372
1326
1332
3380
1333
1334
3384
3388
5436
3389
1341
5438
5440
5441
3394
3396
3397
5447
1355
3405
3410
1362
3413
3414
3415
3418
5468
3424
1377
3428
5477
1382
1383
5479
5484
1389
5485
3439
3442
1396
5496
5500
1409
1410
3461
1415
5515
1421
3471
1424
3472
5523
3477
1431
1432
1433
1434
1436
1437
5534
1439
1440
1441
3490
3493
1446
5542
5546
1452
5555
5556
3510
5560
5561
1468
5566
5569
3523
5572
5574
5576
3530
5578
3532
1486
3539
1493
1496
1500
3548
1502
3553
3561
3562
3563
3565
3566
1519
3569
3571
1524
1527
1528
3577
1530
3580
1532
3581
1533
1535
1536
1540
1543
3593
3595
1548
1550
3599
1554
3606
3609
1566
1569
3618
3624
3626
3627
3629
1582
3633
3638
3639
1594
3643
3650
3660
1614
3666
1619
1620
3668
3672
3677
3680
1633
3684
1636
3692
1648
1653
1655
1656
1657
3707
1660
1662
1664
3716
3719
1671
1676
3726
3728
3730
1683
1688
3738
1699
1700
1707
1708
3758
1721
1722
1723
3786
1739
1741
3791
3792
1744
3793
1753
1766
1770
1775
3826
1779
1786
3847
1810
3859
1816
3865
3868
1823
3877
1834
1840
3890
3891
1844
3894
1851
3901
3908
3913
1865
1867
3917
1870
3920
1873
1874
3927
1886
3939
1904
1907
1909
3958
3962
1915
3965
1927
1934
3983
3984
3985
3999
4004
4005
1960
4009
1961
1962
1963
1964
1966
4016
1972
4029
1981
4034
4035
1990
4045
4046
1999
2004
4052
4053
4062
4066
4067
2020
2022
4072
2025
2028
2031
2033
2036
2037
4091
2043
2044
2046
16
161
2
386
323
100
300
77
208
401
121
26
251
92
220
380
350
