1127
4096
0
2052
4101
2058
4107
4108
4114
4116
21
2070
2071
4122
2075
27
28
30
4126
31
2081
4130
4131
4132
2085
39
4140
45
4142
2094
2095
4145
2100
54
55
4154
2114
67
4164
4166
2122
4174
4177
2130
82
83
4185
2138
4186
4188
94
95
96
4193
98
101
2149
4197
4198
102
4203
2157
2158
112
2161
113
2165
118
2168
122
4218
2172
124
2173
4223
128
4225
131
4233
2185
2188
4236
142
2192
2193
145
2194
147
4247
4248
152
153
154
157
2206
158
159
4257
164
4261
166
2214
167
168
2217
4265
2219
2220
2225
4274
4276
181
4278
182
4282
2234
4284
2239
2241
4291
198
2247
4298
204
4301
4305
2261
4312
220
222
2272
224
2273
226
2277
229
2283
2284
2290
242
4338
243
2292
2296
249
4346
252
2302
2306
4355
259
4357
4358
2313
4363
273
4369
4371
2326
2330
4382
2334
2335
2337
2342
4392
4394
4396
4398
303
305
2355
4404
2357
4408
2361
316
4412
4413
2366
4415
4417
322
2375
327
4425
330
4428
4431
4432
2386
4434
2387
2388
2391
4440
348
2396
352
353
2402
354
4451
355
357
2410
2411
2413
2414
4462
4469
374
4477
4480
2432
2433
4483
2435
4484
389
4486
2443
2445
4494
398
4496
2449
2450
404
2452
4501
2453
407
408
409
4507
4509
2461
416
2465
420
4517
4519
426
428
4526
433
434
2484
2485
437
2488
2491
2493
2495
448
4544
4547
451
4549
4550
4551
456
2505
2508
4556
461
2509
4561
465
2513
4562
4563
2515
2518
4567
471
2520
473
474
2523
476
478
479
2528
2529
482
484
488
490
4588
2543
496
2545
2546
4596
2549
4598
2552
2556
4606
4610
2563
4613
4615
520
4616
523
4620
530
2579
532
4632
2584
4637
542
543
544
4641
4643
4648
4649
4650
4652
556
2607
559
561
562
565
4662
2616
569
571
572
4669
2623
2624
4672
2626
4675
2628
582
4679
4680
2633
2641
593
2643
4691
4692
4693
4697
4699
2652
604
606
608
4704
609
4707
611
4712
4713
2665
4714
619
4715
4716
622
623
2672
2673
4723
2676
2677
4732
2687
2692
646
4742
2698
4747
651
2702
4750
4751
4753
2706
659
660
4756
2709
661
2712
4761
666
667
668
673
2724
2727
4777
683
2734
4783
2737
691
2739
692
2741
2742
695
699
701
2750
704
2762
714
2763
2765
4813
4814
2767
4815
2768
720
725
4825
729
4826
2781
734
4830
735
736
741
2790
4838
744
2792
745
4843
2796
2801
4849
2805
758
761
4861
765
767
4863
771
772
2820
2821
775
2824
777
783
784
4883
790
2838
4887
4892
2845
798
800
2848
801
2851
803
2853
4904
2856
2858
812
2863
4913
4914
821
824
825
2875
2878
2881
4930
2883
4933
4935
2888
840
841
2889
4937
2891
843
845
4946
4947
2901
4949
2903
2904
856
4954
2906
4955
859
2910
2914
2915
2917
4966
870
4969
874
4970
875
4974
4975
2929
881
4980
888
889
4987
4992
4995
4996
901
5000
5005
5007
911
5017
2970
5019
2971
926
5022
2977
930
5027
931
932
2980
933
2984
5032
2989
942
5038
947
2998
950
2999
952
3005
958
5056
960
5059
964
967
5068
975
980
981
5078
984
985
3034
3039
5087
5089
995
3043
3045
5093
3048
3051
3053
3054
3057
1010
1011
3060
3061
5114
3067
1020
1023
5120
5121
5125
5127
1031
3080
5133
5136
5139
3091
3092
3093
3099
5147
5150
1056
5153
1059
5158
3110
3112
3113
1065
5162
1069
5165
3118
1071
5167
1074
5173
1079
3130
1085
3133
3134
5182
1088
3136
1089
3139
5188
1098
5195
3148
1102
5204
5206
1111
5207
5209
1114
3163
1115
3165
5215
3167
5216
1121
3169
3171
5219
3172
1124
1127
1128
1131
3179
3181
3182
1136
5232
5233
5234
3187
1139
5237
5239
1144
5242
5243
1147
3199
3200
5250
3204
3205
5253
1159
1160
5257
3210
1162
5261
5262
3216
5264
3217
5266
3219
1174
5270
3223
1177
1178
1180
3229
1182
3231
1183
3234
1186
1190
5287
3241
5289
5291
3245
1199
5297
1201
3251
3252
3254
1206
1207
5303
3256
1212
3260
5309
5311
3263
1221
5320
3273
1226
3274
5323
3278
1235
5334
5335
3289
1241
3292
5342
5343
3295
1248
5346
5347
1251
3300
3302
1255
3307
1260
5356
1268
5365
1270
3320
5369
3322
5370
3324
5372
3327
1281
3329
3331
1284
5382
1289
1292
5388
3340
3341
1293
5389
3342
5391
1297
1298
3348
5397
5398
1302
1303
5400
5401
1306
1307
3355
1308
5405
1309
1310
5406
1312
1314
1315
5411
1318
1319
1320
3369
3370
3372
1326
5422
1327
5425
5427
1332
3380
3381
1333
1334
5435
3388
5436
5440
3394
5442
5444
3396
3397
3398
3400
5450
3402
3403
1355
3404
5452
5454
5456
5457
3411
1363
1364
1365
3413
5463
3415
3418
5467
5469
1375
3424
1377
5474
3428
1381
1382
1383
5479
3433
5483
1389
5485
5488
3443
1396
5493
5494
3446
5495
5496
3452
5503
1407
3460
5509
1415
5515
3468
1421
3470
5519
3471
1424
3472
1426
3477
1431
3480
1432
1433
1434
1436
1437
1440
5538
5540
5542
1452
5555
3507
1459
1460
1461
1463
5560
3513
5561
1468
5566
5569
5571
3523
5572
1480
5578
3530
3532
3537
1490
1492
3549
1507
3563
1517
1519
3571
1525
3573
1527
3577
1530
3579
1532
1533
1535
1536
3585
3593
3594
1548
1550
1552
3602
3606
1559
1560
3609
1562
1564
3613
3614
3618
3624
3626
3629
1582
3633
1594
3643
3653
1610
3664
3666
3668
3669
3672
3674
3677
1633
1636
3691
1644
1648
1653
1656
3705
3707
1660
1664
3719
1676
1680
3728
1683
3732
3738
3741
3746
1699
1700
1701
3749
1703
3752
3754
1707
3758
3761
3763
1716
3765
1717
1720
1723
3773
3777
1731
1732
3786
1742
3792
3795
1756
3806
3813
1769
3818
1770
1773
1775
3826
1781
3837
3838
3841
3843
1799
3847
3851
1803
3854
1810
3859
1815
1819
3868
1821
3870
1823
3873
1828
3877
1830
1834
3886
3889
1843
3891
1844
3896
1851
3901
1857
1858
3907
3908
3910
3913
3914
3915
1867
1870
3919
1872
1873
3921
1874
1875
3927
1881
1886
1892
3941
3944
1896
1900
1902
1904
3954
1907
1909
3959
3963
3965
3969
3970
1933
1934
3983
3984
3987
3997
3999
4000
4004
1956
1959
1960
1961
1963
1964
4016
4017
1977
1982
4034
1989
1990
4050
2005
2007
4058
2011
2013
4063
2017
4066
2018
2020
2022
2023
2028
2029
2031
2033
2036
2037
4086
2039
4091
2045
4094
25
2
386
68
132
134
198
7
327
267
77
80
24
344
409
221
286
100
300
173
175
114
51
309
55
251
