915
4101
4105
4107
2060
4108
4113
2075
2078
31
4130
4131
4132
4133
2085
39
40
2092
4142
4145
55
4159
63
4160
67
2117
4166
4167
83
4181
89
4186
4187
95
4192
97
4194
4196
2149
102
4202
4203
2158
115
2165
2166
2167
4216
122
128
130
136
2185
2188
2189
142
2192
145
2194
147
2197
2200
154
2206
4261
166
2214
168
2220
173
4272
177
178
4276
2232
2234
4284
190
2239
4290
4291
4293
201
4298
204
4301
2261
217
2270
2271
4320
2272
4321
226
229
231
2284
2285
2286
243
246
2296
248
250
2302
2306
260
4357
4358
4359
2312
2313
266
270
273
2322
284
2334
2335
290
4387
297
4394
301
303
4399
2351
2352
307
310
4408
2361
313
4410
316
317
2366
4415
4417
2372
327
328
4425
333
4432
4433
4434
342
4440
352
2403
356
4452
360
2409
2410
2411
4461
4465
4466
2419
4469
2422
2424
2428
2431
4483
2436
4484
4486
2441
2443
397
2445
398
4496
2449
2452
2453
406
407
4504
408
410
414
418
420
4519
426
432
433
2483
2485
437
2492
446
4544
453
4551
456
457
2505
4554
2508
4561
4562
2516
469
2520
474
2523
476
479
2527
2528
484
4585
4586
4588
494
2543
4593
498
4596
2549
4598
2552
504
4603
4609
4610
516
2568
4616
523
4621
4622
2577
532
536
540
541
4637
543
2592
4641
4643
2596
549
4645
4646
4648
4649
4650
562
4660
2612
572
4669
2621
4672
4675
2628
582
589
2638
591
593
2641
2643
4691
595
4692
4693
2647
603
2652
4704
4707
2661
615
4714
2669
2673
4723
2676
2677
4732
2685
2686
2689
2691
4739
2692
646
647
4747
4750
4751
2704
4753
659
4758
2714
666
667
668
2718
674
2723
2724
2734
4782
4783
2737
2742
695
2743
2745
699
702
2750
4801
4803
2755
708
2757
710
4806
2760
2762
2763
2764
4815
2767
2768
723
725
2780
4828
732
733
4830
735
737
4837
4838
2790
745
4843
753
756
2805
758
761
2809
763
771
772
2820
4872
4873
784
786
789
2838
2842
798
800
801
803
804
2852
2857
4906
810
2863
2867
821
4917
824
825
827
4928
2883
837
4934
838
840
4936
4937
843
845
4944
4947
4949
856
2904
4954
861
2910
2914
867
2916
4965
4967
2921
4969
4970
874
875
2927
879
4982
4983
4987
2941
4990
2943
4996
5000
2953
5003
907
914
5016
5017
2970
2972
5022
2974
931
2980
5029
934
5031
5035
2989
941
5038
942
5039
943
5041
947
2998
2999
953
5052
5054
960
5058
971
3021
3023
5078
3030
3033
3034
3035
5085
3038
5087
3039
3040
3043
5092
5093
3045
3048
1001
3057
1010
3060
1012
3071
3073
3083
3091
3092
3093
1050
5147
3100
1056
5153
1057
3107
5155
1065
5165
5167
1071
1073
1074
3129
5177
3132
5180
1085
3134
1086
5182
1088
1089
3139
3142
1094
3144
1096
1097
1098
3148
3158
1111
5207
3160
5211
5214
1118
5219
1124
1125
5222
3181
3182
1134
3183
1137
1139
5235
5238
1143
5239
5241
3193
5242
3199
5250
3204
5253
3210
5261
1167
1168
3217
3218
3219
5267
3222
3226
5275
5277
3229
1182
3234
5285
3238
5287
5291
3246
1201
3251
3252
5303
3256
1208
5307
5309
5311
1217
3267
3270
1224
3274
5323
5329
1235
5334
5335
1241
3292
3295
5346
1251
1260
1268
5365
3320
5370
3322
5372
3325
5373
3326
3327
5377
1281
3330
3331
1284
5382
1286
1290
3338
3339
1292
1293
5389
5391
1295
1299
5396
5398
1302
3350
1303
5400
5401
1308
3358
1310
1315
1317
1318
1319
3370
3372
5421
1326
3374
5422
5425
1332
3380
1334
3384
5436
1341
3389
5438
5439
5440
5441
3393
3397
5447
3400
5449
3402
1355
5456
1362
3413
3414
3415
1370
5469
1375
1376
1377
3428
1382
1383
1389
5488
1394
5493
1398
5496
3450
5501
3456
3461
1415
1421
5519
1424
3477
1433
1434
1437
1441
3490
5542
1446
5543
3495
1452
5553
3506
5555
5556
1461
3510
5560
5561
5562
1469
5566
1471
5569
5574
3526
5576
3530
3532
1486
3537
3539
1492
1493
1500
3548
3553
3558
3562
1516
1519
3569
3571
1523
1524
1527
1528
3577
1532
3580
1533
1535
3583
3585
1540
3593
3595
1550
3599
1560
3612
3626
3629
1582
3633
3641
1594
3643
1596
3645
3653
1614
3666
1620
3668
3672
3677
1629
3679
3680
1636
3684
1643
3691
3692
1647
1656
1657
3707
1660
1662
3711
1664
3715
3719
1671
3726
3727
3728
3730
1683
3732
3738
1691
1699
1700
3749
1701
3750
1703
3752
1704
1706
3755
1712
3763
3765
3767
1720
3769
3770
1722
1723
3777
3786
3787
3789
1741
3792
3793
3795
1753
3811
1766
3815
3818
1774
1775
1777
3826
1781
1783
3837
3838
3841
1802
3853
1807
1815
1816
3865
1819
1823
3873
3877
3878
3879
1840
3891
3899
3902
1856
1859
3908
3914
1867
1870
1872
3920
1873
1874
3937
3939
1895
1898
1902
1904
1909
3958
1910
3961
3962
1915
3965
3970
1927
3983
1935
3984
3987
3992
1948
3997
3999
4004
1956
4005
1960
4009
1963
1966
4016
1969
4020
4025
1981
1983
4034
1989
1990
1993
4041
1995
4046
1999
4051
2004
4052
4055
2010
4062
4063
4064
2017
4066
4067
2020
2021
2022
4071
2025
2028
2036
2037
2043
2044
2045
2046
17
257
100
132
106
396
76
333
143
175
209
242
121
26
251
92
126
350
