1687
4098
4100
8197
4101
4102
8210
4115
8212
22
4121
4127
31
37
4139
43
4142
48
8241
8244
4150
8250
8253
4161
4166
4167
8263
72
4171
4172
76
4173
8274
85
8278
88
4186
8283
8285
8287
8293
102
4200
4207
112
4208
4210
8308
120
4217
8317
125
8318
8319
130
8322
8323
137
4235
4238
8338
4244
148
8343
153
4251
4254
159
8352
4257
161
166
8361
8363
172
4271
8375
184
193
8387
4292
198
4298
202
203
204
205
4302
211
213
8407
217
218
219
220
8413
4322
228
232
4330
241
244
8438
252
8445
254
4350
4355
8452
8455
272
273
274
4371
8469
277
279
280
283
8476
8478
8481
290
293
4390
8488
296
8490
8492
301
308
8503
8508
8512
322
4421
331
8523
4428
8527
4432
342
4442
4444
4447
352
8550
360
362
4461
365
4462
4468
373
4471
378
8572
4478
382
384
8577
8579
8584
393
8585
4490
4492
400
4502
410
8602
8604
4510
417
4513
4516
8613
424
8618
427
4523
8621
4528
4530
8627
4532
8630
440
4537
4538
443
4539
8635
445
4544
4547
8643
4551
457
8650
4554
4557
8655
464
466
4566
8662
8666
8669
4573
8671
482
8676
4580
8678
8680
4592
8689
502
4603
4608
8707
8710
8711
8712
8714
8716
526
528
8723
4629
535
4636
542
4640
4641
548
556
4655
4659
564
567
4664
8761
571
4669
8770
8771
581
8773
8777
4684
8781
4686
590
8785
593
8787
4694
4696
4697
8795
4699
8796
4701
8800
8802
4706
8806
615
8811
8814
4720
8818
8819
636
4732
8831
642
4738
8838
652
655
656
8850
658
672
673
4770
8867
678
8871
679
681
4777
8874
683
8875
8876
4780
8881
8883
4789
8886
4792
8888
704
4800
8901
8908
4814
8911
4825
4830
736
8935
4844
4846
750
8944
4851
756
4854
761
8954
8955
8958
769
4865
8969
777
4878
8980
4887
8984
8985
4892
4894
798
8992
808
4909
4915
9012
4916
4919
9017
4922
9022
9023
4931
4932
9031
4936
9034
9037
851
9045
4949
4954
861
863
9055
864
865
4961
9060
871
4971
876
4972
4973
877
4974
4977
4978
9075
4981
886
9079
4984
891
4987
9084
9087
897
4994
903
9097
5001
5002
5003
5004
5006
911
5009
5014
9115
5021
9118
930
9123
933
9127
5035
5036
5038
9135
943
9136
9137
951
5050
956
5053
9150
5054
9153
966
9158
969
5069
976
978
9171
5076
9172
981
983
984
9177
987
9181
9182
990
5087
9185
995
5095
5098
1003
9196
5101
5102
9199
9200
1009
9202
5108
9204
1014
9207
5112
9211
9212
5117
1024
1027
5127
1034
1035
5132
9229
9230
5135
1040
5138
1043
5143
5149
5153
5154
9252
1060
1062
1066
5165
5166
1070
1071
5168
1073
5169
9273
5185
5187
9284
9285
5189
5190
9288
9290
9293
1103
1111
1112
9305
1114
9307
5211
9308
5217
1121
1127
5223
9320
1129
9322
9323
5227
5229
1135
9327
1136
9330
5234
1139
1144
9340
5246
5249
9346
5250
5251
5254
5256
1160
5257
1167
1168
1170
9365
5272
5274
1180
9372
1182
9375
5281
5282
1186
9380
9384
1194
1198
1199
1200
5301
9403
1214
5312
1217
1218
1220
9412
5316
5319
5323
9419
9422
9425
1235
5333
5336
9432
5338
5341
5343
1250
9442
5347
5348
5349
1254
1257
9451
5355
1260
1267
9460
1269
9462
9463
5368
1277
5377
1285
1287
5385
5387
9483
9484
9485
1301
1303
5400
1304
9501
5406
5409
5414
1318
5415
5417
9514
9515
5421
9519
5425
5429
9527
1338
1340
5438
5439
1344
1346
5444
1349
5445
5451
1358
5455
9554
5459
1366
5463
1370
5466
9564
1374
5472
1376
5473
9570
5478
9575
5479
5480
9576
5483
5484
9580
1395
9588
1403
1407
1409
9605
1415
9608
1417
1419
9615
9616
9619
9621
5527
5528
9634
1445
1446
9639
9641
5548
5549
9645
9646
1465
1466
9658
1468
5566
1474
5575
1481
9677
5583
5586
1492
1494
5594
1500
5596
5599
5607
1511
5616
9714
1526
1530
9722
5630
9729
9736
5640
5641
1545
5643
5644
9742
5647
1553
5649
1556
9752
5657
9756
1564
5667
9766
1575
5673
9772
5678
9778
5683
1588
1589
5686
5687
1594
1597
5695
5696
1614
9808
5715
1621
1622
1624
9816
5720
9817
9818
1627
1629
1632
9825
5730
1635
1636
9831
1642
5741
9839
5747
5752
9852
5762
9858
1669
9866
9867
9873
1682
9875
1684
9881
5786
1690
1692
5789
1695
9888
9891
1700
9895
5800
9898
1707
1709
1716
9910
9911
9912
1721
5817
1722
5820
1728
1731
9926
1736
5835
9933
9935
5842
9941
1750
9942
5853
1757
1761
5860
5862
5869
1774
9966
1775
1776
1784
1785
1787
1788
1791
9990
5897
5903
1807
10000
10001
5909
10007
5912
1816
10010
1818
1819
1822
10015
10016
1826
5925
5928
5932
1838
10032
1840
10033
5937
10034
5942
10039
5945
10044
1852
10047
1856
1859
10054
1862
10061
1873
5973
5980
10077
1886
5995
1901
5998
1903
6001
1906
1911
10104
10108
1923
10116
10119
6026
10122
6028
10125
10126
10127
1937
10130
1939
6036
1943
1944
10137
10140
6046
1952
6049
1962
10155
1963
10157
1965
10158
10161
10162
6067
10169
1978
6074
6075
1981
1982
10178
1989
10181
1990
6087
1991
10185
10186
6091
1997
6093
1999
10191
6096
6097
10193
10194
10203
10204
2015
2016
6115
10214
2022
2023
10216
2036
10230
2039
6137
2044
2045
10246
10251
6155
2060
6160
10256
2067
6171
10268
6174
10270
2081
2082
10275
10277
2086
10280
2088
10283
10286
6191
2106
6203
10300
10304
10305
6209
2115
10309
2121
10316
6222
10319
2128
2129
2133
2136
10331
10332
10333
2144
10337
2150
10347
2155
2156
10348
2157
10350
6254
6256
6261
2165
6262
10358
2166
6267
10366
10368
6275
6279
2187
6285
2189
2191
6290
6291
2196
10389
2198
10390
6295
2202
2204
10396
10398
6303
10399
6304
10403
2213
6309
10406
2217
10417
2232
6334
2238
2244
2245
6341
6342
10439
10447
6352
2257
10449
2259
6357
10455
10456
6365
10461
2270
10462
2271
6376
2280
6378
6380
6381
10479
6384
2288
6385
10482
10486
2294
6391
10488
6398
2305
10498
6405
6409
10508
6412
10511
6416
10513
2324
10522
2334
10526
2336
6432
2337
10530
10536
6442
6444
10541
10543
2352
2354
2355
6451
10549
10552
6458
6462
6463
10560
10561
10562
2377
10579
10582
2390
2391
10583
6488
10585
2399
10594
10598
6502
10600
2409
2412
2416
10608
6518
2424
6521
10617
6522
2427
10623
6527
2433
6532
6541
6542
10643
2451
6552
10649
6556
6562
2466
10659
10660
2478
10676
2488
10681
2491
6589
6592
10688
10692
10694
10698
6605
2513
2515
2516
10708
10710
2519
2531
2534
10726
6633
2538
10730
6635
10732
10733
6643
6644
6646
6647
6649
6655
2559
2560
10753
2566
6662
2569
6666
2573
2576
2579
6677
2581
10778
6684
2590
10784
10788
2597
2599
2600
6697
10801
2611
6707
2614
2618
6717
10815
2627
10819
6726
2639
6736
10832
2642
10836
2644
6744
6745
2650
2662
6759
6761
2675
10869
2678
6781
2687
10880
2688
6788
10885
6789
2695
2697
10891
2700
6797
6798
2711
6812
2721
6820
2726
2728
6826
2730
10923
10925
2736
6841
6843
10942
2754
6853
6859
10956
6862
6863
2769
10961
6866
6870
10966
6871
6874
6875
10971
2781
6878
10975
2784
10979
6885
10986
6890
2795
10987
6892
2796
6894
10992
10993
6898
6900
6901
10999
6904
2808
11009
11015
11022
6927
6932
11029
2838
11034
11035
11040
2853
6950
11047
6953
2858
2859
11052
2863
11055
11056
11057
11058
11060
2871
6967
2875
2876
2878
11070
11073
2888
11081
6987
2892
11085
2894
11092
11098
7003
2908
11102
2913
2914
7011
11109
11111
11114
7019
11116
2926
7022
7025
7026
11123
2931
7027
2936
7034
11133
7041
7042
11141
11144
11145
2960
7056
2965
7062
7064
11162
2972
11165
11166
7072
7074
11171
7076
2982
7079
7081
2991
11187
11191
7095
11196
7105
11203
3011
3013
7110
11206
11207
3015
3021
11216
3025
7122
3031
7128
3035
11228
3038
3041
11237
3049
7147
7150
7151
3056
7153
7154
3062
11258
7162
7166
3071
11265
3075
11269
3077
3078
3079
11273
11275
11278
3087
7183
11280
3088
11281
7188
3093
7192
11288
11289
7194
11295
7201
7210
11307
7217
11317
11319
7225
7230
7232
7235
3143
7240
3154
7252
7254
7259
7262
7263
7264
3175
7271
7274
3178
7282
3191
3192
7289
7290
7294
3204
7300
3205
7302
7308
7311
3216
3217
3218
3221
3224
3225
7323
3230
7329
7339
3245
7352
7357
3262
3272
3279
7377
3281
3285
3287
3290
7388
3298
7398
7413
3326
7423
3331
3332
3338
7436
7437
7442
3347
7443
7444
3349
3351
7449
3354
3359
7459
3366
7464
3370
3373
3376
3377
7473
7480
3389
3394
3399
7496
3403
3407
7503
3411
3415
3419
7518
7531
3452
7551
3463
3466
7564
7565
3482
7578
7580
7581
7582
7584
7585
7586
3491
3492
7589
7592
7593
3501
3502
7599
7604
7605
3511
7616
7617
3524
7622
3528
3538
3543
3549
3551
7654
3560
3561
3565
3566
7663
3572
7670
7678
3583
3585
7683
3587
7685
3592
3596
7695
7696
7701
3607
3612
3621
3629
3635
7733
7739
7741
3645
3653
3655
7751
7754
3666
3669
3674
3678
3679
3681
7780
7781
7783
3692
7790
3697
7793
3702
3704
7815
7816
3728
7832
3742
3756
3758
3760
7857
7859
7861
7863
3771
3773
7872
3776
3778
3782
3783
3786
7882
7887
7888
3794
3797
7901
3805
3807
3808
7909
7912
7916
3835
7938
3845
7941
7946
7954
3867
3873
7970
7973
3881
7982
3886
3890
3900
3903
3904
3906
8004
8006
8007
3912
8015
8019
3923
8025
8028
8030
3936
8037
8046
3952
8050
3959
3962
8059
3970
8067
3972
3974
3982
8081
3988
8085
3994
3996
3999
4000
4001
4004
8103
4008
4010
8109
4014
8110
4015
8114
4019
4021
8118
8128
8131
4036
8138
8140
8143
4050
8150
8157
8165
4071
8167
4074
4076
4078
8178
4082
4085
8184
4089
8189
6
0
3
102
43
94
175
