1025
2052
4101
4106
2058
4107
4108
12
2065
2066
2071
23
4121
26
4126
31
2080
2081
4130
35
4132
36
4133
2085
38
40
2090
4142
48
4145
4147
2100
53
55
2103
56
4154
61
4158
4159
4160
2112
2118
72
2122
2123
76
78
4175
80
4177
2131
89
4185
90
4187
2140
94
2142
4191
4193
4194
2147
102
110
113
4216
2171
2172
4223
129
2181
134
4236
2192
147
2197
154
2203
2204
2206
161
4261
2214
166
168
4264
2217
4268
2220
2221
173
2222
4272
4274
4275
4276
180
182
2230
183
184
2234
4282
4290
2243
195
4293
2248
4296
204
4301
4309
2265
4316
2268
2270
2271
223
2272
4321
226
4324
2276
2277
2282
4332
4334
2286
4337
242
2290
243
248
2296
249
2300
4350
4351
2306
4356
2309
4358
262
2313
2317
2318
270
273
2327
4376
4378
4380
289
4387
2342
4392
297
4394
2347
4396
301
4397
2352
307
4408
2361
316
4417
2379
333
4432
2386
4434
341
342
4438
345
2394
4443
2395
2397
2399
352
2403
4452
2405
4455
361
2410
2411
4462
367
4463
4465
4469
4471
2424
4475
379
2428
2432
385
4483
390
4487
2440
4489
2441
2443
4493
2445
4499
406
407
4504
4506
4509
4510
418
420
422
432
435
4535
2487
2490
4538
443
446
448
4544
4545
452
2501
456
2504
2508
462
465
4562
2515
474
2523
476
4573
4574
2527
2528
2530
484
2536
492
4590
494
2543
496
498
499
4596
2549
4598
504
506
4603
508
2556
515
2564
2567
519
4615
2568
4617
526
2576
4625
2579
532
4628
2582
537
2588
541
4638
4643
2596
4647
4649
4650
2605
558
2608
4660
567
2616
569
570
572
4668
4673
2626
578
2628
580
4676
2629
581
4679
4681
2638
4691
600
4699
2652
4702
609
4707
2661
4712
4713
4714
2667
4716
2669
4717
621
2672
627
2676
4727
632
2681
634
2683
4732
637
2685
2686
4738
4739
643
2692
645
649
650
4746
4747
2700
2703
4752
2704
4753
660
4758
662
666
667
4763
2716
4765
2722
2726
4775
679
2734
4782
687
4783
689
2737
4789
695
2745
2751
4800
704
2754
4804
2756
708
710
4807
2762
4811
2763
4814
2767
4815
2768
4818
725
4821
2776
728
4828
733
2781
4830
735
2784
4835
2788
4838
2801
753
4851
758
4856
760
762
763
4861
4863
772
2821
2822
4872
777
4875
780
2829
4883
792
797
2847
801
2851
803
2852
2853
2855
2858
4910
2863
2864
4913
821
4918
825
2874
827
2875
831
2883
4931
837
838
2887
4937
4938
4943
2896
852
4949
2901
2903
856
2904
861
864
2915
4963
868
2916
4965
4969
874
4970
2927
2931
2932
2933
4983
889
4987
893
4990
896
4992
2944
4993
2948
901
5000
906
5003
2958
2960
2963
919
5016
921
5022
5025
931
2980
932
933
5029
934
5032
2987
942
5039
2992
2993
5044
2999
5048
953
5055
959
960
5058
963
3015
5063
967
3021
3022
5072
3026
5074
3029
982
3030
5078
3033
3035
5085
990
3038
5087
991
3040
3044
996
5093
997
5094
3046
998
3048
1006
3054
5103
3057
1010
5108
3060
1013
5111
1015
5115
3067
1019
1023
5120
1029
1030
1031
3080
3089
3093
5141
1050
5147
3102
1055
5153
1057
1060
5157
1069
1071
1073
1074
1079
5175
5181
3134
5182
1086
1089
3139
1094
5192
1096
1097
3148
1100
1111
5207
3160
5210
5211
3165
5214
5220
1125
5223
1128
5224
5225
5226
5227
3181
1133
1135
5237
5238
1143
5239
1148
5248
3204
5252
3208
1160
5259
5261
5264
1170
3218
3219
1174
5270
1177
5275
3228
3229
1182
1184
3234
1186
1192
3244
1196
1200
1201
3252
5301
5303
3259
5309
5311
5313
3267
3270
1224
3273
5323
1235
5334
1241
3289
3291
3292
3295
5346
1251
3300
3302
1256
3307
1260
1263
5359
3312
1268
3316
5365
5370
5372
3326
3327
1280
3329
1281
1282
3330
3331
1284
5381
1286
1290
3339
1292
5391
5392
3346
1298
1299
3348
5398
3350
5400
5401
1309
1311
1315
5411
1317
3366
1318
3370
3371
3372
5421
1326
5422
1327
1332
5429
5431
3393
3394
3397
1351
5447
3400
1353
1355
5452
3410
5461
3413
3414
3417
3419
3420
3422
1377
5474
1382
1383
5480
1384
5481
1385
5484
5488
3441
5490
1394
3442
5493
1398
5494
3448
3456
5505
1410
3461
1415
3466
1420
5520
1424
5523
5524
3477
1430
5527
3482
1434
1441
3493
1446
3499
1452
5552
5555
1462
3510
5561
3513
3514
1467
5566
5567
1473
1474
3523
5574
5576
1481
5578
3530
3531
1484
3532
3533
3536
3539
1491
3541
1494
3545
1500
1501
3554
3559
1513
3561
3562
1516
3565
1519
3569
3572
1527
1528
3577
3580
1532
1533
3583
1540
1543
3593
3594
1548
1550
1552
1554
3607
1560
1565
1566
1569
1575
3627
1581
1582
1590
3638
3639
1594
1596
3644
1600
3653
1609
1614
3666
1619
3682
1635
1637
3691
3692
1648
3696
1650
3698
1655
1656
1657
1661
1662
1663
3711
1664
3715
3716
3717
1670
1671
3719
3722
3728
1683
3732
3738
3744
1699
1700
3750
1703
3752
3753
1707
3759
3763
3765
3770
1723
3777
1733
3787
3789
3791
3792
3793
3795
3796
3798
1753
1766
3816
3818
3819
1774
1775
3825
1779
3830
1783
3834
3838
1792
3847
3848
3853
1807
1810
3859
3860
1815
1816
3865
1817
1819
1820
1823
3877
1829
3878
1834
3886
1838
3890
3891
3894
1847
1849
1851
3901
3902
3907
1861
1865
3917
1870
1872
1873
1874
1875
3928
3936
3937
3938
1892
1895
1898
1909
1910
3958
1912
1914
1915
1917
1920
3970
3971
3978
1935
3984
3995
1948
3997
1951
4002
1955
4004
1956
4005
4007
1960
1961
4009
1963
4017
1972
1973
4023
4029
4032
1984
4033
4035
1989
1993
1995
4046
1999
2002
4051
2003
2004
4052
4053
2007
4056
4058
4062
4063
4066
4067
2019
2023
4073
2030
2031
2033
4082
4083
4084
2036
2037
4085
4087
4090
2043
25
65
323
68
73
74
395
396
333
274
85
152
220
92
229
38
170
107
45
175
240
305
313
314
380
255
