1583
0
4097
2
4098
3
4101
4105
4107
4108
12
14
18
4116
23
24
25
27
28
4126
31
4131
35
4132
4135
39
40
41
45
4142
4145
4146
55
4151
56
4154
4158
66
4163
4164
4169
4171
76
79
4177
82
4185
90
4186
94
96
4193
102
4200
104
106
4205
4206
112
4210
4213
118
120
4217
122
4223
4225
130
131
4228
4231
135
4236
4237
4239
143
4240
4241
147
4245
4247
4248
154
157
4254
159
4257
4259
164
4261
4262
167
168
4267
4271
4272
177
178
4274
4276
181
182
4280
4282
4284
190
193
4291
196
4293
199
4295
4296
201
4298
204
4301
207
208
209
212
220
221
223
4320
4321
226
4324
229
4333
239
4336
241
242
4338
243
4343
248
249
250
252
253
4350
4354
4355
4356
4357
4358
4359
266
267
4363
4364
270
4366
4367
273
4370
276
4374
4375
4378
288
289
4388
4394
4396
4397
4398
303
305
307
309
316
4413
318
4417
322
4420
327
328
4425
4428
4431
4432
337
4437
342
4440
4442
347
348
352
353
4451
357
358
4455
361
4458
4459
363
4460
4461
4462
4463
368
371
4468
4469
4472
4480
385
386
4483
389
4486
4487
394
396
4494
398
4499
405
407
409
4506
4507
4508
4509
4510
414
4511
418
420
4519
424
4521
426
4526
433
435
4532
437
4538
446
4543
4544
448
449
451
452
4550
454
4551
456
4556
4559
465
4562
466
4563
4565
469
4566
470
471
4567
4568
4571
476
4573
4576
482
4579
484
4582
490
4588
494
4592
4593
4595
501
504
506
508
511
512
513
515
4614
4615
4616
520
4620
4621
529
530
532
534
4632
4634
4636
541
4637
542
4640
4641
547
4645
552
4649
4650
4651
4652
556
561
4661
4664
569
4665
4666
570
571
4670
574
578
4676
583
4679
4680
593
4689
4690
4691
595
4692
4698
604
605
606
4704
609
611
4707
615
616
4714
4716
4719
623
635
4731
4732
4735
4738
4739
645
4743
649
4747
651
653
4753
4754
659
4756
660
663
666
667
668
673
679
4777
4778
683
685
4781
686
4783
688
4785
4786
692
695
698
699
4795
700
701
4800
4801
707
710
4806
4810
4811
716
4814
720
721
725
4821
729
4826
730
4830
734
735
736
739
741
4838
743
4839
4840
4842
748
4847
751
753
4849
754
4851
4853
758
762
765
4861
4863
767
771
772
4869
4872
4874
4875
780
4878
4879
786
4883
787
789
4887
4888
798
801
803
806
4904
811
812
4910
4913
819
820
821
824
825
4921
830
833
836
4934
4936
840
4937
841
843
844
845
4943
847
4946
4947
852
4949
856
857
859
4956
861
866
4964
4966
870
4969
4970
874
875
4974
879
881
4980
885
4982
4984
889
890
4987
891
4992
4994
4996
901
4998
904
5001
905
5003
907
5005
5008
5009
5011
5013
919
5016
5017
921
5019
5022
926
927
928
931
932
933
5029
934
935
936
5032
938
5034
940
942
943
5039
5044
948
5046
5048
5049
955
957
5053
958
5056
960
963
5061
5063
5064
973
5074
980
981
5078
982
5079
5080
5083
988
5085
5087
5089
996
5093
998
5095
1003
1004
5102
5104
1010
5106
5107
1012
1013
5111
5115
1019
1020
5120
1024
5121
5123
5125
5127
1036
5136
5139
1043
1047
5147
5148
1055
5153
1058
5155
1060
1062
5158
1063
1068
1069
5167
1071
5168
1073
5169
1074
5173
1079
5177
1082
5179
5180
5182
1086
1088
1089
1091
5187
1095
5192
1096
1097
5195
1101
1108
5204
5206
1111
5207
1112
5209
5210
1114
1115
5214
5216
1121
5219
1125
1129
5226
1131
5227
1134
5232
1137
1140
5239
5241
1145
5243
1147
5248
5254
1160
1161
5259
5262
1168
5264
5266
5270
1174
5272
1177
1178
1179
1180
1182
5278
1183
5279
5281
1186
1187
5283
1188
5285
1190
5287
1192
5289
1195
1200
1201
5297
1206
5303
1207
1209
1211
1212
5309
5311
1217
1218
1220
5317
1221
1224
5320
1226
5323
5327
5329
5330
5331
1235
5332
5333
5334
5336
1240
1241
5339
1245
5341
5343
5346
1251
5347
5349
1255
1256
5356
1260
1261
1263
1266
5363
1268
5364
5372
5373
5374
1281
5377
1284
1290
1292
5388
5391
5392
1297
5393
1298
5396
1302
5398
1303
5400
5401
1306
1307
1308
5407
1312
5410
1315
5411
1317
1318
1326
5422
1327
5425
5426
5427
5428
1333
5430
5436
5438
5439
5442
1347
5445
5447
1355
5452
5453
1357
5454
5456
5458
1363
5463
1370
5469
1374
5471
1375
1377
5474
1381
1382
1383
1384
5484
1389
5488
1393
1394
1395
1396
5493
1398
5494
5495
5496
5501
5505
5509
5511
5513
5515
5519
1424
1430
1434
1436
1437
1440
5538
1446
1451
1453
5552
5555
1459
1460
1461
1463
5560
1465
1467
1468
1469
5566
5569
5571
1476
5572
1477
1483
1492
1500
1505
1516
1517
1519
1521
1525
1527
1530
1533
1536
1540
1546
1547
1549
1550
1551
1552
1559
1560
1563
1565
1566
1569
1576
1577
1580
1582
1583
1588
1594
1599
1600
1614
1619
1620
1626
1629
1632
1643
1648
1657
1661
1663
1671
1672
1674
1678
1680
1689
1691
1693
1697
1699
1700
1701
1703
1704
1706
1707
1712
1715
1716
1720
1723
1724
1725
1731
1732
1740
1742
1755
1760
1763
1766
1770
1775
1776
1777
1781
1782
1785
1789
1795
1799
1802
1803
1805
1809
1810
1812
1815
1816
1819
1823
1828
1829
1830
1831
1843
1844
1847
1851
1853
1858
1870
1872
1873
1874
1875
1879
1880
1881
1882
1890
1893
1895
1902
1904
1906
1909
1913
1925
1927
1936
1941
1950
1953
1956
1961
1963
1965
1972
1975
1977
1981
1982
1989
1990
1995
2002
2004
2005
2007
2010
2011
2017
2018
2019
2022
2023
2026
2028
2033
2035
2036
2037
2043
2045
2046
2052
2053
2057
2065
2067
2069
2071
2075
2080
2083
2085
2090
2099
2100
2104
2107
2112
2121
2122
2131
2134
2140
2147
2157
2158
2160
2165
2166
2171
2172
2173
2177
2183
2184
2188
2192
2193
2196
2201
2206
2214
2217
2221
2228
2234
2238
2239
2240
2241
2244
2247
2250
2252
2259
2268
2270
2272
2278
2283
2284
2286
2287
2290
2296
2306
2307
2312
2313
2316
2332
2333
2334
2337
2341
2342
2351
2355
2357
2366
2367
2372
2374
2375
2379
2383
2386
2394
2395
2396
2397
2402
2403
2409
2410
2411
2414
2418
2421
2422
2425
2434
2435
2436
2443
2445
2449
2454
2462
2465
2467
2470
2478
2482
2484
2491
2493
2495
2498
2499
2501
2503
2504
2507
2509
2513
2515
2518
2520
2523
2528
2529
2531
2532
2536
2542
2543
2545
2547
2549
2556
2568
2569
2571
2572
2576
2578
2579
2580
2582
2593
2597
2602
2604
2606
2616
2622
2623
2624
2626
2628
2645
2649
2651
2655
2657
2672
2674
2676
2687
2690
2692
2694
2698
2700
2701
2702
2706
2717
2718
2721
2722
2726
2731
2734
2737
2741
2746
2750
2754
2757
2760
2762
2763
2772
2781
2789
2791
2792
2796
2799
2801
2805
2806
2809
2810
2812
2817
2820
2821
2823
2842
2848
2851
2853
2854
2856
2858
2860
2862
2863
2875
2877
2878
2883
2891
2894
2895
2903
2906
2910
2914
2915
2921
2927
2929
2930
2937
2941
2946
2971
2972
2974
2977
2979
2984
2988
2989
2993
2994
2997
2998
2999
3012
3019
3023
3024
3030
3033
3035
3044
3045
3048
3051
3053
3054
3055
3057
3060
3061
3070
3080
3082
3083
3085
3091
3092
3093
3099
3101
3103
3107
3110
3111
3115
3124
3125
3128
3129
3130
3131
3133
3134
3136
3137
3138
3139
3148
3159
3160
3163
3165
3167
3169
3180
3181
3182
3183
3187
3189
3191
3199
3204
3216
3217
3219
3221
3229
3231
3234
3238
3239
3244
3245
3246
3252
3254
3260
3263
3266
3278
3279
3281
3283
3287
3292
3293
3295
3297
3304
3307
3322
3325
3326
3327
3329
3330
3332
3333
3339
3340
3341
3342
3348
3353
3355
3359
3360
3370
3372
3374
3375
3376
3380
3381
3382
3384
3388
3396
3397
3398
3400
3401
3402
3404
3405
3410
3411
3418
3419
3422
3424
3433
3436
3441
3443
3456
3457
3460
3469
3472
3477
3487
3495
3507
3509
3513
3530
3532
3535
3539
3543
3544
3548
3549
3551
3553
3558
3567
3569
3570
3572
3577
3581
3584
3585
3587
3589
3590
3593
3594
3595
3599
3609
3611
3612
3613
3619
3624
3626
3627
3629
3633
3639
3641
3643
3645
3648
3652
3653
3658
3663
3664
3666
3670
3671
3691
3709
3711
3715
3719
3722
3732
3738
3740
3741
3742
3746
3749
3750
3751
3752
3754
3755
3758
3763
3765
3774
3776
3777
3778
3787
3791
3792
3794
3795
3800
3806
3811
3813
3818
3820
3826
3832
3838
3841
3842
3854
3858
3860
3861
3865
3868
3870
3871
3872
3873
3877
3879
3882
3886
3889
3890
3891
3893
3895
3896
3897
3898
3901
3902
3904
3907
3914
3915
3916
3917
3921
3944
3946
3951
3953
3959
3965
3966
3970
3971
3980
3984
3987
3990
3991
3992
3993
3997
4004
4005
4008
4013
4015
4016
4017
4025
4028
4029
4039
4046
4050
4051
4052
4055
4056
4058
4059
4060
4061
4063
4064
4066
4071
4073
4082
4083
4084
4085
4086
4090
4091
4094
44
0
257
323
68
324
132
6
134
199
392
266
203
139
77
205
81
275
276
341
279
344
408
409
153
412
221
286
102
166
297
235
45
237
175
368
242
371
309
181
118
246
188
252
190
