942
4097
2
2051
4101
2057
4106
2059
14
2065
2067
23
24
25
4121
27
2076
4126
2080
36
4133
2090
4142
46
4145
2100
4149
55
2103
4151
56
4154
61
4160
67
4164
72
2121
4169
2122
2123
2127
4177
82
2131
90
91
4188
2140
2143
2144
2147
4198
4199
104
107
4203
2158
2160
115
116
2164
2166
2167
4220
2172
2176
2177
2178
4228
132
133
2182
2188
4236
4237
4239
4240
4241
145
147
4245
4248
2203
2207
4255
2211
164
4261
2214
167
168
2217
2221
4272
4278
2231
4280
2234
186
2238
2240
4288
4296
2250
2251
210
2259
213
2268
221
223
2272
4320
4321
226
4324
2286
2287
4338
242
2290
243
4339
244
2295
2296
249
253
4349
2306
4355
2307
4357
4358
4359
4360
2313
2314
4363
2315
4364
4366
273
274
279
4378
4380
2333
2334
2337
4388
2341
2342
296
4396
4397
2352
304
2355
4403
307
309
316
4415
2367
4417
323
324
4430
2382
4431
2385
4434
2386
341
2394
346
2395
2396
2397
2399
352
2401
4451
2403
357
4453
2411
4459
2414
4462
2415
4465
371
2424
2425
2429
382
4480
385
2435
2436
389
2437
2443
2445
398
4494
4497
4499
2452
4502
411
4508
416
420
2474
2478
431
4527
433
4531
2484
436
4535
2488
441
2490
2491
2493
446
448
451
2499
452
4550
4556
2509
462
4559
4562
466
4564
2522
4571
476
4573
4574
2529
482
484
485
4582
490
2545
501
504
506
508
2556
512
4608
515
4614
520
2572
527
4623
530
532
2582
536
4637
2591
2592
2593
4641
2595
4649
4650
4651
4653
561
2610
2613
4664
570
2621
2622
578
4680
587
589
594
4692
4695
2651
603
4700
605
609
2657
4706
2658
4707
611
4714
2666
621
623
2671
4719
2674
627
2676
4728
4732
2687
4736
2692
645
2698
651
4748
2701
2702
656
4752
659
4756
663
666
667
2717
670
4767
2726
679
680
4777
2734
4783
2737
4786
2741
695
2745
699
700
701
2749
2751
703
4800
704
2754
707
4803
4810
4811
4813
4814
719
721
4819
2772
4821
728
2776
4825
2781
734
736
743
4839
2792
4841
746
2796
748
753
2801
4851
2805
758
4855
2812
4861
765
4862
4863
767
2815
4865
2818
772
2823
4872
777
4874
4875
780
786
4887
793
798
2848
801
802
2851
803
4899
4901
806
2856
2858
4910
2863
4913
819
820
4918
825
4921
4925
2878
4926
833
2881
834
2885
4934
841
4937
2889
4946
851
2901
856
857
861
874
4970
4971
2927
2929
2930
882
2937
889
4987
891
2943
2946
4996
5001
2953
5003
5005
2962
5011
5014
5017
921
5019
926
5022
927
2975
929
2979
932
5029
934
935
5032
5035
942
5039
943
2992
5044
2997
2998
5048
955
959
5056
5058
963
967
5063
5066
5069
3021
5074
3026
980
981
5078
5080
3033
5081
3035
5084
3037
992
993
3044
996
5093
997
3047
5096
3051
1004
5106
1010
1014
3062
5111
5115
1019
3070
1024
5121
3075
1030
3080
1033
3085
5134
5136
5139
3091
3093
1045
5144
1049
5153
3110
3111
1069
1070
1071
5168
3120
1076
5173
1078
5174
1079
3127
1082
3130
3133
5181
3134
5182
1086
1089
3140
5188
5192
1096
1097
1100
1101
5197
1104
5204
5206
1111
5207
1114
5210
3163
3165
5216
3169
1121
5220
3174
3179
5227
1131
3181
3182
1136
3189
3191
1147
3199
5248
3204
5252
1160
3211
1166
1170
3219
3221
1174
3225
1177
1178
1180
3229
1182
3231
1183
3234
1187
5283
3241
3245
1200
5297
5301
3254
5303
3260
3262
5311
1217
5314
5316
1224
5320
3272
5323
3281
5332
3284
5334
3289
1241
5338
3291
3292
1245
1251
5347
1256
1260
1261
1263
1268
5374
1281
3332
5382
3339
5388
3340
1292
5391
5392
1296
1299
1302
3350
5398
1303
3351
5400
5401
1306
3355
3356
1308
3359
1312
5408
5410
1317
5421
1326
5423
3375
5425
1333
1335
5436
5438
1347
1348
3396
5445
3397
1349
3400
3404
5453
1357
1361
5458
1363
5463
3418
3420
1374
3424
5478
1382
1383
1384
1388
5484
5485
3439
1392
3442
3443
1396
3444
1398
5494
5495
3453
1407
5505
1409
1410
5506
1415
3465
5515
5519
1424
3472
1426
1427
3477
1430
3481
1434
3482
1436
5532
5536
5538
1446
1447
1452
5555
1461
1463
3512
3515
5563
1468
5566
5569
5571
5572
5577
1483
3532
1489
3539
1493
3544
1498
3548
3549
1503
3553
3558
1510
3561
1517
3565
1519
1522
3572
3577
1530
1532
1533
3581
1536
1543
1550
1551
3601
1553
1556
1559
3607
3609
1563
3612
3613
1566
1569
1573
3624
3627
3633
1594
3643
3651
1608
3660
1614
3666
1619
1620
3669
3670
3674
3679
1631
1632
3680
1634
3691
1643
1644
3695
1648
3696
1649
1655
1656
1657
1659
3716
3719
1672
3722
1678
1680
3728
1688
3738
1691
3746
3750
1703
1706
3758
3763
1716
1721
3770
1725
3777
1731
1732
3783
3785
3792
1744
3795
1748
1750
1757
1758
1763
1766
3814
1770
1771
1775
1788
3837
3841
3849
3854
1809
1810
3859
3860
3868
3870
1823
3875
1829
3886
3889
3890
1843
1844
3898
1851
3901
3907
1861
3913
3916
3917
1870
3921
1873
1874
1879
1881
3934
1895
3950
3951
3953
1909
3959
3973
1931
3980
3984
1940
1943
1946
3998
4005
1963
4016
1972
1975
4029
1982
1988
4050
2002
4051
2011
2014
4063
4066
2022
4078
2031
2033
4081
4082
2036
4084
4086
2039
4091
2043
4095
20
224
323
133
134
74
203
77
142
401
243
83
276
341
23
122
220
252
29
286
287
