1216
4098
3
4101
4103
2057
2058
4108
2070
2071
4121
2075
4125
2080
2081
4129
4131
36
4133
4134
38
40
43
45
4142
47
4145
4146
51
2100
52
53
55
2103
4154
2107
61
4160
66
2114
4163
67
70
71
2119
4167
72
4169
2121
2122
2123
4174
78
80
4178
83
85
4184
88
4186
2139
4188
2141
98
2147
2150
2156
4208
113
115
119
4217
122
2171
2173
2176
129
4225
2177
4227
134
2183
2185
2187
4236
2189
141
4237
4238
2191
2192
145
4245
2197
151
4248
153
154
2203
2204
2205
2206
159
164
4261
2214
4262
167
168
4264
2217
170
4268
2220
4275
2231
184
2234
4285
2239
195
2243
2244
4293
2255
209
212
4309
2265
218
2268
2271
2272
4320
224
4321
2273
2278
2282
235
4332
237
2287
4336
4337
2290
242
243
4339
4340
248
2296
252
2300
253
4349
2306
4355
4356
4358
2311
4360
4363
4364
2318
273
274
275
2324
276
2326
279
2327
4378
4383
2335
2337
4388
2341
2345
4394
4396
4397
303
2352
304
307
2355
4403
2358
2359
4408
4409
2361
314
4411
316
4417
324
2374
327
4431
4432
4433
4434
2386
2387
4435
341
4438
342
2393
4441
4442
4443
2398
2399
352
4451
2403
355
358
4454
361
2411
2413
2414
366
2415
368
4465
4466
4468
4471
2424
377
378
379
2428
381
2432
2433
4485
389
4486
4487
4489
2443
4493
2445
4497
2452
406
4502
2455
4507
413
2463
2466
420
4519
424
426
4523
4524
429
431
433
2484
4533
4535
2488
2491
4544
448
2497
451
4549
2501
4553
457
4554
2508
461
462
4562
4567
4568
474
476
4573
478
4574
479
482
4579
4580
2536
4588
2541
2542
2543
2545
504
2552
4601
4602
2556
4606
4608
4610
515
4612
516
4613
4615
2568
4616
522
523
2573
4622
2575
4625
4627
531
2579
532
4628
2584
536
537
4634
541
4638
2591
543
2592
2593
546
4643
4644
4645
550
4649
4650
554
2604
4653
2605
2606
559
2608
561
4660
2613
4662
570
572
2621
4673
578
579
580
2629
2635
589
2640
593
4690
4691
4693
603
4699
4706
611
4715
4716
621
4717
623
2671
627
2676
2677
4726
632
634
635
4732
4736
2689
643
4739
2692
4742
2695
4743
651
4747
4749
653
4751
4752
4753
659
4757
666
2714
2716
4764
673
2722
674
2723
2724
4773
2732
4780
2734
4785
691
695
696
2745
2746
701
2750
702
2751
704
4801
4803
707
710
4809
2762
716
4814
2767
4815
2770
4819
725
2773
728
2776
730
2781
4830
736
2784
4836
2789
2790
744
2796
749
751
2806
758
4856
2808
2809
762
2811
4859
4860
4861
4862
4863
4864
2818
2820
772
4868
2821
774
777
4874
4875
783
786
4884
4885
4887
797
4896
801
803
2851
804
805
2855
2857
2858
4910
2863
2864
2865
4913
4914
821
4918
823
825
2876
4926
2878
4927
4928
834
2883
2885
837
4937
4938
845
4943
2895
4946
4947
852
4949
2901
861
2910
864
2914
2917
4966
4967
872
4968
4969
4970
874
875
2924
4973
2926
4974
2927
2928
4977
2931
4981
886
4982
890
4987
893
2943
4993
904
2953
906
5003
5005
5007
914
5011
2964
5013
918
5016
2969
5017
922
5018
5019
5022
926
927
928
929
5025
5027
2980
932
5029
933
935
5031
2984
5032
938
5035
2988
942
5039
2991
944
2992
947
2997
2999
5047
952
5048
953
3005
959
962
5061
967
5065
971
3020
5069
975
3024
981
5078
982
983
984
3033
5081
3035
5083
5087
993
994
5093
997
3045
5094
3048
3050
3054
5102
3055
1009
5105
5106
1010
5107
3060
3062
1014
1015
5112
3065
5115
3069
1023
1025
5123
1029
5125
1031
3080
5131
3084
5132
1039
1042
5139
3091
3093
5141
5148
3100
5149
1055
3103
1056
1059
3107
1060
3110
1065
1067
1069
5165
3117
1071
5168
1074
5173
1079
3127
5178
3130
5181
1085
1086
3134
1090
3139
5188
5192
1100
3148
3149
1102
5198
5204
1111
5207
5209
3163
5214
5215
3167
5216
3169
5217
1121
5219
1124
1125
3173
1127
1128
5224
5225
3178
5227
1132
3182
1136
1139
3189
5239
1143
3198
1151
5249
3202
3204
5252
3205
1160
1162
5259
1166
1168
5265
5266
3219
5268
1173
3222
1175
5272
1178
5275
1180
3228
5277
3229
1182
5278
3233
3234
3235
5286
3240
3241
5289
1196
3244
3245
3246
1200
3252
5301
3254
1207
3256
3257
5307
3259
1211
3260
5309
3262
1215
5311
5314
1221
3270
1224
1226
3276
3277
1229
1234
1235
1236
5333
5334
5336
3289
3291
1243
5339
3292
3295
1247
5343
1251
5347
3300
3305
5353
1260
5356
1268
3323
5372
3327
3329
1281
5377
1282
5379
3338
1292
5389
3342
5391
5395
3348
3350
5398
1302
3351
1306
1307
1310
3358
3359
5407
1311
3360
5408
1315
1317
3366
5416
1320
5417
3369
3371
3372
1324
5421
1326
1327
5425
3377
3380
3382
1339
3388
5436
3391
5441
1346
5442
3394
3397
1350
5447
1352
3400
5451
3403
3405
3410
1362
1364
3414
5464
1370
3419
3420
5469
5471
1377
5478
1385
1387
5485
3437
3439
1392
3442
3443
1398
5495
3448
5496
5499
3451
3452
3455
1407
3456
3457
1409
1410
5506
3458
3464
3466
3467
3468
1420
5519
1424
3474
3477
1429
1430
3480
3482
1434
1436
1437
1440
1441
5538
5540
3493
1446
1447
3504
5555
1459
1462
5560
3512
3513
1467
5564
1469
5566
1472
5569
3521
5570
1475
5571
3523
1477
1478
5577
5578
3530
3532
1488
3539
1491
3541
1494
1497
3547
3548
1500
3549
3551
3553
1507
1508
3559
3561
1513
1515
3565
3575
1528
3577
1532
1533
3581
1540
1541
3590
1544
3594
1547
3595
1548
1550
3599
1551
1552
1553
3606
1559
1560
3611
1565
1566
3614
1569
1570
1571
1573
1578
3627
1582
3633
1587
1594
1596
3644
3655
1609
1610
1611
3660
1612
1614
3664
3666
1619
1620
3672
3675
3676
3677
3680
3681
1636
3693
1648
3697
3698
1655
1656
3705
1657
1659
1661
3711
3716
3719
1674
3722
1680
3728
3729
3730
1683
3734
1687
1688
3738
1692
3740
3743
3746
3748
1701
3750
1703
1706
1707
1713
1714
3763
1717
3765
1718
1721
1725
3773
3776
3777
3778
1732
1735
1738
3787
3791
3792
1744
1745
3796
1757
1758
3810
1766
1767
3816
3819
1775
3826
1779
1784
3832
1785
3834
3841
1795
3844
3845
3848
1803
3851
1805
1810
3859
1812
3860
3861
1816
3865
3870
1823
1828
3877
3879
1834
3882
3886
1838
1840
3890
3897
3901
3902
1857
3908
1860
1864
1870
3919
1871
1874
3926
3928
1881
1887
1889
1891
3941
3944
3951
1904
1909
3964
3965
1925
3977
1931
1932
3984
1941
3990
3995
1947
3996
1948
3997
1949
3998
1951
4001
1953
1954
1955
4004
4005
1958
4008
1963
4016
4018
1972
1973
4027
1981
1984
4035
1990
4041
1994
1995
1998
4047
2001
2002
4050
4052
2005
4055
4056
4058
4059
2011
4063
2017
4066
4067
2023
4071
2024
4073
2026
2028
4077
2031
2033
2036
2037
4086
2040
4088
2043
2047
4095
33
322
324
6
327
11
395
334
335
145
401
210
83
404
278
343
215
280
216
153
220
286
96
229
38
230
168
297
113
247
55
121
188
254
