995
2053
4103
2057
10
4107
12
4108
15
2063
2065
2066
4117
4118
23
2075
27
29
4126
2078
31
2079
2080
35
4132
2085
4133
39
40
4137
2090
4145
52
2103
55
56
2106
4156
4158
2112
67
4163
71
2122
2124
4177
2131
90
4186
91
4188
2140
95
96
2147
4197
2149
102
2156
109
4205
2158
2159
4208
2160
113
4210
2163
2165
2166
120
4219
2173
128
4225
129
4229
2183
137
2185
4236
2188
141
142
143
2192
4240
147
4244
4246
154
2206
4259
2214
166
168
169
174
4272
178
2234
4284
2238
193
195
4291
196
201
2249
4298
4301
205
2256
2268
222
223
4321
228
4324
229
2284
2286
2288
241
2290
4338
242
243
2291
248
2296
249
2297
4346
2302
4350
2306
258
4354
261
4358
2312
2313
2318
270
273
4370
280
4378
283
4379
2334
4383
295
4392
4394
2347
4396
2348
2351
2355
307
309
4407
4408
316
4412
2366
4415
4416
4424
328
4425
2379
4427
4430
336
4433
4435
4438
4439
2393
4441
2394
2395
348
352
357
2409
2410
364
4461
2414
367
4468
4469
2422
4473
2428
4480
385
2434
4483
2435
2436
4486
4489
2443
2445
398
400
4496
2449
2452
4501
406
408
4507
414
415
4515
420
2468
4519
4523
2477
431
433
4533
2485
437
2488
2493
446
4544
2497
4547
452
2503
456
2506
4556
2509
4563
2520
2523
476
2524
4573
4574
479
2528
2529
484
4580
2533
2536
2543
496
2547
499
4596
2549
504
4600
4601
506
4606
4609
4613
4615
519
4616
4618
2572
530
532
4634
2588
4637
4640
4641
545
546
4648
552
4649
4650
2606
558
4659
2614
4665
4668
573
4671
4672
578
2627
579
2628
4680
4681
2635
4689
2641
594
2643
4691
4692
2649
4699
612
4708
615
4714
2667
4720
4723
2676
2677
630
2681
4729
4732
636
2686
2690
4738
2692
4747
4751
4753
4754
659
4756
666
667
668
2717
675
2726
679
4777
2732
4780
2734
4783
4785
2742
695
4792
2745
699
2750
2754
4802
707
2755
708
710
2760
4808
714
2763
2767
2770
4818
2773
4821
4830
735
741
4838
2791
743
2792
746
4843
753
4851
757
758
760
2809
4859
2811
2812
765
4863
771
772
4868
2820
2821
4872
4875
780
2828
2829
782
4883
787
4884
789
4887
794
798
2846
2847
2848
801
802
803
2851
808
2856
2861
4910
2863
4913
821
4917
4920
824
825
826
827
2882
2883
835
837
4934
4936
843
2892
4940
845
4947
4949
2901
856
4954
861
865
2914
4965
4969
874
875
877
4974
2927
879
885
4982
886
889
4987
2941
895
2949
5000
2953
5003
5004
2969
921
5017
5022
5025
2978
931
2980
5029
5030
5033
2989
942
5039
943
948
5044
2997
2998
2999
5047
5048
953
5049
3003
957
960
962
5063
3023
3024
3026
5074
980
3029
5077
5080
3033
3034
988
5087
994
3043
996
3044
998
5094
3048
5097
1002
3054
5103
3057
1010
1012
5111
5115
1019
1023
1031
1032
3083
3084
5132
5136
1042
3091
3092
3093
1046
5144
5147
1056
5153
5157
3111
1066
5165
1069
1071
5168
1073
3122
5172
1079
3129
5177
3130
1085
3133
5182
1086
1088
1089
1091
3139
3140
1094
5192
1096
5194
1098
3148
3150
1107
5206
1111
5207
3160
1114
5210
1118
5214
1120
5216
5219
5220
1124
3174
5227
1132
3181
1134
3183
1137
5235
5237
5239
1143
5241
5242
1146
1147
5248
5250
3204
5252
1167
5264
3217
1170
5268
1174
1177
1178
1182
1183
3234
5283
5287
1192
3240
3243
3244
5294
3246
1199
1201
3252
5303
3260
5309
3264
5316
5317
3270
5320
5323
5329
5330
1234
1235
5334
1239
1241
5339
3292
3295
1247
5346
1251
3300
3302
1256
5355
1260
3310
1263
1266
1268
3322
5372
3325
3326
3327
1284
5382
3338
3340
3341
5391
1298
3347
5395
1302
5398
1303
1304
5401
3355
5407
1317
1318
3366
1320
5417
3370
1324
5421
1326
5422
5425
3377
5428
1332
3380
1333
5429
1339
3388
5439
5440
5442
3395
3396
3397
5447
1352
3402
1355
3405
1357
5456
1361
3410
3412
3414
3418
5469
3422
1375
3424
1377
3426
1382
1383
5483
5484
3437
5488
1392
5489
1396
5493
1398
5496
1401
3451
1407
3456
5511
5513
3465
5515
1420
5519
1424
3472
5523
3477
1430
3478
5528
5529
1433
1434
1436
5532
1442
3492
3493
1446
1452
5550
1454
5552
5555
5561
1468
1469
5566
3523
1475
5572
5573
1478
3527
3532
3539
1492
1493
1497
3545
3548
3553
3561
1515
3567
1519
3571
1524
3575
3577
1530
1532
3581
1533
1536
3585
1540
1541
1543
1544
1547
1548
3596
1550
1554
3607
3609
1563
3612
3613
1569
1571
3624
3626
3627
1587
3638
3639
3643
3644
3646
3649
3650
3653
1607
3655
3660
1614
3663
3666
1619
3668
3672
3676
1631
3680
1636
1637
1644
3693
1647
1659
3707
1660
3711
1664
3712
3719
1678
1680
3730
1683
3732
3738
1691
1692
3745
1699
3749
3750
1704
3752
1706
1707
3757
3758
3765
3766
1718
1720
1723
1726
3775
1730
3783
1737
1738
3791
1743
1744
3795
3798
3807
3810
3811
1764
1766
3818
1770
3819
1775
3824
1777
3826
3828
1787
3837
3838
3841
3844
3848
1802
1803
1810
3858
3860
3862
1815
1816
3865
1817
1819
3868
1823
3873
1826
3877
3879
1835
3890
3891
1844
3894
3897
1851
3900
3902
3907
3908
1861
1864
1865
3914
1867
3917
1870
1872
1874
3924
1878
1883
3934
1902
1904
1905
1906
1909
3957
1914
1920
3970
1926
3979
3984
3987
1941
1943
3995
1949
3997
4003
1956
4004
4005
4008
4016
4017
4029
1982
1983
1986
4034
1989
1991
1994
1998
4047
2000
2004
4053
4056
2011
2017
4066
2020
2022
4071
4080
2033
4084
2036
2037
2040
2041
2043
4091
2045
21
257
225
323
132
230
330
363
140
301
77
175
79
307
215
280
379
251
380
316
190
31
