1269
4098
2050
3
4101
4103
2057
4107
12
2064
18
2069
25
2075
4124
28
4126
4127
4130
4131
4133
39
40
4137
42
44
45
46
48
4145
49
2098
4146
4149
55
2110
2112
66
4162
4163
2117
2118
4166
71
72
4168
73
2121
2122
2124
2125
79
2127
4177
82
2130
83
4181
4183
89
4192
2144
99
102
4199
4200
4207
4208
2162
116
4213
2165
2166
2168
4217
122
4220
2173
125
4221
4223
2176
4225
4226
4227
4228
132
2181
135
2183
2185
4234
2187
139
4236
143
4239
4241
2194
147
2196
4245
4246
2200
2204
2206
2208
4261
2214
4262
2215
4264
2217
2220
173
178
4276
4278
2230
2231
2232
2234
186
2239
2240
4288
2241
4290
4293
2249
2250
205
207
210
212
2261
4316
2269
222
4320
2272
4321
226
4324
2277
229
4327
232
2284
4333
2286
2287
4336
242
2290
4339
4342
2296
249
252
4350
255
256
2306
260
4357
4358
2313
2315
4364
2316
4365
270
4367
273
274
2322
276
4372
4376
4378
2333
2334
2335
4384
288
289
290
4388
2342
295
4394
2347
2348
4396
4397
2350
303
2352
2355
4403
313
314
316
4412
318
4415
320
4417
322
323
2371
2372
2375
327
2379
331
2381
333
4430
2383
4432
4433
337
4434
4435
2389
342
4440
2393
350
4447
352
4448
2403
2406
359
360
361
2410
4459
2411
4460
365
366
2415
367
4463
371
4468
374
4472
377
4473
2425
2428
4476
4479
384
4481
4487
2440
2443
396
4494
399
4499
2452
404
2453
4501
410
413
414
2462
416
417
2467
420
4519
426
433
2482
4530
4531
2483
2484
438
2487
2488
4536
2490
2491
4544
449
4547
2501
4551
456
2505
2506
2507
2508
4561
4562
466
2515
467
4563
2517
471
4572
476
4573
2528
2530
4579
4580
484
4582
488
4585
4586
4588
2542
4590
494
2543
2544
496
499
501
4598
4599
504
2552
4603
4604
4605
4609
4610
515
4613
4614
2567
4615
2568
4617
4619
2572
2573
527
2575
4626
2580
534
536
2584
4634
2587
4637
543
545
546
2594
547
4643
2596
549
4645
2597
550
551
4649
4650
2604
559
562
4660
2614
4666
572
4669
2622
4673
578
4675
2628
4677
582
583
4681
585
4682
593
4690
596
599
2651
4699
4700
2652
604
605
4701
2655
608
2656
4704
2657
2658
4707
2659
4712
4714
2667
2672
2673
627
4724
2676
632
2683
4732
2686
4738
2692
2693
4741
646
647
2698
4747
653
4750
4751
2704
4752
656
662
667
669
2717
670
671
2720
4769
2722
675
676
680
4776
2730
4778
2734
686
2737
2738
2740
4789
695
4792
2745
4793
4795
700
2750
703
4800
2753
2755
708
2757
710
4806
2759
712
4810
2762
4811
2764
4812
716
4813
2767
2768
721
4818
2771
724
2773
728
4825
4827
2781
734
735
4836
2790
742
745
4841
4842
4844
748
749
4845
751
2801
2805
758
4856
2808
2809
761
762
4859
4863
767
2815
4865
771
772
2821
2823
776
777
4874
2828
784
786
4884
2836
788
2838
4886
4887
4888
2841
2842
2844
4894
2846
800
801
4898
802
803
806
807
808
2857
4906
2861
2863
815
4913
819
4918
823
4921
825
2873
4924
4926
834
837
2885
4934
4935
840
4937
2894
4947
852
4949
854
856
2908
861
864
865
2914
4964
2916
4966
4969
4970
874
875
2924
2927
879
2929
2930
2932
2933
4982
4983
2936
4987
891
4988
4989
4993
2947
4996
902
5003
5004
911
5008
5009
5011
5013
918
919
5016
2969
2970
925
2974
5022
928
2978
5026
2979
932
2980
933
934
935
5032
936
937
938
2988
942
5038
5039
943
2991
946
2994
947
948
950
953
5053
962
5061
3015
967
5064
3017
5066
3021
5074
3029
5077
981
5078
3030
3031
3035
5085
5086
5087
3039
994
3045
5093
3048
1003
1004
5103
5104
1010
3060
3062
5110
5114
3070
1024
5123
3075
5126
1031
3084
5136
3090
3091
5139
3093
1047
1050
3098
5148
1055
5153
1057
3107
3115
1068
5165
3117
5166
5167
5168
5169
1073
1074
5171
5172
5175
1079
3128
1080
3129
1082
5180
3134
1086
5185
3137
1090
3139
3144
5192
1097
5193
1098
5194
3150
3151
1105
3154
1111
3159
1112
1117
5214
1118
5215
3167
5216
1121
3170
5219
1124
3173
3174
5223
1129
5227
1131
3181
1134
3182
3187
1140
1141
3189
5238
3190
3192
3193
5242
5246
1151
5251
3204
5253
5255
1160
5256
1167
3215
5266
3219
3223
1177
5275
1179
3229
1182
5278
5279
5281
3234
5283
3240
5288
3241
1194
5291
3244
1200
1201
3251
5303
3256
1209
3258
1211
3260
5309
5311
3263
1216
1217
3267
5316
1223
1224
5322
3274
3279
1232
1235
5332
1239
5335
5337
3292
5341
3293
5342
5343
3295
1251
3299
3302
5354
1260
1262
3315
1267
1268
3316
5365
3320
5370
3322
5372
3324
3325
3326
1279
1281
3329
5377
3330
3331
5379
1284
5381
5382
5384
5385
3339
1292
5389
1293
5391
5392
3346
5395
1299
1302
5400
5401
3356
3360
1314
5410
1315
1317
3365
1318
1319
1320
5417
3370
5419
5421
3374
1326
1327
3376
3377
5426
3380
1332
5429
1334
3384
3385
5435
3388
5436
5437
5438
5442
1346
3394
1347
1348
3397
3398
5447
1352
3400
3401
3405
5453
5454
3410
5458
5461
3414
3415
1370
5466
3419
5468
5469
1374
5470
3422
5471
1377
3428
5477
1383
1384
5480
3432
5483
1387
1389
3440
1393
5490
1395
5492
5493
1397
5494
5496
5498
5499
3451
5500
5505
1409
1410
5507
3461
1415
3465
5515
3467
1421
3469
1424
1427
3475
3478
1431
3480
5528
1434
3482
1436
3484
1437
5534
1439
1440
1441
3490
5538
1446
5542
1448
5546
1451
1452
3504
5553
5555
3510
1463
5560
3513
3515
1469
5569
1475
3523
5574
1478
3526
5576
1481
3530
5579
3532
3537
3539
1491
3542
3544
1496
3545
3547
3548
1500
1501
3549
1502
3551
3553
1506
3554
1507
3556
1513
3561
3562
1516
3566
1519
3569
1522
1524
1527
1528
3577
3580
1533
3581
3583
1537
3587
1540
3590
1544
3595
1550
3599
3602
1556
3607
3611
1563
1565
3613
1566
1569
1571
1572
1575
3628
1581
3629
1582
3632
3633
1587
1588
3637
3641
1594
3645
1600
3648
3650
1609
3658
3660
1613
1614
3663
3666
3669
3670
3676
1631
3682
1635
3683
1636
1638
1644
3692
3693
1645
1648
1649
1652
1656
1657
1661
1662
3716
3719
1671
1672
3726
1678
3727
1680
3728
3738
1690
1692
3740
1697
3748
1700
1701
3751
3752
1707
1708
3757
3759
3760
1712
1715
3763
1718
1720
3770
1723
1724
1725
3776
3777
3781
1736
3786
3787
1739
3791
3792
3793
1748
3800
1756
3805
3808
1760
3809
3810
1764
1766
1767
1768
1775
3826
1779
3828
3832
1785
1786
3838
3841
1795
3849
3854
1810
3858
3859
1812
3860
3861
1816
3865
1823
3873
1828
3877
1830
3882
3888
3891
3893
3895
3896
1851
1853
1858
1866
1873
3934
3935
1891
3951
1905
3958
1910
1915
3965
1920
1925
3979
3980
3983
1936
3984
1937
3985
1941
3992
1950
3999
1953
4004
4008
1960
1961
4009
1962
1966
4016
4020
4022
4025
1978
4035
1990
1994
1995
1998
4046
4047
1999
2001
4051
4052
2004
4056
4058
2011
4060
4062
2015
4066
2018
4071
4072
2025
2028
4078
2030
2031
2033
4082
2035
2036
2037
4086
4087
4088
4090
2044
2046
31
128
198
392
8
203
139
331
76
208
85
277
88
153
26
411
92
158
159
351
287
224
161
99
355
100
230
102
168
297
115
316
