1032
2
2052
4101
2053
4103
4106
2058
4108
2063
17
18
2070
24
25
4123
2077
4126
2083
4131
2085
39
4135
45
46
4142
4145
50
2100
54
55
4154
2112
2114
66
67
2115
70
78
4181
4184
4185
4186
2141
94
2143
2144
96
4193
4199
4200
4202
107
4203
2158
4206
113
4213
2166
120
122
4220
2180
134
135
4231
4234
4236
141
2190
148
4248
4249
153
2201
2202
4251
4254
159
2210
2211
4261
2214
4263
168
4264
2217
169
4267
2220
4270
4271
2226
178
4274
2228
4276
4277
182
2231
184
2234
4282
2235
4284
2240
193
4291
4298
4299
2252
204
2255
207
213
2263
2268
2269
4320
224
4321
2273
4324
232
2282
235
4332
4333
239
4337
241
2290
4338
242
2296
2300
252
2306
4354
4356
263
2311
2313
267
2316
270
273
2322
274
2324
2326
4380
2335
2336
4385
290
2342
4390
4394
4395
2348
2350
303
2355
4407
4408
2361
313
316
2366
318
2367
4417
2372
324
327
2375
2376
2383
4432
2384
2386
2387
342
344
2394
2396
2398
2399
352
2401
355
2403
4453
4455
2410
4458
363
2411
4460
2413
4465
372
4472
379
2428
382
4478
383
2432
2433
386
4484
2436
4485
4489
394
4494
2449
4506
410
411
4509
413
414
4510
415
4515
2467
420
2474
430
431
4527
434
4533
437
2491
444
446
448
449
2501
4549
4550
456
2505
457
4554
2506
2507
461
2510
465
4562
466
4563
2515
2520
4568
474
476
4574
478
4576
2528
2532
484
4585
4586
493
494
2543
496
4595
501
504
4600
4602
2556
4605
4610
516
4612
4613
4614
519
2568
4616
2569
523
4623
2576
529
2579
2582
534
2584
2587
4636
2591
543
2592
4641
2594
2596
549
2597
4649
4650
4651
558
2607
559
2610
4660
4662
2615
4664
569
4666
572
2621
4669
2624
2626
4676
2628
2629
4679
587
4683
592
593
4691
4692
2645
597
4694
2647
602
603
2655
4704
2657
4705
609
610
4707
613
2665
4714
4715
620
4716
4717
4719
623
627
4724
2676
632
4732
2690
4738
4740
4742
647
4743
2698
4751
4752
2704
658
659
660
2712
2714
666
2715
667
668
2717
4765
4767
673
681
2734
686
688
691
694
695
4795
703
4803
2755
2757
710
4806
4809
2762
4814
719
2767
4815
723
725
730
2781
4830
735
741
2790
4838
744
4840
745
2793
4842
2799
753
2801
4849
4850
2808
4856
4859
4866
770
771
2820
772
4869
778
2830
783
786
2834
4883
4889
2842
798
4896
801
803
4899
2851
805
2853
2854
2856
4906
2858
2859
4910
2863
4913
4914
819
4917
821
824
2875
4926
2883
2885
4934
840
4937
843
845
2894
4946
856
4956
861
2910
866
2914
2915
4964
2917
4966
872
4969
2921
873
4970
874
875
2926
879
2927
880
4982
4984
889
4987
892
4992
4994
901
2950
2953
5003
907
5007
5009
917
5014
918
919
5017
5022
2974
5027
932
933
5031
935
5034
5035
2989
942
5039
2992
2993
947
2995
2997
5046
2999
952
3005
957
5053
5056
3011
3013
969
975
5072
3026
5078
982
3030
984
3032
5083
3035
3037
992
5089
3042
5093
998
3048
1003
1004
3054
5104
1010
5106
3060
1013
5112
1023
5120
5121
1025
1029
1031
3080
1033
3082
1036
1037
3085
3086
3092
5141
5144
3100
3101
5152
1056
5153
1058
1059
1060
1062
3111
1063
1065
1069
5165
1070
1071
5169
1075
3130
5179
3131
5180
3134
1086
1088
3139
3141
1094
5197
3150
1102
1104
3155
1108
1111
1112
1114
1115
5219
1131
5227
3181
3182
3186
1140
3189
1144
3192
1145
1146
5250
3205
1160
1162
3210
1163
3212
5262
1168
5264
3217
5265
5266
3219
5270
3227
1179
1180
3229
5277
5279
3234
1186
3238
5287
1192
3241
5289
5290
1196
1200
5301
1207
5303
3257
1209
5311
1215
5314
1221
3270
1224
3272
1226
5323
5324
3276
5327
1232
1235
5334
3288
5340
3292
5341
5343
1247
1251
3300
3301
3307
1260
5356
5357
1266
1268
5364
3317
1273
3322
5372
3325
1277
1278
3329
1281
1284
5382
3339
3340
1292
5389
1293
3342
5392
1298
1299
3348
5398
3351
1303
1307
1308
1309
3358
1310
1311
1315
5411
1320
5417
3369
3370
3372
5422
3374
3375
1327
3376
5425
5426
3382
5435
5436
5441
5442
1347
3397
3399
5447
3400
3402
1355
5452
5454
1360
5456
1361
3410
1364
3414
1370
5469
3422
1375
5474
1380
1389
3440
1393
3443
5494
5496
5498
3452
1405
1412
1413
5509
1414
3466
3468
3469
5519
1424
3477
3480
5529
3481
3482
5532
1440
5538
5539
5540
1446
1449
1451
1452
1453
5550
5553
1458
5555
3509
1461
1462
3513
5563
1467
5566
5569
3522
3526
1478
1481
5578
3530
5580
3532
3535
3537
1491
1492
1503
3551
1505
3554
1507
1510
1513
1519
3572
1527
3577
1533
3582
1537
3585
1540
3589
3590
1544
3594
1548
1550
1552
1558
1562
3613
3614
1576
3626
3628
1582
1583
3633
1596
3645
3646
1604
3653
1609
1610
3658
3660
1613
1614
3663
3666
1620
1622
3672
1626
3680
3683
3685
1640
1647
1649
3698
3705
1657
3708
3719
1671
1675
3727
1680
3730
1684
1689
3738
1691
3742
1697
1699
1700
1701
3749
3751
1703
3752
3753
1707
1710
1712
3763
3765
1717
3767
1720
3770
1722
3773
1728
3777
1732
1734
3783
3792
3800
1757
1760
3814
1766
1767
3816
1770
1771
3820
1775
3827
1779
1781
1784
3837
3838
3842
1797
1803
3860
3861
1818
1823
3877
1834
1838
1840
3889
1844
1846
1847
3895
1851
3901
3904
1857
3908
3911
1864
3914
1868
3918
1870
3919
1882
3941
1902
1904
3955
1913
1930
3981
3984
1936
1939
3987
3991
3992
1948
3997
1950
4001
1960
4009
1961
1963
4014
4016
4017
4020
1973
4022
4025
1980
1981
1982
1983
1985
4035
1988
4039
4041
4048
4051
2003
2005
2007
4058
2011
4060
4061
2014
4063
2017
4066
2022
2023
4074
4076
2031
2035
2036
2037
2039
2043
2045
2046
2047
22
289
131
132
68
327
199
202
395
139
236
76
372
52
373
277
374
55
408
57
412
29
254
