948
4096
4098
3
4103
2058
4106
4107
2065
4113
18
4115
21
2071
23
2072
26
2075
2076
4126
2078
30
4127
4130
4132
4133
41
2090
4142
4145
4147
2103
55
4152
56
4153
2107
4159
63
2112
66
70
2121
2123
4172
2124
77
4175
4177
2129
2131
4181
4184
89
90
4187
4188
2140
2141
97
4194
2147
4197
2149
102
4198
4211
115
4212
4216
122
124
125
4225
2183
136
137
4236
146
2194
147
153
2204
2206
158
2208
4261
2214
4264
168
2217
2220
2221
173
4272
178
4275
184
2232
2234
188
4284
2242
4290
2244
4293
197
4296
201
204
2255
210
2263
217
219
2268
4317
223
226
2275
228
4324
2277
233
235
2286
2290
242
246
2296
4344
249
2297
4348
253
2302
256
2306
4358
2311
2313
270
2318
4368
273
4369
2322
4371
2324
4378
2335
290
4387
294
297
4396
4397
2352
2355
2356
2361
313
316
4412
317
4414
4415
4416
4417
2372
4424
2379
333
4431
2385
4433
4434
2388
342
2391
345
2394
2396
2397
2398
352
2402
2403
2406
2407
361
2411
364
2413
367
4465
2422
4475
4476
2428
381
2432
385
4484
4485
2441
2443
2445
2452
4501
406
4504
410
414
2462
419
420
4517
422
4519
423
432
433
4532
2490
443
2492
446
4544
4545
4547
452
2501
4551
2505
4553
2508
4562
4567
474
2523
476
4573
478
479
2527
2528
4579
484
4586
492
494
2543
498
4596
4599
504
4602
506
4603
2556
511
4609
4612
516
2566
2568
523
524
532
536
538
542
2591
549
4649
553
4650
4653
2606
558
4659
4660
4662
2616
2617
570
4669
578
582
4685
589
2638
4689
2652
4701
609
611
4707
4708
4712
4713
621
622
623
4720
2676
2677
4728
634
4732
636
2689
2690
4739
2692
645
4741
4743
647
649
650
4746
2698
4747
2700
2704
4753
4755
666
667
2717
2722
2726
679
2732
4782
2734
4783
687
4785
689
2737
695
2743
2745
699
4795
2748
2750
2754
2755
4804
708
2757
710
4809
2762
4814
2767
2768
725
4821
2776
729
4828
732
733
2784
745
753
2801
4851
4856
762
2812
4863
771
772
775
4872
777
4875
780
788
789
4886
2841
2842
794
4893
2847
4896
801
803
805
807
4906
810
2863
815
4913
2867
821
4918
825
2873
2874
4926
831
2885
4933
838
2887
2888
4936
4937
2891
845
2896
2899
2901
856
2904
2908
861
2910
868
2916
870
872
4970
874
875
4975
879
883
4980
4983
889
4987
4990
896
4993
899
5003
907
2960
2963
921
2972
5022
2978
5026
2980
934
935
2988
941
942
5039
5044
2997
2999
953
3003
5055
959
5058
963
3012
5061
5063
5064
971
5067
3021
5078
3035
5085
3038
5086
5087
5090
3044
996
5093
1001
3052
3054
1010
3060
1013
1014
1015
5111
5112
3067
5115
1019
1023
5120
1025
5121
3074
5125
1029
3080
1032
3090
3094
1050
3101
1055
1056
5153
1057
3108
3109
3113
1069
3118
5166
1073
1074
3122
5172
1079
3130
5180
1085
1086
3134
5184
1089
3139
1094
5190
1096
1097
5193
5194
1100
3158
1111
5207
1112
3160
5209
5210
5211
3165
1118
5214
5215
1120
5219
1125
1126
5222
5227
3181
3185
3186
5236
3189
5237
5238
5240
1148
3199
5248
3204
3208
5261
1168
5265
3218
3219
5267
1174
3224
1177
5275
1180
3229
5277
1182
3234
5283
3241
5291
1196
3244
3246
1200
5298
3252
5301
1207
5303
1208
3257
1210
3259
5309
1215
5311
5313
5315
3267
1221
3270
1222
1223
1224
1226
5323
3276
3279
1235
5334
1239
1241
1242
3292
1247
1251
3300
3302
1256
1260
1263
1266
1268
5365
5369
5371
5372
3325
5373
1278
3326
3327
1281
3330
3331
5380
1284
5382
1286
1289
5385
1290
3338
3339
1292
5389
1293
5391
1295
5392
1299
3348
1302
3350
5400
5401
1307
5404
1309
1315
1317
3365
3370
3372
3374
1326
5428
3380
1332
1333
3384
3388
3389
1341
5438
5440
3394
3397
3400
1353
1356
3410
3414
1370
5469
1377
5477
1382
1383
1384
5480
5484
1389
1399
5496
5500
3454
3457
3461
1415
3466
3470
1424
5520
3477
1434
5534
5537
1441
1446
5542
1449
5546
1452
5550
1454
5553
5555
5556
3510
5561
1469
5567
5569
3526
5574
5576
5578
3530
3532
1486
3537
1490
3539
1493
1496
1500
3548
1501
3551
1505
3553
3554
1507
3561
3562
1516
3566
1519
3569
3572
1524
1527
1528
1530
3580
3581
1533
1535
3583
1540
1544
3593
1550
3606
1563
1567
1569
3627
3629
1582
3638
1594
1596
3644
3646
1598
3650
1603
3655
3660
3662
1614
3663
3664
1617
3666
1619
1627
1631
1636
3684
1637
3692
1650
1662
1664
1667
3715
1670
1671
1673
3727
1679
1683
1685
3738
3745
1700
1701
3750
3752
1712
3763
3770
1726
3777
1733
3787
3789
1741
3791
3792
3793
3795
1753
1757
1765
1766
3819
1772
1774
1775
3825
1778
3826
3829
1784
1786
1787
3838
3839
3841
3847
1803
3852
3853
1807
1813
3862
1816
1817
3865
1820
1823
3877
3878
1834
3886
3889
3890
3901
3902
3911
1864
3917
1870
3920
1873
1875
1882
3937
3939
1892
1895
3948
3953
1909
1910
3958
1912
1914
3962
1915
1917
3967
1923
1927
3980
1934
3984
3985
3990
3992
1948
1952
4001
1953
4004
1961
4009
1963
1964
4016
4020
4029
1983
4032
4033
1986
4034
4037
4045
1998
1999
4051
4052
2004
4053
4055
4056
4062
4066
2019
4067
4072
4073
4076
2031
2033
2036
4084
2037
4085
4090
2044
2047
20
192
32
161
2
323
170
107
76
332
333
79
305
178
149
310
348
92
381
254
350
