1491
0
4097
3
2052
4101
8
2057
4105
2058
4106
4107
12
4109
14
2063
2066
2067
4116
2070
2071
25
27
28
2077
29
4126
31
32
2081
4129
4130
2083
4131
35
36
4132
4133
2085
40
4137
45
4142
46
2095
4145
50
2100
55
2103
4151
57
4154
4155
61
2109
4158
2112
4160
67
4166
72
4169
2121
2122
2123
2124
4174
83
4185
89
2138
91
94
4193
98
4195
2148
102
104
4201
4203
2157
2158
2160
112
118
2168
122
123
2171
2172
4220
124
2173
2177
130
131
2181
135
2185
4234
2187
4236
4238
2190
4240
2192
2193
2194
147
2197
4247
4248
2200
153
4249
2202
154
2203
2204
157
2206
159
2208
2209
4261
2214
166
168
4265
2217
2219
2220
2221
4272
2225
177
4274
4275
179
4276
180
181
4278
182
2231
183
4280
2234
4282
188
2238
190
2239
4289
2241
195
2244
196
2247
4296
2249
2252
204
205
4301
2256
2257
2259
2261
213
4311
4313
220
2269
222
2271
223
2272
4321
226
229
232
2283
2286
4338
2290
242
2291
243
4340
4342
2296
4344
248
249
252
4350
2306
2307
259
4358
262
263
4359
2313
266
4366
273
4370
2322
274
2326
279
2330
4380
2334
2335
2342
295
296
4392
4394
2347
2348
4396
300
4397
301
4398
2350
303
4400
305
2355
4403
307
309
4408
2361
316
2366
4414
321
322
2371
4422
327
330
4428
4430
4431
4432
2385
4434
2386
341
342
4440
344
2395
348
2397
2398
2399
352
353
354
2403
4452
357
359
2410
2411
2413
2414
4462
2415
4465
371
4469
374
4471
2424
378
2428
381
4477
4480
2432
2433
386
2435
4483
391
2443
2445
4494
2447
2450
4499
2452
2453
405
407
409
4507
4509
2465
418
420
422
4519
423
426
2474
2476
4526
2478
2479
433
2484
4533
4534
4535
2488
2492
2493
446
2495
4544
4547
2499
2501
4549
4550
456
2505
2506
4556
2509
462
4559
465
4561
2513
466
4562
4563
2515
469
2518
4567
471
4568
2520
4571
2523
4572
476
477
4574
4576
2529
484
2532
2534
489
2539
4588
2543
496
4593
499
4595
4597
2549
4598
504
2552
508
4605
2557
4606
512
4610
515
4611
4612
4615
519
2569
4620
4621
526
4622
2575
4626
530
2579
532
2582
2583
2584
4632
2587
2588
4636
4637
543
2591
2592
2593
545
4641
2594
4642
4643
2596
2597
553
4649
4650
4652
556
2606
2607
559
4657
562
4660
2613
2614
2615
2616
569
4665
4666
570
2618
571
572
4668
4669
574
2623
2624
4673
2626
4675
2628
4676
582
4679
4680
4681
2633
586
592
2640
593
4691
595
4692
2645
600
4699
2652
604
605
606
607
4704
608
609
4705
2659
4707
612
613
2661
4713
2665
4714
618
2667
619
4715
4716
621
2669
623
4719
2672
2673
4722
2674
627
2676
4724
2677
4727
632
2681
634
4732
2684
2685
2686
2692
645
646
649
2700
2701
653
4750
4751
2704
4753
2706
660
4756
661
4758
663
2712
4760
666
667
2717
2718
4767
673
2722
675
676
2724
677
4777
2731
2734
4783
4786
692
2741
695
4792
2745
4793
699
2750
703
2751
704
2754
706
4803
707
4806
713
4811
2763
4814
2767
4815
720
4818
2771
723
2772
725
2774
728
2776
4825
730
4826
2778
2781
735
736
741
4838
2790
743
4839
744
2792
2793
747
4844
2799
2801
753
2805
758
4856
2808
760
761
4857
2809
762
4859
763
765
4863
4864
2817
772
2820
2821
774
2824
777
2826
4875
2828
2829
4878
784
786
4883
4885
2838
790
4887
791
4889
2845
2846
800
2848
801
4897
802
803
2851
2852
2853
808
4904
2858
811
812
2861
2863
4911
4913
2866
4914
820
821
2871
825
827
2875
4924
2877
2880
2881
833
4930
2883
2884
4934
840
4936
4937
843
844
2894
2897
4946
852
4949
2901
2903
856
857
859
4956
4957
861
2910
865
2914
2915
4965
870
4969
874
4970
875
2923
4974
2927
2929
881
4978
2935
888
2937
889
4987
4989
4992
2944
2946
4995
4996
901
5000
5001
2953
5003
5004
912
918
5016
2970
2971
2972
2974
5022
927
2977
929
931
2980
932
933
5029
934
2984
5032
2987
5035
2989
942
5038
5039
947
2997
2999
952
954
3002
955
956
3005
958
959
5056
960
963
965
5062
967
5064
3018
3020
974
975
3025
5073
5074
980
5077
981
3029
5078
3030
982
984
5080
3033
3039
3040
995
3045
997
5093
998
5094
3048
3054
5103
3057
1010
1011
3060
3061
1017
5115
3068
1023
3071
5124
5125
1031
5127
3080
1036
5132
5133
3085
1039
3088
5136
5139
1043
1044
5141
3093
5144
5145
3099
5147
3101
5150
3103
5153
5154
1059
5155
1060
5157
5158
3110
3111
1065
5162
1069
5165
5167
1071
5168
1074
1075
3125
5174
1079
3129
3130
3133
5181
1086
5182
1088
3136
1090
3139
1094
3145
1098
5195
1100
3148
1101
5197
3150
5205
5206
1111
5207
3160
1114
1118
5216
1123
1124
3174
3177
5227
3179
1131
3180
3181
3182
1134
5232
3186
3187
1139
3188
5237
1143
5239
3192
1144
5242
1146
5243
1147
3196
3198
3199
3200
5252
3204
5253
3205
5254
3207
5255
1159
1160
1162
3210
5259
3216
5264
3217
5266
3221
5269
3222
5270
5271
1176
5273
3225
1177
1180
5276
1182
1183
3234
1186
5283
5285
5286
3238
3239
3241
5291
1197
5294
3246
1199
1200
1201
3251
3252
3254
1206
5303
3256
1212
5309
3265
1217
1221
1222
5318
1223
1224
5320
3273
3274
1226
5323
5327
1232
1235
1236
1237
5335
3287
1240
1241
3289
1243
3292
3293
5343
3295
1248
5346
1251
3300
1255
3307
1260
5358
5360
3315
1268
5364
5365
3320
3322
5370
5372
5373
5374
1278
3327
1280
1281
3331
5380
1284
5382
5383
1292
3340
3341
5389
3342
5391
5392
3346
1298
3348
5397
1302
5398
3350
3351
1303
5400
3352
5401
5403
3355
1308
1309
1310
3359
1312
1314
5410
1315
5411
3364
1317
1318
1319
5416
1320
3369
3370
3372
5420
5421
1326
5422
1327
5424
1332
3380
5429
3381
1333
1334
3388
5436
3391
3393
3394
3396
3397
1350
5447
1352
5450
1355
5452
1357
5457
1361
3410
3411
1364
1365
3413
3414
1366
3415
3418
5467
5469
3424
1377
5474
3428
1381
1382
1383
3433
1386
5483
1387
3436
1389
5485
5486
5488
3442
1394
3443
5491
1396
5493
3446
5494
5496
3448
5498
3452
1407
3456
5505
1410
5507
3460
5509
1413
1414
3463
1415
3465
5515
3468
1421
3471
1424
3472
5523
1429
3477
3478
1431
5528
3480
1434
5531
1436
5532
1437
3487
5538
3490
5539
1443
3493
1445
5542
1446
5543
3495
1452
1453
3505
1458
5555
3507
1460
3509
1461
1462
3510
5560
3513
1468
1469
5566
1473
5571
3523
5572
1478
1481
5578
1483
3532
5580
1488
3539
3542
3544
3545
1497
3547
1501
1505
3554
3558
1511
3561
3565
1519
3572
1524
3573
1525
1527
3577
1530
1532
1533
3582
1535
1536
1537
1540
1542
1543
3594
1548
1550
1551
1552
1554
3606
3607
1560
3609
1562
1563
1564
3612
1565
3613
1566
3614
1569
1570
3624
3626
3627
1579
3628
3629
3631
3633
3638
3639
3641
1594
3643
1596
3646
1601
3653
1606
1609
1611
3660
1614
1615
3664
3666
1619
3674
3677
1629
3678
1632
3682
3683
1636
1637
1643
3691
1644
3695
1648
1649
3697
3698
1651
1655
1656
3705
1657
3709
1661
1664
3715
3716
3719
1671
3722
1676
1680
3728
1683
3732
1685
3733
1688
1689
3738
1691
3741
1693
3742
1699
1700
1703
3754
1706
1707
3757
3758
1712
1717
3770
1723
3778
1731
3779
1732
1734
3783
3786
1742
3791
3792
3795
3805
3806
1763
1764
3813
1769
1770
3818
3820
1775
3824
3828
3829
1781
1783
3831
3837
3841
1797
3845
3847
1799
3848
1803
3854
3857
1809
1810
3858
3859
3860
1813
3862
1815
3865
1818
1819
3868
1823
3871
1824
3877
1829
1830
3879
1834
1835
3886
3890
3891
1844
3894
3896
1849
1851
1857
3907
3908
1861
3912
3913
1865
3915
3916
3917
1870
3918
1871
3919
1872
1873
1874
1875
1876
3927
1879
1884
3934
1886
3941
1895
3944
1896
3945
1898
1901
1904
1905
3953
3954
1907
1909
3959
3963
3965
1920
3969
3970
3971
3972
1927
3976
3979
3980
1933
3983
1935
3984
3993
3997
3999
1952
1953
4004
1956
4005
1959
1960
1961
4009
1963
4014
4016
4017
4022
1975
4024
1979
4029
1981
1983
4036
1989
1990
1993
4044
4045
2003
4053
2005
2007
4056
4058
2010
4063
4064
2017
4066
2018
2022
2023
4076
2028
2029
2031
2033
4081
4082
2036
4084
2037
4086
2039
2043
4091
2045
4093
38
68
4
327
394
267
75
396
77
206
80
274
212
276
277
344
409
154
90
412
220
93
162
355
100
300
175
112
114
242
371
180
310
374
247
123
252
316
380
