1054
3
4100
2058
2059
4107
4108
2064
18
2070
25
2075
2078
4126
31
4127
4131
4132
2085
4133
39
40
45
4142
2097
4145
55
4153
4154
2112
66
67
2123
4172
2129
4181
89
4186
4188
4189
95
4193
99
2149
4202
4203
2157
2158
4207
112
2164
2165
4213
118
2166
2167
122
124
125
2175
128
131
4228
2184
2188
142
4239
2192
2193
4241
147
148
4245
154
2204
2205
4255
159
2208
4261
166
2214
168
2217
4267
2220
173
175
4271
4272
178
4274
2228
181
4280
188
4284
4286
2240
2242
4290
4291
2244
4296
201
4298
2250
4301
207
210
220
221
4320
4321
226
4324
229
2277
4331
2284
4333
2286
239
4338
243
2296
4344
248
4348
2300
2302
255
256
4353
2306
4358
2312
2313
267
2316
4364
270
273
2322
2326
2333
290
2339
293
2342
4394
4397
303
2351
305
2355
307
313
2361
316
2366
4414
318
4415
2367
4417
4418
2372
327
4423
2375
4424
4425
2379
4428
333
4431
2383
2385
4434
342
2397
352
353
2403
2406
4455
2409
2410
2411
363
4459
4461
2413
4466
371
4469
2428
4476
2432
2433
4483
2436
2437
4486
4489
2443
2445
398
4496
2449
4499
2452
410
4508
414
2462
2465
2467
420
423
4519
4526
431
2484
2485
437
438
2488
2491
4544
449
2501
4549
4550
4551
456
457
2505
4554
2507
465
2514
4562
4563
2518
4567
2520
2523
476
479
4579
484
485
4582
4586
494
2543
496
4595
4596
2549
501
4599
506
4603
508
2556
2557
511
512
513
4614
4616
2568
4620
2572
4622
529
532
536
4632
2584
538
4637
2590
543
2592
4641
549
4648
553
4649
4650
556
4652
559
4660
4666
571
572
2621
2622
4672
2624
4676
4677
582
585
2633
4685
2641
593
4689
2642
4691
2643
4693
2645
603
2651
2652
4701
605
606
2655
608
4705
611
615
617
4715
4723
2676
2677
4728
4732
4738
2690
2693
4741
647
4747
2704
4753
659
4760
2714
666
4762
667
668
2717
673
674
2723
2724
2734
686
4783
692
2741
2742
695
2745
699
4795
700
702
4801
2755
4803
708
2757
4806
2760
4810
2763
4811
4815
2767
720
2768
721
2772
724
725
2776
4826
4830
742
4838
2790
744
745
4843
748
749
2801
4849
758
2809
767
771
2820
772
2823
777
4874
781
4879
784
786
788
789
4886
4887
2841
2842
799
801
804
4901
2854
807
4904
2856
4905
4906
4910
2863
4914
4917
4918
824
825
2873
4921
2874
2879
4928
2883
837
4934
4936
2888
4937
843
845
4947
4949
2903
856
2905
4953
4954
2908
861
2910
864
2914
866
2916
4964
4967
4969
874
4970
4971
875
2927
879
881
2930
883
4980
4982
4983
2937
4987
891
2941
4994
5000
904
2953
5003
907
5009
914
919
5017
2971
5022
927
2977
5026
2978
931
2979
2980
932
5029
933
934
5031
5034
5035
2988
2989
942
5039
943
2992
2993
948
2998
2999
952
5053
3005
958
960
963
5064
971
3023
975
976
5078
3030
982
984
3033
3034
5085
5086
5087
3043
5093
998
5095
3048
1003
3054
3057
1010
3060
1012
3061
1013
1014
3070
1023
1024
3074
5123
5127
1031
3083
5134
1041
3090
3091
3092
3093
1045
5147
3100
3101
1055
1056
1057
5153
3107
1059
3108
5158
1063
1065
1068
5165
1069
5166
1071
1073
5169
1074
1076
3129
5177
5180
1085
1086
3134
1088
1089
5187
3139
5192
5193
1097
1098
5194
5195
3148
5207
1111
1112
3161
1115
1116
5214
1118
5215
5216
5219
3175
5227
3181
3182
3183
5232
1137
3185
1139
5235
1140
3189
5239
5241
1145
5243
5250
3204
3205
1160
1161
1162
3210
3216
3217
5266
3219
1179
3229
1181
1182
3234
5286
5287
1192
3241
3244
1200
1201
5298
3252
1206
1207
1209
5307
5311
3267
1222
1224
5323
3279
5329
1235
3284
5332
5334
1241
3292
5341
3295
3297
5346
1251
3300
1255
1260
3309
3311
1266
1268
3322
5372
3325
3326
5374
3327
1281
5377
3329
3330
3331
1284
5380
5382
5385
3339
1292
5389
1293
3342
1296
1299
5398
1303
5400
3358
1310
3365
1318
1320
3369
3370
3372
5421
5422
1326
3374
5423
5425
5426
1332
5428
1335
5436
3388
5438
5439
3392
5440
5441
5442
5443
1347
1348
1349
5447
3400
3402
1355
3405
5453
1359
5456
1362
3410
5458
3411
1364
3413
3414
1370
3422
1374
1375
1377
3425
1381
5477
1382
1383
1384
1389
5488
1392
1393
3443
5493
1398
5494
5496
5499
5500
3452
5505
3460
3461
3468
5519
1424
3475
3477
5529
1433
1434
1436
5534
1441
5538
5540
1446
1448
3497
5546
1451
1452
5553
3507
5555
1460
1461
3510
1463
5560
5561
3513
1469
1470
5569
3526
5574
5576
3530
5578
3532
3537
1489
3539
1492
1493
1496
1497
1498
1500
3549
3562
3566
1519
3569
1521
3571
1525
1528
3577
1531
1532
3580
1533
3581
3584
3585
1540
3589
3590
1543
3593
3595
1548
3597
1550
3599
3612
3614
1576
3626
3627
3629
1582
3633
3638
3642
1594
3643
3645
1598
3646
3650
3653
3658
3660
1614
3665
3666
3668
1620
3670
3672
3674
1626
3677
3680
3686
3687
3690
3692
1647
1648
1657
3705
3707
1660
1662
3711
1664
3719
1672
1673
3727
1680
3730
1683
3732
1685
3738
1690
1691
1700
1701
3749
3750
1703
3752
1704
1705
3753
3763
3765
1717
3766
1720
1722
1723
1725
3777
3781
1742
3791
3792
3793
3795
3800
3802
3806
1760
3811
3813
3818
1775
1777
1778
3826
3829
1781
1786
3837
3838
3839
3842
1802
3854
3860
1813
3861
3862
1815
1816
3865
1819
1823
3877
3879
1837
1840
3891
3895
1857
1858
3907
3908
3911
3914
3915
1867
1870
3919
1872
1873
1874
1882
3941
3948
1902
3951
1904
1909
3958
1914
1915
3964
3965
3970
3980
3984
1936
3985
3987
3991
3992
1946
3997
1950
1952
1953
1956
4005
4009
1961
1963
1965
4016
4019
4020
4025
1981
1982
4031
4034
4037
1989
1990
4039
1992
1999
2001
4051
2004
4052
4055
4056
2011
4060
4062
4063
2017
4066
2020
2021
2022
4071
4072
4073
2028
2035
2036
2037
2043
2044
2045
2046
21
128
257
161
132
199
327
139
203
76
142
47
175
178
338
148
310
344
121
251
92
156
