159
1795
515
1028
1284
517
774
1032
265
1545
11
782
1807
1039
1296
1042
1556
790
1303
1560
1818
538
1562
795
540
1821
286
287
800
803
1059
1060
1829
808
553
297
1579
44
558
1070
1071
47
566
1334
311
568
57
1594
1084
573
1088
577
833
1345
1350
1095
840
329
76
845
1102
1361
850
1106
1620
1114
93
1631
607
355
1636
1124
869
358
359
1386
107
620
1391
1136
881
1393
370
1653
1141
1145
1403
1659
640
386
391
136
904
905
395
396
910
1166
1680
657
1426
662
1691
667
157
926
415
672
1441
673
1442
676
1189
421
165
935
679
176
944
183
695
1722
1466
1211
955
445
191
194
1474
1731
963
1732
968
1736
969
457
1225
202
458
1742
1743
1746
1235
1238
475
1501
1245
1504
993
229
1766
1512
745
1005
1776
1264
761
1017
1018
763
2
37
43
