147
768
1028
517
1542
774
1032
1545
265
1290
1293
782
1807
1296
1042
1560
25
538
1562
1818
1310
287
1570
290
1060
293
1829
1319
297
553
1835
299
44
558
1583
1071
816
307
1077
311
57
1084
65
833
577
1092
326
839
1095
329
1610
76
845
591
1361
1365
1110
1114
860
607
97
869
871
359
107
620
878
1391
1136
624
1393
881
370
1139
1653
631
1411
390
904
136
1417
905
396
397
910
911
657
1426
662
1689
154
1691
667
668
157
926
1183
415
672
1441
673
421
1189
935
1194
177
691
180
1209
1722
699
955
1211
188
191
448
704
194
1731
963
453
711
1736
456
969
1225
457
458
202
971
464
475
1501
1504
993
740
1766
235
1776
240
752
248
761
1018
763
510
766
1791
2
116
43
