259
9
1034
1546
1547
11
1548
525
527
1556
533
1559
1560
538
1562
1563
1052
540
1565
1060
1573
39
40
553
1578
555
1581
1582
561
1585
1074
1075
1076
1588
565
1593
1595
62
63
577
1090
70
1610
76
589
1615
594
83
1620
84
1111
1624
1114
91
1120
97
1123
1637
1125
1638
1126
104
617
618
620
621
1136
114
627
1144
637
127
128
1666
1667
643
131
644
1669
135
136
1673
143
658
1686
153
1693
669
670
671
672
160
1189
677
1190
168
1193
170
174
1199
1716
695
1721
1722
699
703
1215
193
1731
195
708
196
716
718
206
210
723
1236
1237
725
1238
1240
1756
1758
734
738
739
1766
230
1767
749
750
1776
757
1269
1787
1788
254
1790
1280
259
772
1797
774
778
268
782
1296
784
785
1302
1818
1309
1821
1824
1827
803
292
1829
297
809
1324
1325
311
1338
1339
1340
834
836
1350
840
329
843
332
334
1361
850
851
340
1367
859
348
865
867
356
870
1382
1385
1386
362
1387
875
364
365
878
366
879
881
370
887
377
378
891
1408
897
386
1417
906
910
912
913
1426
915
919
409
410
923
1436
926
414
929
931
421
935
1451
432
1458
949
437
955
957
1470
448
450
963
1479
969
458
1485
1491
469
981
985
475
1502
991
480
481
1508
487
490
1004
1007
1008
1523
1529
1019
1532
1021
1023
4
84
27
125
77
