153
515
1795
1284
1797
9
1034
1547
11
268
525
527
1039
1556
533
790
1302
1303
23
538
795
540
1052
1309
1821
286
1824
800
33
1059
1827
803
39
1579
1325
1070
47
1074
1588
565
566
1334
568
1593
1594
1339
573
63
1088
1345
1350
840
1102
1106
850
1620
340
84
1111
93
1631
355
356
1636
1125
1637
870
358
1638
104
1386
875
1387
366
1136
1393
1141
377
1145
1403
1659
637
127
128
640
1666
386
644
391
395
139
1166
143
1167
656
1680
913
658
915
410
411
1442
676
165
1190
679
1193
170
1451
176
944
1716
949
183
695
1721
1466
445
957
1470
193
1474
708
1732
1736
968
1485
1742
1743
1746
1491
1235
469
1238
985
1245
734
481
738
739
1508
229
1512
745
1005
1776
1264
1523
757
1269
1017
1529
1021
254
2
37
125
