608
8
1034
2058
2059
12
1037
14
1039
2064
17
1041
2066
1043
2068
21
1045
2069
2070
24
1048
25
1049
30
1054
2078
2079
34
1058
36
38
1063
40
41
1065
44
1069
2095
2097
52
1076
53
2101
1079
1081
60
2110
1090
2114
1091
2115
68
1092
70
2120
74
1098
2122
2124
2126
1104
1106
2132
85
1109
2133
87
88
89
2137
91
1118
1119
1121
2146
1123
2148
1125
1126
2150
103
2152
1130
107
1131
108
1132
2156
110
1135
2159
112
2161
1140
2165
2166
121
1147
1151
2175
2177
2178
132
1158
1160
1161
2187
2189
142
1166
2191
144
2192
146
2195
1173
150
1174
1175
2199
152
155
2205
1183
161
1185
2211
166
2214
1191
1192
2219
172
174
1198
1199
2223
177
2225
182
2230
1209
2233
187
2235
189
2242
1219
2243
196
2244
197
2246
199
2247
200
1225
2249
202
1226
1227
2252
206
1231
209
1233
213
1237
214
215
1239
218
219
220
1249
230
1254
1256
1258
235
236
238
239
241
1265
243
246
1270
1271
250
251
253
1278
256
1280
257
258
1282
262
1286
265
269
1295
272
274
1298
1300
1303
1304
282
1308
1309
286
287
1311
288
1315
292
1318
1320
1321
298
1322
1323
301
302
307
313
1338
1341
318
319
321
326
1350
333
1357
334
335
1359
1362
340
341
342
1366
1367
344
345
1372
349
351
352
1377
355
356
360
362
1387
1396
1398
377
1402
1403
381
383
1407
384
1408
387
1412
389
1413
1414
1415
393
394
395
1419
398
400
1424
401
403
1427
407
409
410
411
1435
412
1439
1446
423
1449
428
430
431
1459
436
437
1461
438
1462
439
1464
441
1465
442
1468
1473
452
459
1484
1485
462
1486
1487
466
1491
470
1494
1496
475
1499
477
478
480
1505
485
487
1512
1516
1517
494
1518
497
1526
1527
1532
512
513
1537
1539
516
1540
1542
1543
1544
1547
524
528
1553
1556
534
1561
1562
539
1563
1565
543
1567
1569
548
1573
1578
555
561
565
569
577
578
1603
580
1605
1609
1611
588
592
593
1617
1620
597
599
600
1625
602
1626
606
1631
608
1632
609
611
1635
612
616
1641
618
1642
1643
1645
626
629
630
1656
633
634
642
1669
647
648
1675
655
656
1681
658
1682
1683
661
1686
663
666
670
673
674
1701
680
1704
682
1713
1714
691
1716
695
1720
1721
1723
702
1726
704
1729
708
1733
711
1736
1737
1739
722
1746
726
1752
729
731
1761
1762
1763
740
1764
742
743
1768
748
1772
751
1777
756
1781
760
765
1790
774
777
1802
779
780
1805
1806
1808
1818
1819
796
1820
798
1823
801
1828
1829
806
1830
807
1832
812
1838
817
1842
821
823
1847
824
825
1851
829
830
832
1856
834
835
1859
1860
839
1865
842
1868
847
1876
853
1877
1878
858
1883
1884
866
1891
870
872
876
877
1902
879
881
1910
1911
1915
893
894
895
899
900
1924
901
905
1931
908
909
1933
915
919
920
923
929
931
1956
1959
1961
1963
1965
942
1966
943
944
1971
1972
1973
1974
1976
953
1977
1978
1981
960
962
1988
965
966
969
970
1994
972
1996
1997
1998
2001
978
979
981
2005
2007
2012
2016
2017
994
2019
2020
997
998
2025
1002
2030
2032
2033
2034
2035
1013
2037
2042
2045
1022
2046
2047
28
64
2
3
68
132
6
70
7
9
14
15
79
16
81
23
90
30
99
101
38
103
104
43
51
115
118
121
63
