622
1024
1025
4
1029
2054
1031
11
1035
2059
12
1037
2061
1038
2063
2064
1041
18
2066
20
1045
22
2070
24
1050
1051
28
2077
30
1055
2079
32
2080
34
1058
2083
36
2084
2086
1064
1065
43
2091
1069
48
1073
1074
2098
51
1075
2099
1076
2100
2103
56
60
1085
1087
2111
64
65
1090
67
68
2116
69
1093
2120
74
1098
2122
78
1102
1104
2130
2131
84
85
86
2134
87
1112
89
1113
2137
91
2139
1119
96
1125
2149
102
1127
108
2156
1133
2157
2158
112
2161
114
117
120
1144
1145
122
1146
124
2172
125
1149
126
1150
2175
2176
1155
132
133
2181
134
1158
135
1159
138
2187
140
1164
141
142
2191
144
2192
145
2197
1174
151
152
1176
1177
155
2203
156
157
1181
2205
1183
160
1184
2209
1189
166
2214
1191
2220
174
2222
175
1199
2223
1202
179
180
2228
1206
2230
1207
2231
2234
188
1212
1213
1219
2243
2246
199
2248
201
2249
2250
1229
206
1231
208
209
1234
213
1237
214
215
224
1249
1251
228
1252
1253
231
1259
1263
1265
242
245
246
248
1273
250
251
1276
253
257
1284
262
263
264
267
1291
1295
1296
1297
274
1302
285
1311
293
294
1318
1319
296
1321
301
303
305
308
309
1334
1339
1343
320
1345
322
323
1347
325
326
1353
1355
332
1358
1360
337
1361
339
340
341
342
343
344
1368
345
351
352
1377
355
357
358
1382
361
1391
368
1392
369
1396
374
1399
1402
1405
382
383
385
1414
1416
393
1420
398
400
1424
404
1429
1430
1432
409
410
412
1437
1441
1442
426
427
1451
431
432
1456
1459
437
1464
443
445
1469
446
447
1472
453
1481
458
1485
462
1486
464
465
468
471
1495
1496
1498
475
1499
477
1502
1503
1505
1506
483
485
1509
1510
487
1512
1514
491
1516
494
496
497
499
1523
500
501
1525
502
1526
1527
505
1529
506
507
1534
512
513
517
519
1543
1544
523
1548
1549
526
527
1553
531
1556
536
537
539
1565
1567
546
1571
549
1573
551
1577
554
555
557
559
1586
1587
565
566
1590
1591
568
1593
570
572
575
580
582
1609
1610
1611
591
592
1618
596
599
601
1625
602
1626
608
611
1635
612
613
614
619
1643
1645
623
626
1651
630
1656
1657
642
1672
1674
1677
657
1682
664
1688
1689
668
672
673
674
677
681
682
684
1711
1712
1713
691
692
695
696
1721
701
1727
706
1730
1735
1737
714
1739
716
717
1744
722
1748
1749
1750
727
728
729
1757
1759
1761
1762
740
1764
742
1766
744
1768
1769
748
1773
1774
1775
752
1776
1777
1781
759
760
762
763
764
1788
766
768
769
772
774
1799
779
1804
781
1806
783
1808
785
789
1813
1815
793
1820
798
1823
804
1829
806
1830
1831
1834
811
812
818
1842
819
821
1845
825
1850
1851
1852
1853
831
1859
836
1861
838
1862
1863
841
1871
848
1872
1876
1877
1883
1889
867
872
1897
876
877
1901
1907
1912
889
1914
893
1917
894
900
901
902
1929
906
1931
915
1939
922
1947
1951
929
1954
931
1956
1959
1966
1967
1969
1971
1972
1974
951
954
1978
957
1981
958
1983
960
963
964
1989
1991
1995
974
1998
976
2001
2002
2003
2005
2006
2007
984
986
2013
990
2014
2017
996
2024
2025
2027
1006
2030
2033
2035
1013
1016
1018
2042
1020
1023
2047
30
128
129
132
8
73
74
79
17
83
24
26
94
95
100
37
38
102
103
40
104
42
111
113
114
51
53
55
119
122
61
