596
0
1024
2051
1029
1035
12
1036
2060
14
16
2064
1042
2067
1044
1045
2069
1046
2070
2072
1049
1052
31
2079
32
1056
34
1059
1060
2087
43
2091
2095
2100
2101
1078
1079
2103
1080
2108
2109
2110
64
2114
67
2117
1095
1096
2120
1098
1099
77
2126
79
2127
2128
81
2129
1106
2131
2132
85
1109
87
2135
89
1113
2138
91
2140
1117
1123
100
1124
2149
2150
2151
107
108
1133
2158
111
2159
2161
1139
116
2165
2167
1145
1146
2175
129
130
131
2181
1158
1159
1162
2187
2188
2189
142
1167
2191
144
2192
1170
2194
1172
2196
1174
2198
1175
152
1178
156
160
2208
161
162
2210
2211
2212
2214
1192
1193
1194
2218
2219
2220
173
1200
178
1202
2228
182
2230
2232
185
1211
2235
2239
1216
2240
196
2244
198
2246
2247
202
1226
1231
208
211
1236
213
1238
215
1239
1241
220
224
230
1254
232
1256
234
1258
238
240
243
245
246
248
1272
249
251
1275
253
1277
254
255
1280
257
258
263
1294
272
1296
1298
1301
1302
1303
286
1310
288
1314
1317
297
298
1322
300
1327
306
1330
307
1331
309
310
311
1339
316
1345
325
1349
327
1352
330
331
333
1357
336
1360
1361
338
1362
1363
340
341
342
1366
343
346
351
352
1376
353
356
1380
357
1381
358
359
360
1386
366
369
1397
1398
375
1400
378
379
1403
381
1405
1406
1407
1408
386
1410
1412
389
1414
392
394
398
1425
407
1433
411
412
413
415
1441
419
1445
1453
1454
434
437
1462
1464
1465
442
1469
446
1476
455
1481
458
466
467
1494
471
1502
1503
481
1505
484
1508
1509
487
1511
1512
489
491
492
494
495
1519
496
1521
1523
502
508
509
1535
1538
515
1541
520
521
1549
1550
527
528
534
536
1562
539
543
547
550
552
553
555
1582
560
1584
1586
563
1587
1589
566
567
569
1593
1595
575
1599
576
1600
577
578
1605
1607
586
587
1611
589
1613
591
1616
595
599
602
1626
1627
605
606
607
1631
608
609
611
620
625
1649
1650
629
630
1656
1660
638
639
640
642
1667
644
645
651
656
659
660
663
1691
670
671
672
673
1697
674
675
676
678
680
681
1705
682
1708
685
686
1712
689
1713
691
1715
1716
1719
1720
698
1722
699
1723
702
1728
1729
708
1732
1733
713
1737
1739
717
1746
723
1750
729
731
732
733
735
1759
736
740
1764
741
1766
1767
744
750
1777
1778
1781
1783
760
762
767
1795
773
774
1800
779
781
1805
1806
783
1808
786
1815
794
801
1825
1828
805
1830
1831
808
809
1834
813
1838
1839
816
817
818
820
821
823
1847
825
826
1851
829
830
831
1855
1857
834
836
1862
841
1867
1869
847
848
1872
1874
1876
1878
1883
1884
1885
1886
1889
866
867
870
871
872
1898
876
1900
881
1908
1910
1915
1916
893
894
1919
899
900
1924
901
906
1930
908
909
1933
1934
1937
1938
916
917
920
921
1945
922
1946
923
1949
1951
930
1954
1962
1963
940
945
946
1977
1978
957
959
1983
960
964
965
1989
967
1993
981
2005
984
985
988
989
2014
993
2017
999
2025
2026
2029
2030
2032
2033
1010
1011
2038
1015
2039
1017
2043
1023
2047
23
64
96
2
34
68
37
101
38
9
42
74
14
110
52
22
118
24
121
58
91
123
60
30
