519
0
1025
2049
1026
2051
5
12
2060
13
14
1041
19
20
28
2079
1056
1059
38
1062
2086
2088
1065
45
51
1075
1077
54
56
1081
2106
61
63
64
2112
1090
2114
1091
1093
2117
2121
74
1099
78
79
1104
81
1106
2131
85
1112
2137
91
1115
97
1121
2146
2148
2153
107
108
2157
2159
112
1137
2161
2164
2165
2167
120
1145
2171
1149
2176
2177
130
131
2182
2183
1161
138
1162
139
2187
1164
1168
2192
1172
2197
2198
151
152
2201
2205
1183
165
1189
166
2214
1191
1194
2220
2222
1199
1200
178
1202
181
2231
2232
1209
2233
186
2234
187
2239
2241
2242
195
1220
198
2246
202
2252
206
1231
208
1233
1234
213
1238
218
1242
1245
1246
1252
229
230
231
1256
234
235
1261
238
239
1263
243
1267
246
1271
251
1275
253
1277
1279
1280
257
1284
1286
266
267
268
269
1295
1296
1297
274
1298
1300
1301
1303
282
285
1309
286
1311
1313
290
1314
1315
1321
298
1322
299
1325
302
1331
1332
310
1336
1340
320
321
326
1350
329
1355
1357
334
336
1362
1363
342
343
1367
344
1368
1377
355
1380
359
1387
1391
372
1396
1401
1402
381
382
384
1412
392
1421
1424
402
1432
410
1434
411
412
1441
1444
1449
426
427
1451
428
429
1453
431
435
1459
437
438
1465
442
1469
1470
1477
1478
1479
1480
1487
1488
466
468
471
1497
474
475
1507
484
486
488
1513
494
1520
499
1523
500
501
502
1531
1532
509
511
514
1539
516
520
1544
1547
1548
1549
527
531
534
535
536
556
557
559
1586
1587
564
565
1589
571
575
1599
577
1601
578
581
1605
1609
586
588
1612
591
592
599
1623
1626
606
1632
609
612
614
1642
1645
623
1649
630
631
633
1657
1660
1661
638
648
650
651
653
1682
659
660
1688
668
1696
673
674
675
1699
678
679
680
681
682
685
686
1711
688
1713
1714
691
1718
1722
1726
1729
707
1737
1744
721
1746
726
1750
1752
729
731
732
1757
735
1760
1761
1762
739
740
741
1765
743
744
1768
750
751
1775
1778
757
1781
761
1785
764
769
1793
1799
778
1804
1805
1808
787
788
789
1813
790
1815
1817
794
796
799
801
803
804
1828
807
813
816
818
1842
1843
1844
825
829
836
1862
1866
1867
1872
851
1876
1880
857
858
861
1885
1886
867
872
1896
876
877
1901
1904
1907
886
1910
1912
890
1917
1921
898
1922
1923
900
1924
903
1931
1932
909
1934
911
912
1937
917
1943
1946
925
1952
1954
1957
1961
1963
1964
1966
946
948
952
1977
1979
956
1980
957
1981
960
963
1987
1988
1990
1991
970
1995
1996
975
1999
976
2000
2001
979
2005
2006
984
985
987
989
990
2016
993
2017
2018
998
1000
2025
2029
1006
2032
1013
1016
1019
1020
1023
2047
18
96
129
4
68
100
5
103
104
44
17
20
52
54
120
27
29
93
62
