556
2
2053
6
1033
2059
2061
14
2062
15
1040
1041
2067
20
1047
24
2072
28
1054
2078
2079
1056
2080
34
2083
1060
41
1067
2091
2092
2095
1072
2097
2098
2099
54
63
2113
2114
2120
1097
2121
2122
75
1101
1102
79
1104
2128
81
82
1106
2130
85
1110
87
1113
1119
2143
1121
2146
1124
2148
2150
1127
2153
1130
1131
2157
111
1135
112
113
2163
117
2165
2168
2171
1149
126
1150
1151
2176
129
2177
2180
1158
2183
2184
1162
139
2189
142
1167
2191
2192
148
2196
1173
2197
150
1174
1175
2199
1177
1178
156
158
2206
1183
2207
2208
2211
166
2214
1191
168
1192
2217
171
2219
1196
173
174
1199
2231
1208
2235
188
2237
190
2240
2241
2242
1219
2243
196
2244
197
1225
2249
202
1226
2250
1227
2251
206
1230
1231
208
214
215
1242
221
1246
223
1247
224
1250
228
229
1253
230
231
1256
1258
236
1262
239
241
243
1268
247
1275
1282
1284
261
262
268
1303
1306
286
288
1312
1315
294
1318
1319
296
298
299
300
1324
1325
1329
307
1331
309
314
316
318
320
322
324
1349
1353
330
334
1361
1363
340
341
1367
345
1371
1373
1374
352
355
1379
356
1381
358
1382
359
1384
361
366
1390
369
1395
1398
375
1402
1404
381
384
388
389
392
393
395
399
1424
404
1433
410
415
417
1442
1444
1445
428
430
1454
432
434
1459
438
1464
444
1468
447
1472
449
1477
454
1479
457
458
459
1484
1487
466
1497
474
1499
478
479
1503
1506
1507
484
1508
487
489
493
496
499
501
1527
1528
1532
509
512
513
1537
514
1542
519
520
1545
1547
529
1556
537
1562
543
1568
1569
1570
547
550
553
1577
554
1579
557
558
560
1584
1585
1587
564
1589
571
575
1601
578
579
580
1604
581
586
587
1611
588
591
1616
593
1617
1618
1621
598
599
600
601
1625
602
605
1631
608
609
611
614
616
1640
1643
620
1645
623
629
1653
1656
634
636
1661
638
1668
645
648
1672
651
1679
1682
659
663
664
1689
1690
668
670
673
674
675
676
1703
682
1706
1708
685
686
1713
1716
1717
1718
1720
697
1725
702
1726
1728
706
708
711
1736
713
1737
716
722
723
724
1748
726
1754
735
1760
739
1764
741
742
1766
744
1774
751
1777
1778
756
1781
758
761
1789
767
1792
770
1797
774
775
776
1801
779
780
1806
1811
788
1812
789
1815
794
1819
1820
799
801
1825
803
1828
805
806
1830
1831
808
809
1833
1839
817
821
824
1851
829
830
831
1855
833
1857
834
1859
1860
1862
840
841
842
1866
843
1867
846
1870
1871
1874
1876
1877
857
858
861
1886
1889
872
1896
873
876
1904
1910
1911
898
1923
900
1924
901
903
905
906
908
909
1933
1939
916
917
1942
920
1945
922
1946
925
928
930
1955
1958
1963
1965
1966
945
946
1974
1976
1978
956
1981
1982
959
970
1997
1998
978
979
985
994
2020
998
2030
2032
1010
2034
2035
1013
2037
1017
2042
2047
22
128
35
67
69
38
39
104
75
76
109
110
80
81
113
20
116
23
87
90
91
60
31
