663
1025
2051
4
7
2055
2056
2057
11
1035
2059
12
1037
2061
2062
1040
2065
2068
1045
22
2074
1052
2076
2077
1054
2078
2079
32
2080
34
2082
35
2084
37
1061
2085
1062
2086
39
2087
41
42
2090
2091
1070
2094
2096
1073
1074
51
1077
54
1079
56
1080
61
2110
63
2112
2114
68
2118
73
1098
2122
76
77
2125
78
1102
79
1104
2128
81
82
83
1107
2131
2132
85
87
88
2136
89
1113
2138
91
92
97
99
1123
1124
2148
1125
2149
2150
107
1131
108
2157
1134
1135
2159
1137
2161
2163
117
2167
120
2173
1151
1152
1153
1154
2179
132
1156
2181
1158
2182
1159
138
1162
2192
2193
1172
2196
2197
151
2199
152
1178
1181
1182
2208
2209
162
2210
1188
165
1189
2214
1192
1193
2218
2219
2222
178
2227
2228
181
182
185
1209
186
1210
1212
189
1213
2237
2238
1215
1216
1219
1220
2244
197
1221
1222
2246
1226
2250
1227
204
1234
215
219
1246
225
227
229
230
231
232
1256
1258
1259
237
238
1262
240
241
243
246
248
1272
250
251
1275
252
256
1280
1283
1284
1286
264
265
268
271
1295
1296
1297
1298
275
1300
1302
279
1304
284
287
289
290
1314
1315
294
1318
1319
296
1320
297
298
1323
300
1325
303
1328
307
1331
308
310
312
1339
316
318
319
1343
1345
323
325
1349
326
1352
330
332
1356
334
1358
1368
1372
1374
351
352
1376
353
1378
355
1380
357
363
1391
1392
1395
1402
379
381
382
384
1408
1409
388
1412
1414
393
1418
395
398
399
400
1424
402
1431
409
412
1436
1439
416
1442
1443
1444
423
426
427
1453
430
1454
431
1456
1459
1460
437
1462
1464
441
442
444
1468
1469
1471
449
1473
452
453
1477
1479
456
1481
1483
1485
465
1494
475
476
477
1502
479
1503
480
1504
481
1507
485
1509
1511
1512
489
1515
1516
495
1519
496
1520
1522
499
502
503
1527
506
507
1535
513
1537
1538
1540
517
1542
519
520
1546
1547
524
1548
1549
527
528
531
536
539
1566
543
1571
549
1573
1574
553
1577
1582
560
1585
1586
1587
1591
1593
1594
1598
1599
1600
577
578
1603
581
1605
1606
1608
1610
1611
1612
589
1613
590
591
592
596
1620
1622
599
601
604
605
607
1632
609
1635
613
614
1640
618
1642
1643
621
1645
1646
623
624
1653
1654
1656
633
1657
1658
636
638
1662
1664
641
1667
644
645
1670
1671
650
1676
653
660
1685
663
1687
1689
668
670
672
674
676
1700
1703
681
1706
1708
686
1711
689
1713
1714
691
1715
1716
1717
1718
1722
1723
1726
1729
707
708
1734
714
1739
1744
722
1747
1748
1749
726
727
1751
728
729
1753
731
732
1757
1759
1762
742
743
1768
1769
1771
752
1776
760
1784
761
1785
762
1790
1792
771
1797
1798
775
1803
1805
782
783
784
1809
789
1814
794
1819
796
797
798
1822
1825
1828
1829
1830
811
812
817
1842
1843
1844
823
825
826
1850
1853
831
1856
1859
836
1861
838
1862
841
1865
842
1866
1868
1869
1870
848
1874
854
860
1884
861
1886
865
867
868
870
877
878
1902
1904
1905
1907
1909
1910
1912
894
1918
899
1924
902
904
905
1931
1932
1934
915
917
922
1948
1949
926
928
929
1956
1961
1962
1963
942
943
1967
945
947
1973
950
951
1976
1977
1978
956
1980
957
958
1983
963
966
967
969
1993
970
972
974
1998
2002
980
981
983
985
2009
2011
988
2012
990
992
2016
993
2020
998
2022
2025
1002
2028
2029
2030
1009
2033
2034
1011
2035
1013
2037
1017
2042
2043
1021
2045
1022
29
129
68
7
77
79
80
19
83
23
34
100
38
39
103
40
42
44
109
111
112
113
50
115
54
121
122
123
124
125
