649
2048
1025
1029
1031
2060
13
1037
2061
1038
16
2064
1041
2065
2067
21
2069
22
1046
24
2072
26
1050
2075
2077
1054
1055
2079
1058
1059
2084
2085
1062
2087
41
1066
2090
1069
1070
2094
2095
2096
50
2099
52
1077
1081
2106
1083
60
1085
2109
2110
63
2111
64
65
66
2114
1094
73
2121
74
1098
77
2125
82
1106
1107
85
1109
86
2134
87
2137
2138
1117
2141
94
1118
1119
2144
1122
2146
1123
2147
100
1124
2148
2149
102
2150
103
2155
1133
111
1135
2159
112
1136
114
1138
1140
117
2165
118
1142
2167
121
2169
1146
1147
2171
1150
127
129
2177
1154
1156
1158
2182
1159
2183
1160
2185
139
140
142
1167
144
2192
146
1170
1172
2197
151
1175
2199
153
1178
2202
155
2203
1180
157
158
161
1185
164
2214
1191
1196
1198
1199
1201
178
1202
2227
180
1204
2229
1208
2232
185
186
1210
2235
188
189
190
191
2239
2247
200
2249
202
2250
1229
206
208
212
213
214
215
1241
218
1243
1244
224
228
1255
234
236
1265
1269
247
248
1273
1276
253
254
1279
257
1281
1282
259
1283
261
262
263
267
272
1296
273
1300
279
1304
281
282
1306
287
1314
291
293
1319
296
1322
1323
300
1326
1328
305
1333
311
314
1339
316
318
320
323
1349
329
330
331
332
1357
334
1358
335
1360
337
1361
1363
341
342
1367
1368
345
348
349
1374
351
352
1381
1382
360
364
1390
1392
1393
370
371
372
374
1398
381
1405
385
387
389
390
1414
1415
1418
1419
398
401
402
1426
1432
410
1434
412
1439
416
419
421
1445
423
424
1451
428
1453
1454
432
1456
433
1458
1459
437
438
1464
1468
446
448
449
450
452
453
1477
454
1481
458
1485
462
1487
1490
1491
472
473
1497
1499
1501
481
1505
483
484
485
486
1513
1514
1515
1518
495
1519
496
497
499
1523
1524
502
507
1531
509
511
1537
514
1540
1543
520
521
1547
524
525
531
1556
1562
1564
1566
544
1569
546
547
549
552
1576
554
556
557
559
1586
563
1587
564
565
1589
1592
1595
1598
575
1599
577
1603
1604
1609
586
1610
587
1612
589
590
591
1616
1617
596
597
599
1626
605
606
607
608
1632
1634
1635
613
1643
623
1647
1648
1651
629
630
1656
633
1660
1661
642
1668
645
649
1674
1675
653
1678
1681
658
1682
1685
1688
1690
1696
673
674
675
678
680
1704
682
1707
686
689
1714
691
1716
1717
694
697
1721
698
1727
1728
705
707
708
709
710
1734
1735
712
713
1737
714
716
717
722
723
1748
1753
731
1755
732
734
735
1759
1760
1761
739
1766
1768
750
1776
1777
754
756
1781
762
1787
1788
1789
1790
769
771
772
774
775
1803
780
781
1808
785
786
1811
788
789
1814
793
1818
1821
798
1822
799
800
803
1827
805
1829
806
1831
1833
810
811
812
813
814
1839
816
1840
817
818
1844
823
829
832
833
1857
834
1861
1862
839
840
1864
841
842
1866
1867
1868
853
1877
1880
1884
862
867
871
872
1898
1899
876
1900
1903
882
1907
1914
895
1919
1924
901
1928
905
1931
908
909
1933
1934
1936
1942
920
922
1946
923
1947
925
926
929
1953
1954
1956
935
1961
940
1965
1970
947
1971
949
1973
1975
1977
956
957
1981
1983
960
1984
962
1989
1990
969
970
2000
2001
2002
2004
2005
2006
984
2008
987
2011
989
990
2015
992
2018
2019
2024
1002
2028
2029
2032
1010
2035
1013
2037
2038
1015
2039
2043
2045
2046
29
129
132
7
72
9
77
14
15
83
20
84
87
89
26
29
99
36
37
107
110
47
112
113
51
52
57
122
60
63
