632
1024
1025
2050
4
2052
2055
8
1032
2056
1034
12
1036
2060
13
1037
14
16
17
2065
19
20
1044
22
2070
1047
1050
2075
1054
2078
1056
2085
2087
40
41
43
1067
45
2093
2095
1072
2096
2097
50
1076
54
1078
2102
1079
1080
57
2106
1085
62
63
64
2112
65
1089
67
2115
68
2116
71
73
1097
1098
76
77
78
1102
1103
81
82
2130
2132
85
2133
87
2135
88
2136
89
90
1114
2138
2139
1117
1118
96
97
98
2149
1127
2153
1130
1132
1133
2157
2158
111
2159
2161
114
115
2164
117
2165
1143
1144
1145
1146
2172
1149
2175
1153
1154
2178
131
132
1158
2182
135
1159
1160
2185
138
139
1164
1167
2192
148
149
151
1175
2199
1176
1178
156
2205
1183
2211
1188
165
166
1191
1193
2220
173
2222
1199
177
178
2226
180
1207
2231
2232
186
2234
2235
1212
189
1213
2237
1214
191
1215
197
1224
1225
2249
202
203
1229
2255
1233
210
212
1237
214
1239
218
219
1246
225
226
1251
228
229
231
1256
233
234
243
244
246
1270
1271
249
1273
1274
251
254
1278
1279
1280
257
259
1285
262
1287
1290
269
271
272
1298
275
1299
1300
279
289
290
1315
292
1317
295
1319
296
298
1324
302
303
306
1331
309
310
312
1340
320
325
1350
328
332
1357
336
340
1364
341
342
343
1367
1369
346
1370
1372
355
1381
358
1382
360
1384
361
362
364
365
1389
1390
367
1393
371
374
1398
1400
1402
380
1404
383
1407
1408
1413
393
395
1420
1421
398
1425
402
403
1427
1431
410
1434
1437
415
419
1443
1444
1445
1449
426
428
1453
430
1454
1455
1464
1465
1469
1470
447
448
449
450
1477
1479
457
1481
460
1485
1487
464
466
1491
468
1494
1496
1497
475
1501
479
1503
485
1509
487
1511
1512
489
492
1516
1517
494
1518
1521
499
501
1526
1530
507
1531
1532
510
512
516
1543
520
523
1547
1551
528
529
1553
531
534
1559
536
538
540
1566
1568
545
1569
1571
550
551
556
557
560
1585
1586
565
1593
1595
572
1596
574
1598
1600
578
580
581
1605
584
1609
1614
591
1619
596
1621
599
600
601
602
1626
605
606
607
1632
609
610
611
614
616
1640
619
620
621
624
1649
629
1653
634
640
642
643
645
647
1671
1672
1674
651
1675
653
1687
664
1688
666
1692
1693
676
1700
677
681
1705
1706
684
1708
687
1711
1713
1714
1716
1717
699
1724
1728
707
709
710
1734
1737
1738
1739
720
1744
723
729
731
1759
1760
738
739
1764
744
745
1769
749
750
1774
1775
753
1777
756
1781
1787
1788
765
1789
1792
771
1797
774
1799
1802
779
783
1808
789
1814
796
1820
1822
799
809
1834
1837
816
817
1843
823
1847
825
1850
829
831
832
1856
1857
1859
836
1860
840
841
846
847
1871
1872
1873
1874
852
1876
1877
1878
856
1880
1881
1882
861
1885
1886
1889
867
1892
873
876
1900
1908
1909
886
1910
892
1916
1918
1921
1924
901
905
1929
1932
1933
912
1937
1939
916
1942
1943
920
921
922
924
926
1951
928
929
1953
1954
1955
932
1963
1964
941
1966
946
1972
1973
950
1974
954
956
1981
1983
960
962
963
1988
1989
1993
970
1995
1998
976
2001
2002
979
2004
2005
982
2007
985
2009
2010
2011
988
991
2016
994
2020
998
999
2025
2027
2030
1007
2032
2033
2038
2039
1017
2041
2043
1020
1023
2047
33
64
129
66
3
67
68
5
133
6
70
80
81
19
83
87
24
88
25
26
29
33
34
38
106
107
44
45
113
114
55
56
58
60
