572
1024
2048
2049
1026
2051
7
2058
2059
13
1037
2061
14
1038
2062
16
1041
20
1046
2070
24
1049
1050
2074
28
2079
34
1059
2083
36
1060
1062
2086
2089
42
2090
1068
45
1069
47
1072
1073
51
2099
1076
2100
54
2103
59
2107
60
64
65
2114
68
2117
73
1098
1099
1101
79
2128
1106
2132
1111
88
89
2137
2138
92
1117
95
2144
2148
1126
108
109
1133
2158
1139
116
1140
2164
117
2165
2167
121
1145
1147
124
126
2174
129
2177
2178
132
1158
2182
135
1159
1160
2184
138
1162
2187
2189
142
1166
1167
2191
144
2194
1172
2197
151
2199
152
154
1178
2203
1180
1183
1184
2208
2211
2212
165
2214
168
1192
1193
2218
1199
2223
1200
178
2227
2228
181
2229
1209
2234
1212
1213
190
1219
198
201
1225
1228
1229
2255
208
213
1237
214
1238
1242
220
221
1245
1251
230
231
232
1258
238
1263
243
245
1271
248
253
1277
1278
1283
261
263
265
267
1291
271
1296
1298
1302
1304
1309
286
287
1313
1314
1315
1316
293
297
1323
300
303
307
308
1332
316
318
319
1343
320
321
322
326
1350
1351
1353
1356
1357
334
335
1360
1361
339
1364
1365
342
1366
343
1367
1368
345
349
1373
350
351
352
1377
355
356
358
1382
364
366
369
1398
377
378
381
384
1409
386
1412
390
1414
392
1416
393
1420
1424
1425
1427
1431
408
409
1433
414
1439
1440
1441
1444
423
431
432
434
435
1459
1462
1465
442
446
1470
447
449
1473
454
1479
1481
460
1485
462
1486
1488
1491
472
1496
473
474
475
478
1503
1512
1514
492
1517
494
1518
495
1520
502
1526
1532
1534
512
513
1537
514
1538
1540
1542
520
1544
522
1547
524
1549
526
528
1553
1555
534
536
1568
547
1574
551
553
1577
1579
557
558
560
1586
564
1589
567
1591
1595
1596
1598
1599
1600
1601
579
1603
1605
583
586
587
1611
1612
589
1614
591
592
1616
598
1622
599
602
1629
607
1631
611
1635
613
1642
1643
621
1646
1651
632
1656
1658
638
1665
642
644
645
652
653
1678
1682
659
1685
663
665
671
673
1697
674
676
1703
682
685
1716
1722
1723
1725
1728
707
708
710
1736
714
721
722
724
1748
1749
726
729
1754
736
740
1764
1766
744
1769
1772
750
751
1775
752
1776
1777
1778
1779
756
760
763
765
767
1791
770
1801
779
780
1805
782
784
786
1814
1817
1820
798
799
800
803
804
1829
806
1830
807
1831
808
809
1835
812
1839
817
1847
1851
829
831
1855
833
1857
836
838
1863
1864
841
1865
842
843
1867
1869
847
1880
860
862
865
1889
873
1898
876
1901
1909
1911
1912
1915
893
1917
894
1923
903
904
1931
908
1933
1934
912
915
1943
922
1946
923
1947
925
1951
928
1952
930
931
1956
935
1963
1966
1967
946
949
1973
950
1974
1977
954
957
1981
958
959
1988
1989
966
1990
967
969
970
1998
976
2000
2001
979
2003
984
2010
987
2012
989
2013
990
2016
2017
2025
1002
2027
2028
2030
1008
2032
1009
1013
2037
1016
2042
2043
2046
1023
23
68
132
37
133
38
7
42
46
15
79
111
17
20
52
53
86
56
120
59
91
60
124
125
