617
0
2048
1025
1026
2051
5
2055
1034
2060
1037
18
2066
2067
2068
22
1046
2070
23
25
28
1052
30
33
1058
1059
2083
36
2084
1061
38
39
40
1065
42
1066
44
1069
47
1071
2095
51
2099
1076
53
1077
1078
1080
57
1081
2107
61
1086
64
65
2113
68
1092
2117
70
1098
1101
80
1104
1106
83
85
1110
1111
1112
89
2139
2141
94
1118
95
1120
2144
1121
99
1123
1124
1126
2150
103
1128
108
1133
2157
1135
2159
112
2161
2163
1140
2164
2168
1145
2171
1148
1149
126
1151
2175
2177
130
2178
132
2181
135
2183
1160
2185
139
2187
142
143
1167
2191
2192
2195
2197
2202
155
2203
157
2205
1183
1188
2212
1189
1191
168
1193
170
1195
1197
176
2227
180
181
1205
2229
2230
183
185
186
1210
187
2235
1213
191
2239
2240
1219
1220
2244
2248
1225
2255
1234
214
215
220
1245
224
1249
226
1251
230
231
232
1259
1261
238
1265
246
248
1274
251
1275
1276
1280
262
1286
267
268
1292
1295
272
1296
1298
1300
1303
280
1304
281
1305
282
1309
287
288
1313
1315
1319
1320
297
1322
300
303
305
306
307
311
1339
316
1340
317
1341
1345
322
326
330
1355
1357
1359
1360
340
341
342
1367
349
1373
350
1374
351
1375
352
355
1381
1383
1386
1389
371
373
1398
375
378
1402
1404
1406
384
1409
389
390
1414
391
1415
1416
393
1420
398
400
1424
401
1425
1431
409
410
1434
1435
1436
414
1438
416
419
1444
423
427
428
1453
430
1454
431
432
1456
434
1459
437
438
441
1469
1471
1477
454
1479
459
1483
1486
465
467
1491
1494
471
473
1497
474
1499
1500
477
1502
1503
480
484
1511
1513
496
1520
499
503
504
1530
507
1531
1532
509
1534
511
512
517
518
1543
520
1547
528
1552
531
1556
537
539
1566
1567
544
1568
547
1572
549
1573
1576
1578
557
563
1587
1590
569
1593
570
1594
1595
1599
577
1607
1609
586
589
591
1616
1618
1620
597
598
599
1623
602
604
607
1631
608
609
1640
1641
620
1645
1648
1649
628
633
634
1658
1661
638
641
642
1669
653
656
1680
1681
658
1683
1688
666
670
671
672
1697
674
676
678
681
1708
685
1709
691
692
1720
702
1727
704
1731
708
1734
1735
712
713
1737
714
715
1744
722
1746
724
726
1751
729
1753
732
1757
1762
739
1764
744
1768
1770
1771
750
751
1775
752
1776
1778
755
756
757
1781
761
762
1787
1788
765
1792
1794
773
775
1801
1802
1804
784
1808
786
1811
1814
1819
1820
1821
1822
800
801
1828
1829
1830
807
1831
809
810
811
812
1839
816
1840
1844
821
1846
824
825
1851
828
829
1855
1856
1857
1860
1861
838
1862
840
841
842
1866
845
1871
1876
1877
855
1880
857
858
1885
1888
1889
1890
867
870
1895
873
876
1900
877
879
881
1908
886
1910
1912
890
1915
1917
906
1931
909
1933
913
1937
915
1943
920
922
1947
924
1948
925
1951
1952
1953
1954
934
935
1961
1963
940
1965
942
1966
945
946
947
1973
950
1974
951
1976
954
957
1981
958
959
960
1984
962
1986
1988
965
1989
966
967
1991
1992
969
1993
970
2002
979
2004
981
2008
985
987
2012
2016
2017
994
997
2023
2025
1002
2027
2029
1006
2030
1012
1013
2037
1016
2042
1019
1020
2046
1023
26
2
70
72
15
79
16
17
19
83
85
22
89
29
31
95
103
105
42
50
51
52
116
119
122
60
63
