503
2048
2049
1026
2055
8
10
1035
2060
13
1037
2063
18
2067
2070
2075
1052
2079
32
1057
34
2083
35
36
2084
1062
39
1066
2090
42
2091
1069
45
48
2099
52
1076
54
57
2107
60
61
2110
2111
2112
1090
2114
1095
2120
2121
1097
74
77
1103
2128
1106
85
1110
87
1111
2136
1113
2137
1114
2138
2140
2141
1118
1119
1124
1125
2150
1126
1128
2153
107
109
1133
2157
110
1134
1137
2161
1138
1140
2164
2165
117
118
2167
121
2172
2175
127
2177
1156
2182
1159
1162
140
1164
1167
2191
2192
145
146
2195
1172
2197
2199
1175
152
1177
155
1179
156
2205
157
1181
1183
161
2209
2210
162
2214
166
1191
1193
2218
1195
1196
172
1198
2222
1199
178
179
1203
180
1210
1213
189
1215
1219
2244
2246
2247
199
201
2250
2252
206
1231
2256
211
213
214
225
1251
227
230
231
236
1265
245
246
248
1275
251
1277
1278
1280
1288
264
268
1296
1298
274
1299
277
279
281
1306
1309
1310
1311
287
288
1314
1315
293
1318
1320
1322
302
306
307
311
312
1339
316
1340
318
1345
325
1351
330
332
1356
1357
1358
335
1362
341
1367
343
349
352
1378
356
357
1381
360
1386
365
1395
371
374
1400
377
1405
383
384
385
389
1414
1415
392
393
1419
401
1425
1431
1441
1444
1445
1446
427
1453
1454
431
1456
1459
1463
440
1468
447
449
450
1477
1479
459
1484
462
465
1491
467
1494
471
1496
473
475
478
1502
1503
1505
481
482
485
1512
489
1515
494
1518
496
498
1526
502
507
1534
1535
512
1547
524
527
528
531
1556
533
534
1559
537
539
540
1565
1566
543
550
553
554
555
556
557
559
1584
1586
1587
1588
565
1590
570
1595
574
575
576
577
578
1609
586
1610
1611
1613
592
596
1621
1626
604
1631
609
1635
612
1646
623
626
630
1657
633
1661
637
1675
1678
659
1688
664
1691
670
673
1699
1700
676
677
678
1703
1708
1713
1716
1722
702
1727
703
1728
1729
1730
707
708
710
1735
1737
713
1743
722
1746
1747
724
1752
1756
732
1761
743
1768
1772
750
751
1776
752
1778
754
1784
765
770
774
775
1803
779
781
783
787
789
1814
1815
793
1820
1822
801
1829
1830
807
1831
810
812
816
818
819
1844
823
825
1851
833
835
836
1862
839
840
841
1865
1866
1868
844
1871
1874
853
1877
1880
857
1886
867
876
878
1904
1909
1910
889
1914
1918
894
1924
901
903
909
1933
1934
1938
915
918
920
923
1951
1953
946
949
950
1974
951
1977
1978
954
956
1981
1983
960
962
1988
969
970
976
2001
2004
2005
981
984
985
2019
2022
2023
2028
2029
1007
2037
1013
1016
1018
2042
1020
2046
8
114
66
83
132
122
123
15
95
