378
0
1536
2
3
515
1030
2054
6
1543
2057
10
1034
524
1549
15
2065
1043
26
544
547
548
1060
1573
1061
39
1065
1578
42
1068
44
45
1581
558
47
561
564
1078
1079
567
1081
1595
1084
573
1085
1086
63
1088
1600
1603
68
581
70
1608
584
72
585
1098
74
1611
587
1100
77
1104
81
1106
1619
1108
87
600
1112
1624
601
1625
1114
602
604
1116
93
1630
96
1121
611
1636
1637
102
1639
104
105
617
1129
1132
108
1644
1133
109
1136
113
116
629
119
635
124
1148
1150
1663
127
1152
1665
132
1156
1668
645
134
646
136
1672
137
649
140
141
142
654
1168
657
1686
1176
665
1690
668
1693
671
1696
160
1185
161
674
1699
1701
1702
1192
170
1196
172
173
174
688
177
178
183
1720
1721
699
1726
1727
706
1220
197
709
711
1735
712
200
1224
1737
716
206
1743
1745
1746
723
1747
725
726
727
1751
1243
1245
222
224
1763
227
1253
1766
1769
745
746
1773
751
239
753
1778
754
755
1270
250
767
1792
768
256
1793
772
773
1797
1285
1288
1289
1803
271
1296
784
787
277
1813
789
790
1303
281
1818
1307
1820
1310
290
1830
296
1832
810
299
1324
1838
1327
1330
1331
309
1333
313
1853
830
1855
1860
1348
324
325
1350
326
331
844
332
1868
1356
333
334
1359
1872
336
1364
853
1365
1878
1367
343
1370
1373
863
1381
870
873
874
362
363
875
1901
1389
1393
1394
371
885
1910
1915
380
383
1408
1920
897
1922
1411
1412
1925
1927
903
905
1929
395
1931
909
1933
1934
401
1426
1428
1431
407
1944
408
1945
409
1946
1435
412
1437
1440
417
1443
932
1956
1444
421
1446
1447
1960
1452
1454
942
432
1458
434
439
1464
954
956
1980
446
958
1471
1472
448
1985
962
450
1475
964
453
1477
1481
457
969
458
1482
971
974
465
2003
467
1491
980
477
479
480
481
1511
2023
488
2025
1002
2027
493
2029
1006
1009
498
2036
1525
1527
2039
1017
2042
506
1532
1021
33
129
2
4
5
9
75
76
78
80
144
81
146
82
19
83
147
148
149
23
152
154
26
158
94
103
107
44
47
111
55
122
60
126
