296
1536
1025
1538
515
3
6
1031
1545
1034
523
11
2060
1550
15
531
1043
1555
532
542
544
1570
547
548
1066
44
1070
558
1582
47
50
564
54
56
1080
1081
1595
1084
1085
1086
1599
576
1089
67
68
1604
583
584
73
1611
587
81
1108
87
1624
600
604
605
93
1630
1120
96
98
1123
99
1636
614
1639
105
618
108
1132
1143
1145
633
634
1659
124
1661
1665
1154
131
134
1671
1672
1160
1673
650
1674
139
1163
652
654
142
1168
147
1172
1685
1687
152
665
1693
670
671
1183
160
1186
1701
1705
170
1707
174
687
1206
695
183
1721
186
699
1212
1730
1220
709
198
711
1735
1223
200
1736
712
1737
716
1745
1747
725
215
1243
1756
222
224
739
230
1769
751
1775
241
244
1274
1788
1792
768
1793
1281
1795
772
1285
1797
773
782
1294
1809
1811
787
1812
1813
789
790
281
1818
1822
289
1313
1318
1830
1322
299
300
1324
1838
1333
309
310
823
313
827
1853
1855
1857
1860
325
326
1350
1351
843
331
334
1360
1361
1873
1875
1876
1878
1879
343
1368
859
860
1891
357
359
873
1897
874
363
367
1907
372
885
1397
1400
1913
897
1922
1411
1412
1927
1929
905
395
1420
1933
1422
403
1428
1944
1946
1435
412
1437
927
1440
1441
417
1444
932
421
1446
1447
423
1960
1452
428
941
1454
944
947
439
953
954
1980
1469
1471
960
452
456
969
458
1483
1996
461
1485
462
980
2005
470
2016
480
2019
483
1509
2023
488
2025
1001
489
1513
1002
491
1516
1006
1525
1526
2039
1527
2042
506
1532
27
2
5
71
74
75
139
142
144
23
24
25
90
92
28
93
32
96
33
100
102
44
111
51
53
55
56
124
