351
1536
1025
1538
1026
515
3
2052
6
2056
2057
522
1034
1547
523
1548
2062
15
528
1043
531
27
541
544
545
1570
547
548
1061
37
551
552
1066
44
1581
558
47
1587
564
54
1081
1594
1082
1595
571
1084
573
1085
1086
575
576
1600
1088
67
1603
580
68
1606
70
584
73
585
1611
587
589
77
1614
1103
1616
81
1107
1108
1620
1621
86
87
1624
600
1628
1116
93
1118
1630
96
1633
611
100
1636
1127
105
618
107
108
1132
1133
622
112
1136
627
629
633
1148
1154
1668
645
134
647
1672
138
657
146
1171
1172
1685
151
1177
667
670
160
674
1701
1192
170
1194
171
1709
173
174
1198
687
1711
1712
688
179
181
1717
695
183
1210
699
1212
1726
1727
1216
1217
707
1220
709
197
1222
1735
711
200
712
1737
1225
202
714
716
722
1747
723
1237
1240
1242
220
732
221
222
224
1761
739
743
1257
745
746
237
1778
1269
1783
1273
1788
1792
1281
1793
1795
1285
1797
773
776
779
267
268
1809
273
787
1813
277
790
1303
793
1818
1820
1822
1825
1316
805
1830
1319
810
299
811
1324
1838
1327
1330
1843
1333
309
1334
1848
1849
1853
1855
1856
1344
321
1349
837
325
1350
329
331
1868
334
1870
1359
1361
1362
338
852
340
1876
1877
1878
855
1879
343
346
860
1373
1374
1377
868
1381
873
361
362
363
1388
879
880
1393
369
881
370
885
887
378
1915
1404
383
895
1408
897
1922
1411
1924
1927
905
1929
1930
395
1933
1939
916
1431
1944
1946
1435
412
927
931
1956
932
421
1445
934
1446
935
1959
1960
1452
1453
942
1454
1456
1459
953
1467
443
956
1980
1470
959
960
964
969
1481
458
972
465
980
469
2005
982
983
477
481
2018
483
1508
2023
488
1513
490
2026
1002
2029
1006
1009
2033
2039
1527
2040
1529
2042
506
2043
1021
509
1023
28
128
1
129
65
2
67
5
71
73
14
144
18
83
148
154
91
95
97
43
108
44
46
111
115
117
119
55
127
