354
2
1538
515
3
6
1034
2060
2062
1550
526
15
1043
1555
531
542
543
544
545
1570
547
548
1061
550
551
1065
1577
1066
44
1581
558
1070
1584
1585
1587
1078
1590
54
56
570
1595
571
1085
1086
63
1088
1600
576
1601
67
1603
579
68
580
1604
1605
581
70
1608
585
587
1611
1100
589
81
1617
1108
86
87
1624
600
604
92
93
606
96
99
611
614
1639
1129
105
618
1131
107
108
1132
1644
1133
1137
1650
627
630
631
120
1145
634
1148
124
637
1662
126
132
1668
645
134
1671
648
1672
650
1164
142
1680
1168
657
146
1172
149
1687
665
667
670
1695
160
674
1702
170
173
174
177
1714
1204
695
1721
1722
1210
699
1726
1727
703
1220
709
197
1222
711
1735
712
200
1738
714
716
1745
722
723
214
215
727
1239
219
222
224
1763
745
1257
1769
746
1775
242
1779
1272
1276
255
1792
1793
1794
1285
773
1799
1290
1803
782
1294
787
277
790
1303
281
1818
795
1307
1820
796
1822
1313
290
1830
1833
809
1322
810
811
300
1324
1838
1327
1841
1330
1331
307
1333
309
1334
1848
1852
830
1855
1856
1344
1860
325
1350
1352
331
1868
1359
1360
849
1361
338
1876
852
854
1879
1880
859
1373
1375
1890
1891
868
1381
359
873
361
362
874
363
1900
876
879
1392
1393
370
372
891
381
1408
897
1411
899
1412
1924
1413
1926
1927
1929
395
1931
1932
1933
1422
1425
914
1939
916
1428
1944
1435
412
1437
415
927
1441
417
1442
418
1444
932
1956
933
934
1446
1447
1960
936
1451
1452
428
941
1454
942
434
436
1974
439
440
953
954
1467
1980
1469
959
1471
449
1986
451
453
969
458
1483
1997
1999
464
980
982
984
477
1502
480
481
2018
2020
1509
998
2023
488
1001
2026
1002
1006
1009
2033
2036
502
1527
2039
1015
1017
2042
1530
506
1532
1020
2044
1021
25
66
131
5
135
146
83
22
154
90
93
157
94
98
37
102
39
41
108
44
111
50
114
119
56
127
