254
1025
2
1538
515
3
2052
2054
6
522
11
523
1549
1043
2068
1046
24
542
31
544
545
1570
547
548
1061
1574
1066
44
558
1070
1585
1587
564
54
1079
1080
1081
571
1595
60
572
1085
1599
578
67
579
68
581
70
584
1608
585
77
589
81
1108
87
1624
1116
604
605
1630
611
1636
107
108
1644
622
627
1143
634
1148
124
1150
1154
131
645
134
1160
139
1167
1172
1693
670
671
160
170
1707
172
173
174
1206
183
1210
1212
1726
1727
709
197
1735
711
1224
1737
716
722
1242
1755
1243
732
220
222
224
736
739
1253
230
745
746
749
244
1270
765
767
1795
1285
262
776
1803
782
1294
1296
787
1813
1303
279
803
1830
299
811
1838
1327
1330
1331
309
1333
1336
1853
1855
1344
1857
1349
837
326
1350
1866
1868
336
1360
849
1364
852
340
1876
1878
1879
1367
855
860
868
1381
1896
1897
361
874
363
1900
877
1907
372
885
1397
1912
1401
380
1404
893
1408
897
1922
1411
1412
1925
1926
1927
1929
395
1934
1426
1939
916
1428
1944
1946
415
927
1440
1442
1443
932
1956
933
421
1447
1959
1960
1963
1452
942
434
1464
443
956
1472
960
1986
964
969
458
465
980
982
470
481
2018
483
2019
2023
999
2025
1513
2026
491
493
1005
1009
1013
1526
1527
2040
1529
506
1019
1533
1021
509
20
65
100
71
135
105
43
142
47
144
81
51
83
117
119
55
154
59
27
94
63
