328
1025
1538
515
3
6
8
1545
1034
2058
1550
15
2065
1043
532
27
1052
544
33
1570
547
36
548
1575
1577
1066
1578
44
558
1070
47
1584
50
56
1082
1595
1085
1086
63
1600
1089
1602
68
1604
1605
1606
1095
1608
585
1098
74
587
1100
589
81
1105
1617
1108
1624
600
1625
1114
1626
604
1117
96
1120
98
1123
99
1636
100
614
102
1639
105
617
618
619
108
1132
113
625
627
629
1145
634
635
636
124
1154
132
645
134
1671
647
1672
1160
649
650
1674
142
657
1171
1684
1172
1687
665
1693
670
671
160
1185
674
170
173
174
687
1717
1206
1207
695
1721
1723
699
703
1730
707
1220
1732
197
1735
711
200
712
202
716
1745
722
723
727
1240
1752
1243
1245
222
736
739
1767
743
1768
1257
1769
745
1773
241
244
1273
765
1792
1281
1795
772
1285
773
1797
1798
1289
1291
273
1809
1810
274
787
1813
789
277
790
1818
1822
1310
1312
1313
1830
808
809
811
1324
300
1837
1838
816
1330
1333
823
1848
1849
1338
316
1341
1855
1856
1860
1349
837
325
1350
1351
328
1866
1867
331
1355
843
1868
1356
1359
1872
1362
1365
1878
343
1879
859
860
863
867
1891
873
361
1897
362
367
883
372
885
887
379
383
1408
1922
1924
1412
1927
1929
395
1931
1420
397
1933
1422
1425
1427
1428
1944
412
1437
1438
1952
417
932
1956
421
933
1446
1447
1960
938
428
1452
941
1454
942
1966
1459
947
439
440
953
954
1469
1470
1471
448
962
1986
1987
456
969
457
458
1483
461
1997
974
463
1999
467
980
2005
1501
480
2016
993
1506
483
997
998
2023
488
2025
1001
1513
1002
493
1517
1009
2033
498
2036
1525
2038
2039
1527
2042
1532
1021
509
1533
24
32
96
161
67
69
71
39
43
44
76
111
112
51
83
21
149
86
56
153
122
91
93
127
159
