295
1025
2
515
3
2052
1029
6
1034
522
1549
15
1043
544
545
33
547
548
36
1061
39
553
1066
44
1581
558
1585
1587
564
54
1590
1080
1082
571
1595
573
1086
1088
64
1089
68
580
70
1095
1608
585
74
587
1100
77
1617
81
1108
87
1624
1625
604
1121
1122
98
611
99
1123
1636
102
614
1639
617
618
107
1644
1132
1133
622
1136
627
1143
1145
634
124
131
132
645
134
1671
1672
649
138
650
142
1168
146
1172
149
1686
665
667
1693
670
671
160
1185
170
1707
1198
1714
695
183
1721
186
1210
699
1726
194
1220
1735
711
200
716
204
1745
722
723
1747
727
1752
1243
1245
222
224
739
230
745
1769
746
748
1773
753
241
1781
1792
1793
1281
258
1797
1285
773
776
1803
1294
274
787
1812
789
1813
790
1303
793
1818
1313
1830
1318
809
811
299
1837
1838
1327
1330
820
309
1333
1334
1335
1848
1849
1853
1855
1344
321
1348
1860
325
1349
326
328
331
843
1868
1872
1360
849
852
1877
1879
859
860
1373
353
868
1381
870
873
361
362
1900
876
1388
879
367
880
370
1907
372
1908
1397
887
1400
379
1403
897
1412
1926
1927
1929
1931
395
1422
1939
1428
1431
408
1944
409
1435
412
1437
1438
415
417
932
1444
933
1446
1447
1960
1963
1452
1454
1969
1970
1974
439
953
954
1467
956
1469
1471
962
1986
964
453
969
457
458
1483
461
1998
465
2001
980
2004
1493
476
480
2016
481
2018
2023
2025
2026
1002
491
1009
2036
1525
1013
1526
2038
1527
506
507
1532
1021
509
21
32
0
96
4
100
135
71
104
42
43
76
141
46
111
147
149
119
55
56
154
127
