346
1536
1025
2
515
3
1030
11
15
531
1043
27
541
542
544
34
547
548
1060
1061
552
1066
1578
44
1581
45
558
1070
47
1585
561
1590
56
1080
1082
1595
1085
573
1086
1599
63
576
1600
578
68
1605
581
1093
1606
70
1608
584
1096
585
1098
587
1611
77
1614
78
81
1107
84
1108
87
599
1624
1112
1114
1116
1628
604
92
605
93
611
99
1636
1125
102
1639
108
1132
1644
1133
1135
1136
1140
1143
1655
1656
634
124
1660
1152
131
132
645
134
1160
650
142
1168
1680
657
1170
1171
1172
149
665
1177
1689
1693
670
160
162
1703
1192
170
1194
171
1707
1196
173
687
688
178
1716
1717
1206
695
1721
699
1725
1727
703
1730
707
709
1735
711
712
200
1224
714
1738
716
204
206
1232
1745
723
1747
212
727
1239
218
1243
732
220
222
224
739
230
743
745
1769
233
746
239
754
244
1272
250
766
255
1792
1793
1281
1795
1285
1797
773
262
264
1289
265
1803
267
779
268
782
270
1294
787
1812
1813
789
277
790
1303
1818
1820
1830
1318
294
809
299
1324
1838
1329
1330
1843
1331
307
1333
309
823
1848
1849
1339
1342
830
1855
1856
1857
1860
325
326
1350
1351
1353
1868
332
1356
334
1360
1876
340
342
854
1878
1880
860
1373
1374
352
1377
353
359
361
873
1897
363
1901
879
1392
369
1907
1909
1397
380
1408
897
1411
1412
1924
1927
903
1929
1418
395
1420
1426
1428
916
1944
1434
1435
412
1437
414
927
417
1441
1442
1443
932
1956
933
421
1446
1960
1451
1452
1454
942
434
439
440
953
1980
1470
959
1471
960
1985
1986
962
1987
964
452
456
969
458
1487
467
980
470
982
984
987
1503
480
2016
483
2023
488
2025
489
1513
2026
1002
490
493
1009
2035
1525
1526
2039
1527
1016
1528
506
1530
1532
1020
25
129
131
5
71
8
9
14
142
16
81
83
148
91
157
94
158
32
100
37
104
108
51
117
60
127
