273
2
515
3
6
1543
11
2062
1043
2067
544
545
33
547
548
36
37
1061
550
39
1065
44
1581
1070
561
1585
54
567
56
1081
1595
1085
1086
63
1599
1600
1601
579
1091
67
68
581
1605
1095
1608
1096
73
74
587
1611
1100
589
81
1108
87
1624
602
1626
604
92
1630
96
1121
1636
614
1639
1129
617
105
618
619
108
1132
1133
1650
627
1145
634
124
1661
637
127
645
1671
135
649
1673
650
138
139
1164
142
1680
1168
1172
149
1686
665
1690
670
671
1183
160
674
1702
1192
169
170
173
174
177
1717
1206
1721
699
1726
702
1727
707
709
1222
711
1736
712
200
1737
202
716
1745
214
727
1243
732
222
224
1250
1763
1251
745
1769
1775
242
1792
772
1285
773
1797
1290
782
1294
787
1301
277
790
1303
793
1818
1307
1820
1313
290
1829
1830
811
299
1324
1838
303
1331
307
1333
309
1335
830
1855
1856
1860
1348
1349
325
837
1350
1352
328
1872
849
1876
1879
1373
1379
868
873
874
363
1900
1392
372
1397
887
891
1917
383
1408
897
1411
899
1412
1927
1929
395
1932
1933
1422
910
399
1428
916
1431
1944
408
409
1434
1946
1435
1437
927
417
1442
1444
932
420
1956
421
933
1446
1959
1447
1960
936
938
1452
1454
942
434
436
948
1974
439
954
1980
1469
1471
960
451
964
457
969
458
1483
980
982
477
480
2023
1002
2027
1009
1527
1017
506
1530
1532
1020
509
23
98
4
37
5
135
72
106
107
43
76
12
44
142
144
114
146
50
83
52
86
56
121
94
