370
1536
1025
2
1538
515
3
6
522
1034
11
1550
15
1043
2067
1050
542
544
1570
547
548
1060
1066
44
1581
1070
558
47
1585
561
1589
566
54
56
1595
571
1085
573
1086
576
1600
578
67
579
68
580
581
1605
70
1608
584
1611
587
1100
1613
589
77
78
81
594
1108
597
1621
87
1624
600
1626
604
1116
93
608
96
1120
1122
99
611
1636
1637
102
1639
105
618
107
108
1132
1644
1133
1136
1649
627
629
631
1143
1655
1145
634
123
124
1660
636
1149
640
132
645
646
134
1671
1160
1672
1673
649
1674
139
142
1679
1168
657
1172
149
1173
1687
665
1689
1693
670
671
1695
160
1702
170
1195
174
1714
179
1717
1206
695
1721
1210
699
1723
1212
703
1727
1730
708
1220
709
1222
198
1735
711
1224
200
1738
716
206
207
1232
1745
722
723
727
1239
1240
1243
222
224
739
1253
742
745
1769
234
239
244
1272
1792
1281
1793
1795
773
1285
776
1803
267
268
782
270
1296
1809
787
1813
790
1303
1818
795
1822
1311
1312
1824
1313
1830
1318
809
299
1324
300
1838
1330
1331
308
1333
309
823
1848
1336
825
315
830
1855
1344
1857
323
1860
325
326
1350
1351
1866
843
331
1868
849
1361
852
1878
854
1367
1879
343
1880
1370
860
1373
1384
873
361
1897
362
363
1900
1905
882
372
884
1909
379
380
897
1922
1411
1412
1924
1926
1927
1929
395
1420
1933
1422
1426
914
1939
1428
1944
1434
1435
412
1437
927
415
416
1440
417
1441
1442
1443
932
1444
421
933
1446
1447
1960
426
1451
1964
428
1452
941
1454
1967
945
434
947
1974
439
952
440
953
954
1467
1980
1981
1469
1471
447
960
962
1986
1987
964
456
969
458
1483
1997
462
1998
1487
1999
980
2005
470
472
984
987
1501
1503
480
2016
993
2018
483
2019
2022
998
2023
488
2025
1513
1001
489
1002
2026
493
2032
2033
2036
1524
1525
1013
502
1527
2039
1016
506
1532
2044
1021
26
129
131
133
5
135
71
142
143
16
81
84
148
153
93
157
94
32
162
39
44
109
111
51
119
56
127
