952
2052
4101
4103
2057
12
4108
14
2066
2067
4117
25
2075
4127
2081
4130
4133
40
4137
4142
2095
4145
2100
2103
55
4151
4154
2107
4158
4159
2112
4160
70
4166
71
2122
2124
82
83
4184
4185
89
4187
2141
94
95
4193
4194
4197
2149
102
2150
109
4205
4208
2160
115
2163
2166
4216
2172
124
2173
125
128
4225
4228
2185
4236
2189
142
4239
4241
2194
4246
153
157
2206
2208
2214
166
4264
2217
170
4267
2220
2221
4271
4272
4274
4275
2228
4276
182
184
4280
2234
4282
2238
2239
2240
195
4293
4296
2249
2250
204
205
2255
2256
2261
2268
222
2271
2272
4321
226
229
235
2284
2286
239
2287
2288
4338
2296
248
4350
2302
256
2306
258
259
4358
2311
267
4364
4366
2320
273
2324
2327
4378
283
2333
2334
2335
4387
2342
295
4392
297
4394
2347
2355
309
4407
4408
316
2366
4415
4417
324
2375
4425
4430
2386
4434
4435
342
4439
4440
2395
352
2403
4452
2406
4455
2410
363
2411
4459
2415
4464
4465
4468
374
2428
4476
4485
4486
4489
2441
398
4496
4499
2452
2453
406
407
4504
408
4509
2462
2463
4515
420
4519
426
2478
432
433
2484
4533
2485
2486
2488
2491
446
4547
2499
4550
4551
456
2505
2506
465
4561
4562
2515
4563
4567
474
2523
476
4574
2527
479
484
4580
4582
494
2543
498
4595
499
4596
501
4598
4599
504
2552
4602
2556
512
4610
4612
516
4613
4615
2572
529
2579
532
2588
4637
2591
543
545
4643
2596
4648
552
4649
4650
2606
562
4660
2614
4662
569
570
4668
572
2622
2624
4672
2626
2627
4675
4676
2628
582
4679
4681
2633
2638
2641
594
2643
4691
2645
2651
4699
2652
605
4701
4704
608
609
4707
2661
4714
2667
4716
2669
623
2673
2674
4723
2676
2677
2681
4732
2686
2690
2692
645
4741
646
4743
4749
4750
4751
660
4757
4758
663
666
667
4765
675
2734
4782
2737
4786
2741
2742
695
4792
2745
4795
700
2750
2753
707
710
4809
4810
2762
4811
2767
721
4818
2772
2773
4828
733
4830
735
4835
2790
4838
4839
743
4842
746
4843
748
2801
753
2805
757
760
761
4859
763
2812
4863
771
2820
772
2821
2823
4874
4875
2828
2829
784
2835
4883
4884
788
2838
4886
4887
2841
2845
2846
4896
800
801
803
2852
805
2853
2854
807
808
2858
2861
813
821
822
825
4921
2873
826
827
2875
2876
4926
833
2882
835
2885
837
838
840
4937
845
4949
856
2904
4954
2908
861
2910
2913
865
866
2914
2915
4965
872
4969
874
4970
877
2926
2927
2930
4987
891
4990
895
4992
4994
4996
901
5000
5003
907
5004
5016
2969
922
2970
5022
5025
2978
5026
2979
932
2980
934
5030
935
2984
5034
5038
5039
2991
943
2993
947
2997
2999
955
962
5058
963
5064
971
5074
3029
5077
982
3030
5078
5080
3034
3035
988
3038
5086
3039
5087
3040
994
3043
5093
3045
998
5094
5095
5103
5105
3060
1013
5112
3070
1023
1024
1025
1029
1031
3084
3085
1042
3090
3091
3093
1050
3101
5149
1056
5157
1063
5165
5166
5167
1071
5168
1085
3134
1086
5182
1088
1089
3139
1094
5192
1097
5193
1098
5194
3149
1111
3160
1115
5211
5217
1124
3174
5227
1132
3181
1134
5235
3189
5237
5238
1143
1145
5242
5250
3204
5252
5253
1160
5264
3217
5265
5266
3218
5270
5272
1177
1180
5277
1182
3234
1186
5283
3240
5291
1196
3244
3251
5301
1207
3256
3257
3260
5309
1215
3264
5316
1221
3270
1223
1224
1226
3274
3276
3277
3279
1235
5332
5335
1241
3292
3295
1247
1251
3307
1260
1268
5365
3320
5370
5372
3327
1279
3329
1281
3331
5382
1286
5385
3338
1290
1292
5393
5394
1298
3348
5397
1302
5398
5401
1309
1314
5410
1315
5411
3365
3366
1319
1320
5417
3370
1324
3372
5421
5422
1327
3377
3380
1332
5429
1334
3388
5438
5440
3393
3394
3397
5447
1352
1355
5452
3405
5453
1357
1360
5458
3410
3412
3413
3414
3415
5469
1374
1377
5474
3428
5477
1382
1383
1384
5483
1394
5494
5496
3451
5500
5505
1411
1415
3465
1421
3471
1424
5523
3477
3478
1431
5527
5528
1433
1434
1436
1437
5534
5538
3492
3493
1446
5542
5543
5546
1452
1454
5555
1463
3513
5561
1469
5566
5569
5570
1475
3523
1478
1483
3532
1488
3539
1496
3545
3549
3551
1508
1516
3566
1519
3571
1527
1528
3577
1530
1532
1533
3581
1535
1540
3589
1541
1543
1544
3594
1548
3596
1550
1551
1554
1560
1563
3612
1569
1571
1576
3626
3629
1587
3638
3639
1594
1596
3650
1611
3660
1614
3666
1619
3668
3670
3672
1626
3675
3676
3680
1636
3691
1644
3693
1648
3697
1656
1657
3707
1660
1664
3712
1665
3715
3719
1672
3722
1676
1678
1680
3728
3729
1683
3734
3738
1692
1700
1703
1707
3757
3765
1718
3770
1723
1730
3786
3787
3789
3792
1744
1757
3810
1763
1764
1774
1775
3826
3828
1783
1784
1786
3841
3842
1803
3853
3854
1807
1809
3862
3865
1823
1826
3878
1834
1844
3894
1851
3900
3902
3908
1864
3913
1865
1867
1870
3927
1879
3934
1886
3937
1895
1898
3951
1904
3953
1905
1907
1910
1920
1931
3980
1932
1935
3983
3984
3985
3991
1943
1948
3999
4001
4002
4003
4004
1960
1961
1963
4016
4017
4018
1975
4029
4034
4035
4039
1991
1993
1994
4045
1998
4053
2007
4058
2011
2015
2020
2022
2024
4072
4073
4080
4082
2036
4084
2037
2043
2044
2046
2047
18
161
225
130
100
68
230
199
203
396
300
333
113
276
379
251
316
380
254
