935
4098
4
4107
2061
25
27
2079
31
4127
33
4131
4132
2084
2085
38
40
4142
46
48
4145
55
67
2118
2119
2122
2127
4181
4183
89
2144
4197
113
116
2165
117
2166
119
122
2171
4220
125
2174
4223
2176
129
4228
132
135
138
2188
4236
4239
2192
4241
147
4245
151
154
2204
2208
163
4261
2217
4267
4270
4271
4272
176
4274
178
2228
2230
184
2234
2237
2240
4288
2242
195
197
4293
201
2250
4301
210
2258
4309
2265
218
4315
4316
4320
2272
4321
226
2274
229
237
2286
2287
239
4338
243
2296
248
249
2301
256
2306
4357
4358
2312
2315
4363
267
4364
2318
273
4370
2322
275
4376
282
2333
2334
289
290
2342
4394
4396
4398
303
2352
2355
307
4403
4409
313
2363
316
4415
4417
327
2375
2379
4431
4432
345
4443
2396
2397
352
4451
357
4454
2406
4455
2409
2410
4459
363
2411
2414
367
4465
4466
4469
376
2425
4474
379
2428
4476
4480
4483
2435
2440
2443
2445
398
4499
405
410
2462
414
420
4519
4529
2484
2486
2487
2490
2491
2493
4544
448
2501
4550
4551
456
457
2505
4554
2508
4556
2509
462
2511
465
4562
469
4567
4568
474
2523
476
2528
2529
2530
483
484
4582
490
4586
4587
2541
494
4590
2543
4595
501
2549
4599
504
2556
2567
4615
2568
520
4617
2572
4622
529
530
531
4627
532
4628
2582
537
4637
4638
2591
2592
4643
549
4649
4650
554
2605
2606
2608
2609
4660
564
572
2621
2622
574
575
2624
4673
2628
4676
580
582
4680
593
2645
4693
2646
2651
603
4699
605
4701
4707
615
4714
627
628
2676
2683
4732
2687
2688
2690
4739
4741
647
649
4747
4750
2702
656
4752
4753
659
4756
2710
662
666
2714
667
4768
674
2723
2724
4777
2731
2732
684
2734
4783
2737
2741
695
697
699
4795
700
702
703
4801
4803
2755
2757
4806
2760
4810
2762
4811
2763
4813
4815
721
734
735
736
2784
2792
4841
745
748
2801
4849
757
758
2808
2809
4859
2813
765
766
2815
767
4863
4865
2817
772
2820
2821
2823
777
4874
4878
786
4884
788
789
4886
4887
2841
2842
4893
797
2848
803
2852
804
806
2854
807
2855
2856
4906
2863
2864
4913
825
4921
2873
4926
4927
4928
2882
2883
2885
839
4936
4937
841
844
2894
4946
4947
4949
853
856
2908
861
862
2910
864
866
870
4967
4969
874
4970
4973
2927
879
880
2929
2930
2932
4981
2933
4982
891
4987
2941
4993
4994
904
2953
906
907
908
5010
914
5022
2978
5026
2979
931
932
933
5029
5031
5032
5034
939
5035
942
943
5039
2993
2995
2998
3001
5054
960
3015
5064
5066
971
5070
3023
980
5078
982
3033
3035
3036
5086
5087
995
5093
998
5094
3048
3051
5102
3054
3057
3058
1012
1013
1015
5117
3070
1024
5121
3075
5125
1031
3083
5131
5136
3090
5139
3091
1043
3093
5147
3100
3101
3103
3107
1060
3110
5159
1063
1065
5166
1071
1073
5171
1076
3125
1079
5175
3129
5177
3130
5180
3133
3134
5182
1088
3139
5192
1097
5193
5194
3148
5206
5207
1111
1114
1115
3165
5216
1121
5219
5223
5225
5227
3180
3181
3182
1137
1139
3189
5237
1143
5239
1145
5241
5242
1147
5245
3199
5249
3204
1160
5259
1165
1168
3217
3219
3222
1178
3228
3229
1182
3231
1183
5281
3234
5283
3239
3244
3247
1201
5297
3252
5301
1205
1207
5303
5307
3259
1213
5309
1214
5311
1217
1221
3270
1224
5320
1226
5323
3279
5329
5332
5334
3287
1241
3295
5346
3302
5355
1260
3316
3322
3323
5372
3325
3327
1281
5377
3329
1284
1285
5381
5382
5385
3339
1292
5388
3340
5389
1293
3342
5391
3344
5392
3346
1299
5398
3350
3355
3356
1310
3358
3359
3365
1318
5416
3370
5422
1326
3374
1327
1332
1333
5436
3388
5438
5439
5441
3394
1347
3396
5447
3400
3404
5453
5458
3410
1362
1363
5461
3414
5463
3418
1370
3419
3420
1374
1376
3424
1377
5477
1382
1383
1384
1385
3436
1389
5488
5491
1396
5493
5494
1398
5495
5500
5505
3457
1415
3464
1416
5515
1424
3472
3477
3480
3482
1436
5534
5538
5546
5553
5555
1462
1463
5560
3513
5564
1468
5566
1472
5569
3523
5572
3526
5578
3532
3537
3539
1491
3541
1495
1496
3549
1501
1507
3559
1513
3563
1517
3566
1521
1522
1527
1533
3581
1536
3585
1540
3589
1544
3595
1550
3599
1556
3609
3612
1575
1576
3624
3626
1580
3629
1581
3633
1594
3643
1596
3644
3645
3650
3653
3660
1614
3666
1620
3670
1626
3677
1635
3691
1647
1648
1649
3698
1657
3709
3711
3715
3719
1672
3722
1678
3727
3730
3732
3738
1693
1700
1701
3750
1703
1704
3752
3758
3759
1712
3763
1716
1722
1723
3777
1732
3780
3787
3791
3792
3795
1748
3811
3818
1770
1775
1777
3826
1786
3834
3838
3842
3845
3849
1802
1803
3854
1810
1815
1816
3865
1819
3868
1822
1823
3871
3877
1840
3889
3891
1843
1844
1851
3901
1854
3907
3908
1860
3911
3917
1870
1872
1873
3921
1874
1889
3941
3944
3949
3951
1904
3954
1909
3959
3965
3969
3970
3977
3980
3984
3985
3991
3992
3993
3996
3997
1951
1955
1956
4005
1960
1961
1970
4020
1972
1984
1989
1990
4039
4040
2001
4051
2004
2011
2017
4066
4067
4071
2023
4072
2028
2030
2031
2033
2036
4086
4087
2043
4091
2044
2045
2046
18
224
257
161
66
229
134
199
40
203
76
77
334
175
371
85
54
121
253
