920
4098
2051
4100
4
4101
2057
11
4113
25
27
2075
2078
4126
2080
4131
38
4142
4145
2100
55
4154
4158
63
66
2114
67
2122
2123
2128
4178
4181
89
95
2144
4193
97
2149
4197
102
4202
4203
2158
2160
113
115
2166
2167
122
4220
128
129
4225
2178
4227
4228
135
136
4236
142
4239
4241
4242
147
148
4245
4248
158
166
168
2217
2222
178
4275
180
2231
184
2232
2234
195
4296
2250
2251
4309
2265
217
221
2269
2270
4320
224
2273
4321
226
232
2284
2286
4338
2290
242
243
244
4341
246
2296
249
4350
2302
4351
2306
2309
4358
263
4364
2318
273
2322
274
2333
2334
290
4388
293
2342
296
4394
2347
2348
4397
2350
303
2352
2353
2355
313
316
317
4415
4417
325
327
4425
333
4431
4432
4433
2385
4435
2387
343
4443
2397
2398
352
355
357
4456
2411
4459
364
2414
4463
2415
4465
4466
2422
379
2428
4480
2435
2436
2437
390
4486
4489
2443
2445
398
4496
4499
2452
408
410
413
414
418
420
431
2484
2485
2488
2491
2492
2493
456
2505
457
2506
4554
2508
4556
461
2509
4562
466
2514
4563
4569
474
476
478
4574
479
2529
485
4582
2536
4586
2540
496
499
500
4596
501
502
2552
504
506
508
4605
512
4610
2564
4613
4614
4615
2568
523
2572
4622
530
4628
536
537
2587
541
4637
4638
543
2592
2593
4641
4643
2595
549
2597
4647
4648
4650
554
2605
2608
567
572
4669
2621
2622
4672
4673
580
4680
2633
4681
589
593
2641
2642
594
2643
4692
4693
2646
4695
4699
603
2651
605
4702
4705
4706
4707
4714
2667
627
4723
4724
2676
2677
4726
4728
2680
632
4732
637
2689
4739
4742
647
4747
4751
4753
4756
2714
667
2717
674
2723
676
4772
2724
4777
2734
4783
691
4789
2742
695
2743
699
700
702
4800
4801
2755
4803
2756
2757
710
2762
4810
4811
4815
721
722
2772
2777
732
2781
2784
2790
4838
2792
745
746
4843
748
2797
2800
753
4849
758
2808
4859
765
2814
4863
772
2821
2823
4874
783
786
4887
4890
2842
797
798
799
2848
801
803
2851
804
4901
2855
2856
2857
810
4906
812
4910
2863
2864
4912
4913
2867
4918
825
4921
4928
4930
834
2883
4934
840
4936
4937
843
845
2894
851
856
2905
4953
4954
861
2910
864
4963
2917
4966
4967
4970
874
4971
875
2927
2930
882
884
4980
4982
4983
4987
891
4998
5000
2953
906
907
5003
5007
914
5022
2974
927
5027
2979
932
2980
934
5031
5032
5035
941
943
2992
947
2997
2999
5048
963
969
971
3021
3023
978
5074
980
3029
981
982
3030
5078
986
3034
5084
5087
3043
5091
5093
5094
3047
3048
5097
1001
3054
5103
3060
1015
3064
1018
5116
3070
1024
5123
3080
3085
5134
5136
1041
3089
3091
3093
5142
3100
3102
1055
1056
5153
3107
1060
5157
1065
5165
3120
1074
1076
1078
1079
3130
5180
1085
3133
3134
5182
1088
1089
3140
1096
5192
1097
1098
3150
1102
3158
5206
1111
5207
3160
5216
5222
5225
3178
1133
3182
1139
5235
5237
3189
5240
3192
5242
1147
5250
3204
1160
5259
1168
1169
3217
5267
3219
3222
3224
3225
1179
3228
1180
3229
1182
1183
3234
3241
1200
1201
3251
3252
5301
5303
1208
3259
5307
5311
1217
3270
1223
1224
5320
3273
3275
5323
1232
1235
5332
5338
3291
3292
3296
1251
1260
5356
5359
1267
1268
5370
5372
3325
5374
1281
5377
5382
3336
3338
3339
1292
3340
1293
5391
1295
1296
1299
3350
5398
1303
1305
1307
3355
1308
1310
3358
1314
1315
3370
3371
3372
5421
1326
3374
5423
3380
1333
5429
1335
5431
5434
5436
3389
1341
5438
5439
5440
5441
5442
1348
3396
5447
3400
1355
5453
3410
1362
5458
3414
3417
1370
3418
5469
1374
3424
1377
1382
5478
1383
1384
1385
1389
1392
5491
1396
5494
1398
5496
5498
3456
5505
5515
3468
1421
1424
3472
5524
3477
1430
3480
1433
1434
3482
1436
5536
5538
5540
1446
5543
3497
3499
1452
5550
5553
5555
3508
5556
1461
3510
1463
5560
5561
3514
5564
1468
3518
5566
5569
3523
5572
3526
1481
5578
3532
3533
1486
1487
3536
1489
3537
3539
3541
3545
3548
3549
1505
3553
3554
3559
1511
1519
1521
3571
3577
3580
1532
1533
1536
1537
1540
1543
3595
3597
3599
1552
3609
3624
3626
3627
3628
1582
3633
1594
3643
3644
3651
1609
1610
1614
3665
3666
1620
3668
3670
3672
3674
3677
3679
3680
3683
3684
3687
3692
1646
1648
1649
3698
1657
3707
1660
3711
1664
1669
1670
3719
1671
1672
3722
1678
3727
1680
3730
1683
1688
3738
1691
3747
1700
1701
3750
3753
1707
3757
3758
1712
3763
1722
3773
3777
1729
3785
1741
3792
3793
3795
1753
3804
1757
1770
1775
3826
1781
3830
3834
3839
3847
1802
3854
1810
3860
3861
1815
1816
3865
3868
1823
3877
3879
1834
1837
1840
3891
1844
3901
3908
1867
3916
3920
1875
3932
3939
3944
3948
1902
3950
3951
1909
3962
3964
3965
1920
1927
3980
3984
1943
3992
3997
1951
1955
4004
1960
4018
4020
4023
1982
4031
1984
4034
4035
4036
1990
4045
4051
4052
4053
4055
4056
4057
4063
4066
4067
2020
2021
2022
2023
2028
2031
2033
4082
2036
2037
4086
4088
2043
4091
2044
17
3
229
9
43
203
76
77
142
366
240
148
277
55
121
122
251
350
