887
4097
2052
4101
4103
2057
2060
12
4113
2065
18
23
27
4126
4131
4133
40
4137
2090
4142
4145
2100
55
56
4154
63
2112
67
2117
70
71
4169
2122
74
2124
4177
2131
4181
4184
89
4185
90
2140
2141
94
4192
4193
97
2147
102
104
4203
4208
2160
115
4213
4214
122
2172
2173
2177
136
4234
4236
4237
4240
2194
147
4248
153
2214
168
4264
4270
4272
178
4276
182
2232
184
2234
4282
2238
2239
197
2249
205
2255
207
2259
217
2268
222
223
4320
4321
226
2274
4324
2279
4330
235
4333
2290
4338
242
246
249
2300
4350
2306
2307
260
4357
2311
2313
2316
273
2322
275
2324
4378
2334
2335
289
290
2342
295
4394
2347
4396
4399
303
2352
2355
2361
313
4411
316
317
4413
318
4417
2370
2372
327
328
4426
4430
2383
4433
4434
342
2394
2397
352
2403
357
360
2410
2411
364
4462
2414
4465
4466
2419
371
4468
2422
375
2424
2428
4480
385
2435
389
4485
2443
2445
398
4501
407
2457
410
4509
414
2464
4512
2467
420
4519
433
2483
2488
2492
2493
446
4544
449
4547
452
2501
456
457
2505
4554
2507
2508
4556
2509
4559
4561
465
466
4563
2515
467
2516
4571
476
4573
2529
484
4580
4585
4586
2543
499
504
4602
506
512
4609
4612
516
4613
4614
2568
522
4622
530
532
2582
536
540
4637
2591
2592
2593
545
4643
4645
549
4649
4650
557
4660
4662
2614
569
4666
4669
2621
2626
578
4679
4680
4681
589
591
593
4693
603
2655
609
4707
4714
2667
4716
623
2673
4732
638
2686
2689
4739
2692
4743
647
649
660
4756
2714
666
667
2717
674
2723
675
2724
2726
679
4777
686
2734
2737
695
2743
4792
2745
4795
699
702
2750
4801
2754
4803
2755
2757
710
4806
2758
4809
2762
2764
2767
4815
4818
725
2773
4821
732
2780
735
2789
2790
4838
743
2792
745
753
2801
4849
2802
754
4851
756
2805
762
4859
2812
765
4863
768
4866
772
4872
4873
777
4875
2828
780
783
786
4883
4884
4890
2842
2843
2846
4896
2848
803
2851
804
805
2853
808
2857
810
2858
4906
813
2861
2863
4913
2867
820
4917
4918
825
2875
4926
4928
2885
837
840
4937
845
2901
856
857
859
861
2910
865
2915
4964
4965
4967
872
4969
4970
2927
2928
4982
2935
889
4987
4992
2946
4996
901
2953
907
908
5004
5009
914
919
2969
921
5022
927
935
5031
5032
2985
5035
941
942
5044
2997
5046
2999
5053
959
962
5061
5063
971
5067
3021
5074
980
3029
5077
3030
5078
994
3043
3044
996
5093
5094
999
1001
1003
5103
1009
1010
3060
1013
5111
3064
5112
5115
1019
5118
1025
5125
1029
3080
3084
5136
1042
5139
3091
3100
1055
1056
5153
3107
1065
1068
5165
1069
1071
5168
5169
1074
1079
3130
5180
3133
3134
1086
5182
1089
3139
5188
1096
3144
1101
1103
1106
3158
5206
1111
5207
3160
1112
5210
1119
5216
5217
5219
5222
3174
5227
1132
3181
1134
1139
1140
3189
5238
3193
1147
3198
3199
5248
3210
1167
5264
1168
5265
5267
3219
3221
5270
1174
1177
1179
5277
3229
1182
1183
1186
3234
3239
3240
5291
1196
3244
5295
1201
5301
5303
1208
3257
1209
5307
3259
3260
1215
5311
1217
1221
3270
1223
1224
5320
1226
5323
3276
3277
1231
5328
1235
5334
1241
3292
5341
1247
5343
1251
1256
3307
1260
1263
1265
1268
5367
5372
3325
5374
1281
5377
5382
3338
3339
1292
3340
5389
1293
5391
1295
1298
1299
5395
3348
5398
3350
1302
5400
5401
3355
1310
3358
1315
5411
1317
1318
1319
5415
5417
3370
3372
5421
1326
3374
1327
1329
3377
5426
3380
5429
1333
3384
3388
5436
1341
3389
5438
5441
1347
3396
3397
5447
1352
3400
5449
1355
5452
3405
1357
1362
3414
1370
3418
5469
3422
3424
1377
5474
1382
1383
3432
5483
5484
1389
1392
1393
1396
5494
5496
3451
3465
1418
5515
1424
3472
1426
3477
3478
5528
1434
1436
3490
1446
5542
1451
5553
5556
3510
1463
5560
3513
1468
5566
1471
5569
1475
5572
1478
3526
5578
3530
3532
1486
3537
3539
1493
3544
3545
3548
3551
3553
3558
1519
1523
1524
3577
1535
1536
1540
3590
1543
1544
3593
3594
3595
1550
3599
3609
1563
1569
1571
3624
3627
1580
3633
1587
3639
1594
3643
1596
3645
1597
1602
3658
1612
1614
3663
3666
1619
1620
3676
3677
1632
3684
1643
1644
3693
1656
1671
3719
3726
3727
1680
3730
1682
3738
1692
1699
1700
1701
1703
3757
3758
3763
1718
3769
1722
3777
1741
3792
3800
1753
1757
1760
3810
1764
1766
1770
1775
3828
1784
3836
1789
3841
3847
1803
1810
3860
3861
3865
3868
1823
3873
1829
3878
3879
1840
3890
3891
3895
1851
3901
1864
3914
3916
3917
1870
3920
3934
3939
1892
1905
1909
3962
3965
1920
1927
1936
3984
3992
1950
4001
4004
1961
1966
4016
4017
4020
4025
4029
1990
4041
1994
1998
4046
4051
2004
2007
4055
4058
4060
2015
4066
4067
2023
2025
2028
2029
2033
4082
4083
2035
2036
4091
2043
2044
4092
2046
2047
16
323
68
230
139
204
76
77
86
121
26
252
28
316
254
350
126
