952
2048
2051
2053
4101
4103
2057
11
4107
4118
2072
26
2075
27
4126
4130
4131
4133
40
45
4142
46
4143
2096
4145
4148
55
2112
66
67
4166
71
2122
2127
83
4188
95
96
2144
2147
2149
102
4203
2156
109
2158
2159
4208
2160
4211
4212
2165
2166
4217
4220
2173
4224
128
2176
4225
129
2178
131
4227
132
4230
4231
4233
2185
4234
2188
4236
141
142
2194
146
147
4244
4245
4246
4248
154
4253
161
166
4262
4264
2220
173
174
4272
178
4276
2234
4288
2240
4290
195
4293
201
2251
4300
210
212
2261
2263
4312
4320
4321
226
229
2284
2286
2287
2288
2290
244
246
2296
248
249
4346
252
2302
2306
4354
4358
2312
2315
4367
4368
273
276
280
4378
283
2334
4383
2335
288
4386
4388
293
2342
296
4396
301
303
2351
2352
307
2356
316
2367
4415
4417
2371
2374
327
4425
4428
333
2382
4432
4433
2385
4434
4438
4440
2397
2399
352
353
357
2409
2411
364
4461
2414
2415
4466
4468
4472
2425
2428
4480
2435
2436
4486
4487
4489
2443
398
400
4496
2452
2453
406
408
4507
2465
420
2470
422
4519
426
4523
2477
431
434
2485
2488
2490
2491
2493
2496
2497
2498
456
457
2505
4554
458
4556
2509
4561
4562
4566
2520
2523
4573
4574
479
2529
4579
484
4580
2540
494
2543
497
4596
500
2552
4601
4603
4610
515
2563
4613
4614
2568
2571
4622
530
2580
532
4634
4637
543
4639
2592
2593
4641
4643
2595
549
4648
4649
4650
2604
2606
558
562
4660
572
2621
4671
4672
578
2627
579
4675
582
4680
2635
593
2641
594
2643
4693
4695
603
2652
2653
4704
4707
612
2660
615
4714
621
2673
4723
627
2676
2677
630
2678
4728
4732
4738
4739
2692
646
4747
4750
4751
2704
4752
656
4753
4756
2709
2714
666
667
674
2723
2724
4777
4780
2734
2742
695
4791
2745
699
702
703
4801
4803
707
708
710
2760
2762
4813
2767
2768
2770
2773
4830
734
4838
2790
2792
745
4841
746
4843
751
753
754
2805
758
2809
761
4859
2811
765
4863
2815
4865
772
2820
4875
783
784
786
4884
789
2838
4887
4893
798
2847
2848
800
801
2849
803
804
806
2856
2863
4913
825
826
4926
4928
834
2885
4934
4936
2890
843
2892
845
4947
2899
851
2902
856
4954
861
2914
2916
870
4967
4969
4970
874
4974
2927
879
882
4982
4983
4984
4987
2941
895
2949
5000
2953
5003
914
915
5011
5013
2969
2970
928
930
2980
5029
934
5030
5031
938
5035
942
5038
5039
943
947
2997
2998
2999
953
957
962
5061
969
5066
971
5067
3023
980
5078
3033
3034
3035
5084
5085
5087
3039
994
3043
5091
5093
3045
3047
5097
1002
5104
1012
3060
1013
1015
5114
5115
3072
3075
3083
5132
3084
5136
3091
5139
3100
5148
1056
1057
3107
3109
1065
5165
1071
3119
5167
3120
1073
1074
1078
1079
5176
3129
5177
3130
3131
1085
3133
1086
5182
1088
1089
3139
3140
1094
5192
5194
1098
1101
3150
5206
5207
1111
1112
1114
5214
3167
5216
1121
5217
1124
5227
1132
3181
3183
1137
1139
5235
5241
5242
5243
1147
1149
5250
3204
5253
5257
5264
3217
5266
3219
5268
3224
3225
1178
1180
3229
1182
5278
1183
3234
5283
3240
1193
5289
3243
5294
1199
1200
3251
3252
5303
3256
5307
3260
5309
5311
3264
1217
3267
3270
1224
5320
3274
5323
5329
1234
1235
3286
5335
5338
3291
3292
5343
1247
3296
3297
1251
1253
5355
1260
1268
5365
3320
3322
5370
5372
3326
1278
3327
1279
5377
1281
3330
3331
5382
3340
1293
5391
5395
5398
1303
5400
5401
1307
3355
3356
1308
3358
1310
1313
1315
1317
1319
5417
1324
3372
1325
5421
1326
1327
1332
3380
1333
1334
5436
3388
5439
5440
3392
5441
1347
3396
3397
3398
5447
3400
1352
3403
1355
3405
5454
1362
3414
3415
3418
5469
3423
3424
1377
1378
3428
1382
5478
1383
1392
3443
5491
1396
3445
1398
5496
1401
5497
3451
5503
3460
3461
1415
5513
5515
1421
1423
1424
3472
3477
1433
1434
3482
1436
1437
1440
5536
1441
5537
1442
5542
5543
1452
5550
5555
1461
5560
5561
1468
1469
5566
1475
5572
5573
5574
1478
5576
3530
3539
1500
3548
3549
3553
1507
1511
3562
1515
1519
3569
1522
3571
1527
1528
3577
3580
1532
1533
3581
3583
1536
1540
1544
3593
3595
1550
3599
1552
1556
1560
3609
3611
3612
1571
3624
3626
3629
1582
1583
3633
1587
3643
3646
3651
3660
1614
3662
3666
1620
3668
3672
3676
3677
3679
3680
1636
3692
3693
3695
1649
1656
3707
1660
1662
3711
1663
1664
3714
3719
1678
1679
3728
3730
1683
3738
1691
1692
3747
1700
1701
3750
1704
1707
3758
3761
3763
1718
3770
1722
1723
1725
3777
1729
3785
3786
3787
3792
1744
3793
3795
1748
3804
1757
3810
3811
1770
1775
1777
3826
1781
3832
3837
1795
3844
1799
3847
3848
3849
1802
3851
1810
1812
3860
3862
1816
1817
3865
3868
1821
1823
3877
3879
3882
1840
3890
1844
1847
3897
1851
3901
3902
3903
3908
3910
1867
1870
1873
1874
3922
3924
1883
1896
1900
3950
3953
1909
3958
1913
1914
1915
3965
1925
1926
3983
3984
1941
1943
3995
3999
4000
4004
4005
1960
4009
4016
4017
4018
1982
4034
4035
4036
1990
1994
4045
1998
4047
1999
2004
4052
4058
2011
4062
4063
2017
4066
2020
2022
4071
2028
4079
2031
4080
2033
4084
2036
2037
4086
2040
4088
2041
2043
4091
19
224
257
290
100
230
301
77
270
366
369
51
280
121
153
122
379
251
92
348
