933
4101
2057
2058
4107
18
22
2070
4118
4121
4122
2075
27
28
4126
4127
31
4130
4131
4132
4133
2085
40
2089
45
48
4145
2103
2112
67
2118
4166
2122
83
89
2138
4188
95
96
2149
102
2159
2165
4213
4217
122
125
4223
128
2176
2177
134
2185
2188
4236
142
2192
145
2194
147
4244
4245
4248
154
2204
159
2208
166
4262
168
2217
2220
174
4272
4276
2230
2231
2234
2241
4293
201
4301
207
4305
212
2261
4316
4321
226
4324
229
2284
4333
2288
2290
4339
243
248
2296
249
4345
252
253
4349
2302
256
2306
4358
2312
4360
2313
2316
270
273
276
2326
279
2328
4376
280
2334
2335
289
2341
293
295
4392
4394
2347
4397
2351
303
304
307
4403
2355
2361
4411
316
318
4415
2369
322
324
327
4425
330
4430
4431
2383
2386
4434
4440
2399
352
2403
357
2406
2409
2410
4461
2413
2414
367
4469
4476
2429
4477
2432
4480
2433
4483
2435
4486
2440
398
4494
4496
400
4497
402
2452
2453
406
4502
4507
2461
2462
2467
420
4519
426
431
433
434
2485
2487
2491
2493
4544
449
2501
4549
4551
456
2505
2507
2508
4556
2509
4561
2513
4562
4563
471
2523
476
4573
479
2528
2529
2530
4579
484
4588
4589
4590
2543
499
4596
2549
4599
504
2552
2556
4608
4610
515
4614
2567
4617
530
532
536
2584
4634
4637
543
2593
545
4643
4648
4649
4650
2604
4653
4654
558
559
562
4660
2613
2614
4664
4666
572
4671
4672
578
4675
582
4680
4681
2635
589
2641
593
2643
2652
604
4701
2655
4704
611
612
615
2665
4714
4715
2667
2671
2673
4723
627
2676
2677
630
2683
4732
636
4736
2692
4741
646
4747
4750
4751
4753
659
4755
2708
4756
661
662
2712
666
667
2720
673
675
2724
4777
2734
686
4783
2742
695
2745
4795
699
4800
707
2756
708
4806
2760
714
2762
2763
4815
2767
4818
725
2776
741
4838
2790
744
2792
745
4843
751
4849
2801
2805
758
2809
761
765
4863
2818
2820
772
4875
784
788
789
2838
4886
790
2841
2847
800
2848
801
803
807
808
2858
2863
4913
4914
2872
825
2873
828
4925
2878
2881
834
4936
4937
4946
4947
2901
4949
856
4954
2908
861
2914
4964
4969
4970
874
2927
2932
2933
4987
2941
2943
4993
2949
5000
5004
910
5009
5011
5013
919
5017
2970
5019
5020
5022
928
2978
5026
931
2980
5029
933
938
942
5038
5039
943
947
2998
952
5053
3005
959
960
5056
5059
5061
3015
5064
5069
3023
975
5076
980
3029
3030
5078
984
3033
5081
3034
5083
3035
5086
5087
3039
993
5089
3043
3045
3048
5097
1003
3054
5103
3057
5106
1010
1012
1014
5115
1023
5123
1031
3083
5133
5136
3090
3091
5139
3093
5147
5148
5150
1056
1059
1065
5162
1068
5165
1069
5166
1071
5167
1073
5169
5175
3127
1079
3129
5177
3130
1085
3133
5182
1088
1089
3139
1094
3142
5192
5193
1098
5194
3148
3150
1105
5206
1111
5207
1112
1114
3167
5216
1121
5219
1124
3174
5223
3179
1131
1134
3183
1136
1137
5234
3187
1139
1140
5239
1144
5241
5242
1147
3199
5250
3204
5252
5253
3205
1160
5257
1162
1166
5264
3217
5266
3219
1174
1179
3229
1182
5278
1183
3234
5289
3243
3244
5294
1199
1200
1201
3251
3252
5303
3256
1209
5307
3260
5309
3262
5314
3270
5320
3273
3274
3279
5329
1235
5334
5335
1241
5341
3295
1248
5346
1251
3300
3302
1258
5355
1260
3316
5365
3320
3322
5370
3327
1281
3331
1284
5381
5382
5385
3338
1292
3340
3342
5391
5392
5398
3351
5401
3355
1310
5406
3359
5408
1312
1315
3365
1318
1319
3369
3370
3372
1326
5422
1327
5425
5426
1332
5428
1333
1334
3388
5436
5439
5440
3394
1347
1348
5444
3396
5445
3397
3398
5446
5447
3400
5450
1355
3403
5454
3410
1364
5461
3415
3418
3419
5467
3420
5469
3422
3424
1377
3428
5477
1382
1383
5485
1389
3439
5488
1393
3443
1396
5493
1398
3446
5496
1401
5500
3452
1407
1409
5506
5513
5515
3468
1421
5519
1424
3472
3477
3478
1433
1434
3482
1437
5534
1442
5542
1446
1447
5546
1451
1452
5555
3512
5560
5561
1468
5566
5569
5572
1480
5577
1491
1496
1497
1500
1505
1513
1515
3566
3571
3573
1527
3579
1532
1533
3581
1535
1536
1540
3593
1548
1550
1553
3609
1562
3611
1563
3612
3613
3614
1575
3624
3626
3629
1581
3633
3643
3645
1602
3650
3653
3658
3660
1614
3666
3668
3672
3676
3677
3680
1635
1636
1647
1656
3705
3707
1660
3711
1664
3719
1680
3728
1683
3732
3738
1699
1700
1701
3750
1703
3752
1704
1706
1707
3757
3758
3759
3763
1717
1721
1723
3777
3786
3787
3791
1744
3792
3795
3800
1758
1760
3811
1766
3818
1770
1775
1777
3826
3832
1786
3838
3841
1795
3843
1799
1802
1804
1810
3860
1812
3862
1815
1816
3865
1817
1819
3868
1823
1828
3877
1830
3882
3890
3891
3895
3901
1857
3907
3908
1867
1870
3919
1872
1874
3924
1883
3934
3941
1896
1909
3965
1920
3970
3973
1925
1926
1931
1933
3983
3984
1936
3985
1941
1950
3998
3999
1956
4005
1960
1961
1963
4016
4017
1972
4020
4034
4035
1989
1990
2004
4058
2011
2012
4060
2013
4063
2017
2018
4067
2020
2022
4071
4072
2028
2030
2033
2035
2036
2037
4087
2039
4089
2041
2043
4091
2044
4095
17
257
161
100
327
139
301
77
175
80
177
401
83
85
342
24
153
251
