922
2051
2052
4101
4102
2058
12
15
2065
4113
18
2066
2070
23
4122
4123
2077
2078
4126
2079
4128
4130
2083
4131
4133
40
2090
45
4145
2100
55
2103
56
62
4158
63
2112
66
2115
2117
4166
4177
2131
83
89
90
2140
2144
4192
96
4193
97
2147
102
2151
4199
4202
4203
2157
2158
112
2160
113
115
4213
122
4220
2178
131
136
2185
4234
4236
141
4240
2193
145
2194
4248
4251
2206
159
2214
166
168
2217
2220
4272
4276
182
2232
2235
189
2239
195
4299
2251
2252
207
2261
217
2268
223
4320
4321
226
4324
229
2279
4333
4338
2290
242
244
2292
246
2296
249
4345
2300
2306
260
4357
263
2313
2316
270
273
275
2326
4378
2334
2335
2336
4388
296
4392
4394
4395
4396
2348
303
2352
2355
4404
309
4407
4408
2361
316
317
318
4415
4418
2370
2372
324
327
4428
333
2383
2384
336
2385
4433
4434
344
4440
2393
2394
2395
2396
2397
2398
352
353
2403
4456
360
2410
2411
4460
364
2413
2415
372
2422
2428
4478
383
2432
2433
385
4484
2436
389
2443
2445
4499
2452
2453
413
2461
4514
4515
2467
420
426
428
430
4527
434
2483
4533
2492
446
449
452
4549
2501
457
2505
4554
2507
2508
4561
4562
4563
2520
4568
476
2524
4573
4574
479
4576
2532
485
4585
493
494
504
4600
2552
506
4609
4610
4614
4615
2568
2569
522
2571
4620
2572
2582
2584
536
4636
2588
541
543
2593
4641
4643
2595
2596
4645
4649
4650
557
559
2607
2608
562
4666
571
572
4668
4669
578
4675
2629
582
584
4683
589
593
594
4692
597
4694
4695
2649
602
4699
2652
2655
4704
4707
2665
4714
4715
623
2673
627
2676
4726
2680
4728
2681
4732
2686
638
2689
642
4739
2692
646
4743
4750
4751
2712
4761
2714
666
2715
667
673
676
4772
2726
679
2734
686
4783
2737
694
695
2743
2745
4795
2754
4803
710
4806
2762
714
2764
2767
4815
4816
725
4821
730
732
741
2790
744
745
746
2797
2799
753
4849
4851
2805
758
760
761
4863
4866
772
2820
2821
4872
778
4875
780
2829
782
784
2834
4883
2838
4889
4890
798
800
801
4899
4904
2856
2857
810
2859
4913
4914
4915
2867
4918
827
2881
4930
4936
4937
843
845
851
2901
4949
856
4952
859
4956
861
2910
864
2914
4964
4965
4966
4970
874
2927
882
4982
889
4987
4996
2950
5003
907
908
5009
917
919
921
2970
5020
5022
933
934
5031
5035
941
942
5038
5039
947
5044
2999
952
3003
5053
3005
958
5056
3011
3013
5063
969
971
3021
975
5078
3030
984
3032
5083
5084
3039
5089
3042
996
3044
3045
998
5094
3047
5097
1001
1003
3054
1010
3060
3061
1013
5111
3064
1018
1019
5115
5116
1023
3071
5121
5125
1031
5127
1036
3085
3093
3100
5153
1059
1060
5157
5158
1065
1068
1069
5165
5167
1071
3120
5169
1074
1078
1079
1085
1086
3134
5182
1089
3139
5187
3140
5188
1094
1096
3144
1098
5197
1106
3155
3158
1111
5207
3160
1112
5210
1124
5222
5227
3182
5234
1140
5237
5238
1143
1144
3193
5242
5243
3198
5248
5250
5252
3205
5253
1160
1161
5257
1162
3210
3212
1167
1169
5266
3219
5267
5270
1174
3224
1177
3225
1179
3229
1182
5279
3238
3239
5291
5294
5295
1201
3251
3256
1208
1209
5309
5311
1217
5314
5319
1223
1224
3274
3275
5323
1231
5328
1235
5334
5335
1241
5338
3291
3292
5340
5341
5343
3295
3296
1251
3300
3301
1253
1255
1256
1260
5357
3310
1263
1266
1267
1268
5364
5365
5367
3320
3322
5370
5372
1281
3331
3336
3338
1292
5389
3342
5391
1295
5392
1298
5398
3350
1303
5401
1308
1310
3358
5406
1315
1317
1318
1319
1320
3369
5417
3370
3371
3372
1326
3376
5426
1332
3380
1334
3384
5435
3389
1341
5438
5441
1347
3397
3398
5446
3399
5447
3400
1355
3403
5454
3411
1364
3414
3415
5468
5469
3422
1377
1380
3428
1381
5478
1382
1383
3432
5484
1389
1393
3443
1398
5496
3452
5505
5509
1413
1418
1419
3468
1421
5523
3477
1434
3482
1436
1437
5536
3490
3493
1446
5542
1449
1451
1453
1458
3507
5555
3508
5556
3509
1461
3510
5566
3523
5578
3532
1486
3539
1493
1497
3548
1505
3553
1519
1524
3572
1527
3579
3582
1540
3590
1543
1548
1550
1554
1558
1562
3614
1569
3627
3629
3638
3639
3645
3646
1602
3651
1604
3653
1607
3658
1612
1614
3663
3666
1619
1620
3679
1636
3684
3685
1646
1649
1656
3705
3708
1666
3719
1671
1676
3726
1680
3728
3730
1683
1684
1689
3738
1691
3742
1699
1700
1701
3750
3751
1703
1707
3763
1717
1720
3770
1723
1728
3777
1732
3785
3786
1741
1742
3792
3800
1753
3804
1757
1760
3813
1766
1770
3820
1775
1776
3827
1781
3836
3837
3843
1797
1799
1803
3851
1810
1816
1818
1840
3889
3890
3891
1844
3894
3895
3897
1851
3901
1857
3907
3908
3911
1865
3914
1868
3917
3918
3919
3920
3939
3941
3944
1896
3948
3950
3957
1909
3962
1927
1930
3981
3983
3984
1936
1939
1943
1950
3999
1960
4009
1961
1966
4016
4020
4029
1981
1982
4035
4046
4048
2005
4053
4055
4060
2013
2014
4063
2017
4066
4067
2022
2023
2025
4074
2033
2035
2036
2037
4086
2039
2043
2044
2046
17
320
131
323
100
327
43
139
204
307
372
24
57
26
122
412
380
350
