931
4098
2051
2052
4101
2053
4103
2057
4113
2065
18
23
2075
4126
4130
4131
4133
39
2090
45
4142
4145
2100
55
56
4154
63
2112
2114
4163
67
4166
71
2122
4177
2130
83
2131
4181
89
4185
90
2140
94
95
4193
97
2147
2149
102
2158
4208
2160
113
115
2165
4213
2168
4217
122
2171
4220
2173
128
4225
2178
2183
136
2185
137
4234
4236
142
2194
4245
4248
2206
4261
2214
166
4262
168
4264
2217
2220
4272
2225
178
4276
182
2232
2234
4282
4293
2251
207
212
2261
217
2268
223
224
4320
2273
226
4324
2277
229
2284
4333
2286
4336
242
2290
244
246
2296
249
2297
4346
252
2302
2306
4358
2313
2316
2318
270
273
4370
2322
276
4378
2334
2335
290
4388
293
2342
4392
296
4396
4398
303
2351
2352
313
316
4412
317
318
4415
4416
4417
2375
327
4424
4425
2383
4433
2385
4434
4435
2387
4440
4442
2394
2397
352
355
2403
358
2410
2411
364
2414
367
2415
4466
4468
2422
4473
2428
385
2436
4486
2443
398
4496
2452
404
405
4501
2453
410
4509
414
416
2467
420
2470
424
426
2485
2488
2491
2492
446
4544
449
452
2501
456
2505
457
4554
2507
2508
461
4561
4562
4563
2515
469
4567
474
476
4573
478
4574
479
4579
484
4580
4586
2543
4596
2552
506
4609
4610
515
4613
4614
4615
523
4622
536
4634
543
2592
2593
4641
4643
2595
549
4648
4650
2604
2606
562
4659
569
4666
572
2621
4669
574
4672
2626
578
4675
582
4679
589
593
4689
2641
594
2643
4692
4693
4695
603
4699
2652
2655
4704
609
4708
4712
4716
4720
2673
4723
627
2676
2677
2678
4728
4732
636
2689
4739
2692
4742
646
647
649
4747
4750
4751
660
2714
666
667
2717
2722
674
2723
2724
2726
679
2731
2732
2734
686
691
2742
695
2743
2745
2746
699
4795
702
4801
2754
4803
2755
2757
4806
710
2762
2767
2773
4821
732
2781
735
2790
4838
745
746
4843
751
753
2801
4849
4851
2805
2806
758
761
4859
2812
2817
772
2821
4872
777
4875
780
4878
783
784
786
4883
4884
2838
4887
794
2842
798
800
801
803
2851
804
2853
2856
810
2858
4906
2863
4913
2867
821
2875
4928
4934
4935
4936
4937
843
844
845
4947
851
852
4949
856
4954
2910
2914
2915
4964
2917
870
4966
4967
4970
874
875
879
882
4982
889
4987
4992
901
5000
2953
907
5003
5007
911
5009
914
5011
5013
919
2969
921
2970
5022
2975
928
2978
5027
932
2980
933
5031
5032
938
5035
941
942
5038
5039
947
5044
2997
950
2999
953
5053
962
5061
967
5063
971
3021
3030
983
3034
3035
5084
3039
5087
994
3043
996
3044
5093
3045
3047
1001
1003
1010
5106
3060
5111
5114
5115
1019
1023
3080
1032
3084
3091
5139
1043
3093
3100
5148
3103
1056
5153
3107
3110
1065
1067
1069
5165
5167
1071
3120
5169
3122
5171
5172
3125
1078
3130
5180
1085
3134
1086
1088
1089
3139
3140
1094
5192
1096
1098
1102
3158
1111
5207
3160
1112
5210
1118
5215
3167
1120
1121
5219
1124
5222
5227
3180
1132
3181
1139
1140
5242
5248
5250
3204
5253
3210
5259
1168
5264
3217
5267
3219
5270
1174
3223
3224
1177
3225
1179
1180
3229
1182
5278
3234
1186
3239
3240
3241
5289
3244
3251
3252
5303
1208
3256
1209
5307
3260
5309
5311
1217
1224
3274
1226
5323
5326
1235
5333
5334
5335
1239
3287
5336
1241
5338
3291
3292
5341
3295
1251
3300
1256
3307
1260
5356
1263
1268
5365
3320
3322
5370
5372
3324
3325
1281
3329
5377
3331
5382
3338
3339
1292
1293
3342
1295
1298
1299
5395
3348
3350
5398
1303
5400
5401
1307
1308
1310
3358
3359
5410
1315
5411
1317
1319
5417
3370
3372
5421
1326
3374
1327
3377
5426
1332
3380
5428
1333
3382
1334
5435
3388
5436
3389
1341
5438
5440
5441
5442
1347
3397
1352
3400
1355
5452
3405
1362
3410
3414
3415
1370
5469
3422
1377
5474
3428
1382
5478
3436
5484
1389
1393
3443
5491
5494
1398
5496
3451
3457
3468
1421
3477
3480
1433
1434
3482
1437
1440
5536
5540
5542
1446
1451
1452
5550
5553
5555
5556
1461
3510
5560
5561
3513
5569
1475
3523
1478
3526
5578
3532
1486
3537
3539
1493
3548
1500
3553
1507
3561
1519
3571
1524
1527
3577
1530
1532
3581
1533
1544
3594
1547
3595
1550
3599
3602
3611
1569
1571
3626
3627
3629
1582
3633
1587
1594
3644
3645
3651
1610
3658
3663
3666
1619
1620
3668
3672
3676
3677
1631
3679
3680
3684
1636
1637
3693
1649
1656
3707
1660
3709
1664
3719
3727
1680
3728
3730
1683
3738
1691
1692
1693
3745
1699
1700
1701
3750
1707
1712
1713
3763
1718
1723
3773
1726
3777
3785
3786
3787
1741
3792
3800
1753
1756
1757
1760
3810
1766
3819
1775
3826
1781
3832
1787
3837
3838
1795
1803
1805
3854
3859
1812
3860
3861
1816
3865
1823
3871
1828
3877
3882
1840
3890
1844
3895
1851
3908
3911
1867
3917
1870
3920
3939
3944
3950
1909
1913
3962
1914
3965
1925
1927
3983
3984
1936
1941
1943
3992
3993
1950
3999
4004
1960
1961
4016
4017
4020
4029
1982
1983
1986
4034
1990
1994
1998
4051
2007
4056
4058
4059
4060
4063
4066
4067
2020
2022
4071
2028
2035
2036
2037
4086
4088
2043
2044
16
323
100
68
230
198
139
76
79
371
55
121
153
122
251
188
350
