913
4101
5
2058
4113
18
2070
2072
4121
26
4122
2075
27
28
2078
4126
32
2081
4130
4131
2083
2085
2086
38
4140
45
4142
2094
2095
4146
55
63
2112
66
67
2121
2122
4174
2128
89
2138
95
96
97
2147
2149
102
4204
2157
112
113
4211
115
4212
4213
118
122
4218
2172
124
126
2176
128
129
131
2183
136
4236
142
143
2193
145
146
2194
147
4248
153
157
159
4261
166
168
2217
2218
181
182
2231
2232
184
2234
2239
2241
195
204
2252
207
4305
4309
2263
217
2265
220
4324
2284
4333
242
2290
2292
246
2296
4345
249
252
4349
2302
256
4353
2306
259
4358
4360
2313
4361
2314
4364
2316
2318
4368
4369
273
2326
279
2334
4388
293
4394
4396
4397
303
2351
2352
305
2355
2356
4408
2361
316
4412
317
2366
318
4415
319
4417
322
327
4425
330
4428
2383
4433
2386
2393
4443
352
353
2403
357
361
2410
2411
364
2413
4462
2414
367
2415
374
2422
379
2428
4477
2432
4480
2433
2435
4484
388
4486
2439
2443
2445
398
4494
4496
4497
2452
4507
413
2465
2467
420
422
4519
426
4526
434
2484
2485
2488
2492
2493
446
4544
449
2501
4549
2507
2508
4556
2509
2512
465
2513
4563
2518
4567
471
2520
4568
2523
476
4572
479
4576
2528
2529
2532
489
2542
496
2546
4596
2552
4608
4612
516
4614
4615
2568
521
2569
4620
530
2579
532
4628
4629
536
4632
2584
537
4636
4637
4638
544
2593
4643
4645
2599
4648
4649
4650
554
4652
556
4653
2605
559
2608
4666
571
572
4669
4672
4673
580
4678
4679
4680
584
2633
589
593
2641
4690
2643
4697
4699
604
606
2655
608
609
2660
2665
4714
4715
621
623
2674
627
4723
2677
4732
2689
4739
2692
4745
2698
4747
653
4753
659
4756
661
2712
4761
673
2724
2727
4777
2734
686
2739
4788
692
2741
2742
695
2743
2745
4793
4795
699
704
4806
714
716
4813
4815
2767
720
725
4826
730
4828
732
2781
2784
741
2789
4838
2790
2791
744
2792
745
2794
4843
2799
4849
753
762
764
765
4863
2818
772
2820
2821
2824
4875
785
2836
789
790
4892
2845
4893
797
2848
2850
803
2855
4904
810
2864
4913
4914
2867
821
825
4923
2878
2881
840
4936
4937
845
2896
2899
2901
2903
856
4954
4956
2910
864
2914
4964
4966
870
4969
4970
874
881
4987
2943
904
5000
906
5003
907
5009
2962
919
5016
5017
2971
924
5022
2977
2980
933
934
2984
5032
941
942
5039
946
2999
951
952
5053
3005
958
5056
5059
971
5067
5068
5069
3021
975
5072
980
3030
5078
984
3034
3035
5087
5089
3043
5093
3045
5094
3048
1001
1003
3054
5106
1010
3060
3061
1015
3067
1023
5125
5127
1031
1036
5133
5136
3091
5150
1056
5153
1059
1060
3109
5158
1065
5162
1068
5165
1069
5169
1075
3127
1079
3130
1085
3133
5182
5184
1088
1089
3139
1096
1097
1098
5195
3158
5206
1111
5207
1112
3160
5216
3172
1125
5222
1127
5225
5227
1131
1132
3181
3182
5232
5234
3187
1139
5235
1140
1144
5243
1147
5250
3205
1160
5257
1162
5259
3216
3217
5266
3219
5267
1174
3224
1179
1180
3228
3229
1181
1182
1183
3234
3238
5289
5291
3244
1200
3252
5301
1206
1207
5303
1208
1209
1211
3259
5307
3260
3262
3263
5312
5314
1221
3270
3271
1224
5320
1226
1235
5334
3292
5341
5343
1248
1251
3300
1255
1258
1260
1268
5364
1278
5375
1279
1281
3338
1292
3340
5389
3342
1295
5391
5392
5397
3350
3351
1307
3355
1310
5406
3360
1314
1315
1317
1319
1320
3368
3369
3370
3372
1326
5425
3377
5426
5428
3380
1333
5436
3388
1341
3389
5438
5440
3394
5442
1347
3396
3398
3400
5450
1355
3403
5454
3411
1364
3413
3414
3418
5467
3420
3422
3424
1377
1381
1382
5479
1383
1385
1389
1393
3443
1396
3446
5495
5496
3452
5506
3458
3459
3461
5509
5513
5515
3468
3471
5519
1424
3472
3477
1431
1432
1433
1434
1440
5537
3489
3491
1446
5542
1447
1451
1452
5555
3507
1460
5556
3509
3510
5560
3512
3513
5561
1468
5566
5569
3521
3523
5572
1480
5577
3530
3532
1486
3537
3539
3541
1493
3549
3551
1505
1507
1509
3559
3563
1521
3571
1525
3573
1530
3579
1532
3581
1533
1536
3586
3590
3593
1548
3597
1550
1553
3609
1562
3613
1566
3614
1569
3618
1573
3624
3626
1582
3633
1586
1594
3643
3644
3645
3646
3658
3662
3666
3668
3672
3677
3680
1633
3684
3692
3698
1653
1656
3705
3707
1660
1663
3711
1664
3719
3722
1676
1679
1680
1683
1689
3738
3740
3742
3743
1698
1700
1701
1703
3758
3763
1717
1718
3770
3776
3777
1732
1741
1742
3792
3795
3800
1753
1758
3806
1760
3813
1770
3820
1775
3826
1785
3834
3843
3847
1799
3851
1810
3860
3862
3868
1823
3877
1830
1834
1844
3895
3901
3902
1857
3908
3911
3913
3915
1867
1870
3919
3920
1877
3927
1886
3939
3941
1896
1904
3953
1907
1909
3962
3965
1927
1931
1933
3984
1936
3998
1950
1951
1955
4004
1963
1964
4016
1984
4034
1990
1995
4055
2007
2008
4060
2013
4063
2017
4066
2018
4067
2020
2022
2023
2028
2031
2033
2035
2037
2039
4088
4091
2044
4095
18
386
388
229
327
297
139
300
77
80
83
344
24
249
282
251
348
412
350
