932
2051
4
4107
2061
2064
2065
4113
23
2075
29
4126
4127
32
4131
4133
38
2086
39
40
4137
2090
4142
4145
55
56
63
66
67
2124
4177
2130
2131
4181
89
4185
90
2140
95
97
2147
99
4197
2149
4203
4204
2158
4207
2160
113
115
2165
2168
122
4220
124
125
126
128
4225
129
2178
2183
136
137
4236
2188
142
2194
147
4248
2206
2208
163
2214
166
168
2218
173
4270
4272
178
184
2232
4290
195
201
2249
2251
204
205
2258
4309
2265
217
2268
222
223
4320
4321
4324
2277
229
2284
2286
2290
242
244
246
2296
248
249
2297
4350
2302
255
256
4353
2306
4358
2312
2313
2314
2318
273
2322
4378
290
4388
293
2342
295
296
2347
4396
4397
303
2351
2352
2355
307
313
316
4412
317
4415
319
4416
2372
2375
327
4424
4425
333
4430
4433
2385
4434
2394
4443
2397
352
2406
2409
2410
2411
364
4461
4462
367
2415
4466
371
2422
379
2428
4476
385
4484
388
2436
4486
2439
2443
2445
398
4496
404
2452
4501
410
4507
413
414
2462
416
420
4519
433
2485
438
2491
2492
446
4544
4547
452
456
2505
457
4554
2508
2512
4561
465
4563
2523
476
4573
4574
479
484
4586
4587
494
2543
496
499
4596
4599
504
2552
506
4603
2557
4609
4614
4615
2568
521
4622
4628
4629
536
537
4637
4638
2592
545
2593
4641
4643
2595
549
2599
4648
4649
4650
554
2605
2608
4659
4660
2614
572
4669
2621
4672
4673
578
580
4677
582
4678
4681
585
589
593
2641
4689
594
2643
4692
4693
4695
4699
603
4701
608
4706
4708
615
4712
2667
4720
4723
627
2676
2677
4728
636
4732
2689
4739
2692
2693
4741
647
649
2698
4747
2704
4753
659
2714
666
667
2717
674
675
2723
2724
2726
679
2732
2734
4788
2742
695
2743
4792
2745
699
4795
2750
702
4801
2754
4803
2755
708
2757
2760
4815
2768
4818
724
4821
732
4828
2784
4838
742
745
746
4843
749
753
2801
4851
758
2809
766
767
771
2820
2821
4872
777
4875
2828
780
784
785
786
4884
788
789
4886
4887
2841
2842
794
4893
797
2846
798
2850
803
2851
2852
804
2855
807
808
2856
4906
810
2861
813
2863
2864
4913
2867
821
4917
825
2873
4928
837
4934
4935
4936
4937
845
2894
4947
851
4949
2903
856
4954
2908
861
2910
864
865
2916
4967
4970
874
2927
879
882
4982
4983
889
4987
2941
5000
2953
906
907
5003
5004
911
914
921
924
5022
2978
5026
2980
933
5029
934
5031
5032
5035
2988
941
942
5039
943
948
5044
950
2998
2999
953
5054
967
5063
5064
971
3021
3023
5074
3029
5077
5078
3033
3034
5084
5085
5086
5087
3039
3043
995
3044
996
5094
3047
3048
1001
3054
5103
1010
1012
3060
1015
5111
5114
5115
1019
1023
3071
1032
3083
3090
3091
3093
3100
1056
5153
1057
3107
1060
1065
5165
1069
5166
1071
5168
3120
1073
3122
5172
1078
3129
5177
1081
3130
5180
1085
3134
1086
1088
1089
3139
3140
1094
1096
5193
1097
1098
5194
3158
1111
5207
3160
5210
1118
5214
5215
5216
1120
1125
3174
5222
5225
1132
3181
1134
3183
1137
1139
5235
1140
5241
5248
5250
3204
1160
5259
3217
3219
5267
1174
3223
1177
3225
3228
3229
1181
1182
3234
5291
3244
1200
3252
5301
5303
1208
3259
5307
5312
1217
3267
3270
3271
1224
5323
3279
5329
1235
5334
1239
1241
5338
3291
3292
3295
1251
3300
1256
1260
1263
1268
3322
3324
3325
3326
3327
1281
3329
5377
3330
3331
5382
5385
3338
3339
1292
3340
1293
1295
1299
5395
1302
3350
5398
1303
5400
5401
1308
3358
1310
1315
1317
3365
1320
3370
3372
1326
3374
1327
3377
3380
5428
1332
5429
1333
5435
5436
3388
3389
1341
5438
5439
5440
5441
3394
3397
5447
3400
1355
3410
1362
1364
3414
1370
3420
1377
5477
1382
5478
1383
1385
5483
5484
1389
1398
5496
5499
5500
3458
3461
3465
5513
3475
3477
3478
3480
5528
1433
1434
3482
5534
5536
1441
3491
5542
1448
5546
1452
5550
5553
5555
5556
1461
3510
5560
3513
5561
5569
3523
3526
5574
5576
3530
1486
3537
3539
3541
1496
3545
3548
1500
3553
1507
1509
3559
3561
3562
3563
1516
3566
1519
3569
3571
1524
1528
3577
1530
1532
3580
3581
1533
3583
3585
1540
3593
3595
3597
1550
3599
3602
1563
3612
1569
1573
3626
3627
3629
1582
3633
1594
3643
1596
3644
3650
3651
3660
1614
3663
3666
1619
1620
3668
3672
3677
1631
3679
3680
1636
3684
1637
1644
3692
1647
1649
3698
3707
1660
1662
3711
1664
3719
3722
3727
1680
3730
1683
3738
1690
3743
3745
1698
1700
1701
3750
3752
1704
3757
3763
1718
1722
1726
3777
3781
3785
1741
3791
3793
1753
1756
1757
3811
1764
1766
3819
1775
1777
3826
3828
1781
3834
1786
1787
3837
3838
3841
1802
3854
3859
3861
1816
3865
1823
3877
1840
3890
1844
3896
3901
1858
3908
1867
3917
3920
1873
1874
3934
3939
3950
1905
1909
3958
3962
1914
1915
3965
1920
1927
3984
3985
1943
3992
1951
1954
1955
4004
4005
1961
4009
4020
4025
4029
1982
1983
1984
4034
1986
1990
4045
1999
2001
4051
2004
4052
4055
4056
4062
4063
2017
4066
4067
2020
2022
4071
2023
4072
2028
2031
4082
2036
2037
4086
2043
2044
2045
16
128
257
161
66
323
229
198
76
79
121
282
122
251
316
92
350
