133
257
4
260
6
262
264
10
11
270
15
16
21
22
24
281
26
28
284
30
31
33
289
36
292
37
39
296
41
43
299
301
47
304
50
308
54
312
57
313
314
315
317
62
63
319
323
324
325
326
328
329
76
335
82
84
342
345
346
347
349
95
351
96
97
353
98
354
356
357
102
361
106
363
366
114
116
118
119
375
376
378
123
381
126
382
127
128
132
388
133
135
141
398
145
146
148
404
406
151
409
157
414
159
415
160
162
166
167
171
175
176
177
179
181
184
191
203
207
208
213
216
220
222
224
230
231
234
237
239
240
247
248
253
14
35
39
71
41
42
43
80
82
55
25
26
62
31
63
