213
515
1033
11
1037
1039
527
1553
1556
533
1559
538
540
1052
29
30
1059
1572
1574
39
1579
555
1582
1070
47
48
566
1590
55
568
1593
1594
58
573
1597
1088
72
584
1611
77
1102
1614
1616
1106
1620
1111
1116
93
1631
1124
1636
1125
1638
1136
1649
115
1141
631
1143
1145
1658
1659
635
636
637
640
128
1666
644
1669
648
1160
138
139
1678
1166
143
1167
1680
1171
1174
671
159
1695
676
165
679
170
1196
176
1203
695
183
1720
1721
697
1213
193
1732
1221
1736
1741
1742
719
1743
1746
1235
723
1749
1238
217
1245
1761
738
229
1256
745
1263
1264
1776
752
242
1780
1782
1795
1284
1797
1808
1300
790
1303
1306
795
796
1821
1310
286
1824
800
1312
803
1827
292
805
1317
808
1328
819
309
310
1334
1339
320
1345
1350
840
335
850
340
857
1370
858
1374
353
355
357
358
1385
1386
362
1387
366
1393
1403
381
386
388
391
395
1419
913
403
417
1442
1443
938
428
944
949
1466
445
1474
451
454
455
968
1485
980
981
469
1500
481
1508
1512
1515
1005
1007
1523
503
1017
1529
1532
1021
1023
3
132
37
159
