145
1792
1282
1795
1283
772
1284
518
1293
1038
1295
1556
790
1308
543
1823
33
1570
803
547
1574
551
554
1836
302
1838
814
1582
1327
1584
1076
820
1590
1594
59
828
1340
1342
1089
66
1602
68
584
72
1097
74
589
78
850
338
1620
852
598
856
1369
858
1628
863
865
97
872
1385
1386
362
623
1136
1395
1141
888
891
1403
1405
384
1154
1414
1417
1678
1680
1169
1171
916
1173
1174
1689
154
1434
923
925
671
419
1188
680
684
430
176
688
1459
1462
950
182
183
695
440
953
1209
699
447
448
1474
1732
964
968
200
1481
1738
971
210
466
1746
723
212
1748
725
1238
470
728
1242
1756
1245
1251
996
741
745
1004
748
1008
240
752
1776
753
499
762
1530
252
766
1023
2
36
75
