133
1
515
1539
1797
9
1546
1034
1547
268
525
271
527
1811
533
1302
1559
1051
1052
1309
1824
1827
39
810
1579
555
1325
1582
47
1074
1588
565
566
1593
1339
827
1342
63
1350
585
589
336
1106
338
340
84
1111
600
1370
858
1627
1631
356
1125
1637
1638
870
104
875
1387
1132
366
1136
1649
1141
632
377
637
1663
1407
127
384
128
1666
644
1669
902
139
1419
143
656
913
658
915
917
1174
410
925
1699
1190
1193
170
683
1451
1196
684
1712
1458
1714
1716
949
185
1721
1470
708
1485
1742
208
1491
980
1748
469
985
1245
477
1758
734
481
1762
738
483
739
1508
485
1512
242
1523
1269
757
1527
1529
506
1021
254
2
160
125
