154
1282
1795
1283
1797
9
1034
1547
268
525
527
1551
1295
1556
533
1302
23
1052
1308
1309
1824
1827
803
39
554
1836
1325
814
1838
302
1327
1074
1588
565
1590
1593
1594
1339
828
1340
1342
63
66
584
74
589
850
340
84
1620
852
1111
1369
858
1628
865
356
1125
1637
1638
870
104
1385
1386
362
875
1387
366
623
1136
1141
888
377
1403
637
1405
127
128
1666
1154
644
1668
1414
139
1419
1678
143
656
1680
913
658
915
916
1173
1174
1689
410
925
671
419
1190
1193
170
1451
1452
430
688
176
1459
1716
949
950
1462
695
183
440
1721
953
699
1470
708
1732
964
968
1738
1485
210
466
1491
723
469
725
726
1238
728
985
1242
1245
734
481
738
739
1251
1508
745
753
1523
757
1269
1529
762
252
1021
254
1023
2
75
125
