2248
4098
8194
8197
4102
4106
8210
4115
22
4121
28
4127
33
4132
36
37
4134
8230
38
8231
43
8235
8236
45
48
8244
52
4150
8251
8261
4166
4169
73
4171
4173
78
4174
79
4176
8274
83
4181
86
8281
90
8283
8284
93
4190
8287
96
98
4194
8291
100
102
4199
4201
4205
4207
4208
8308
8312
8314
8319
130
8324
4231
137
8333
147
148
4245
8343
8346
4251
157
4254
159
4257
8355
4262
8361
4266
8363
4267
8370
8371
184
8378
8380
189
8385
8387
4292
201
4298
205
8400
211
8403
212
215
217
8413
228
8421
4326
234
8427
239
243
8435
244
4340
8436
8438
247
4344
249
250
8443
252
4350
8452
4357
263
4359
8458
266
8459
267
8461
273
274
4371
275
8469
8470
8473
4378
283
8476
4381
4382
8480
8481
8482
293
8486
296
8488
8490
298
8492
8496
308
309
8508
8509
4414
8512
8513
4417
4418
8515
326
8519
4425
4427
8523
333
335
4432
8530
8531
342
4441
4442
348
4446
4447
4450
360
8552
4457
8554
362
4461
366
373
374
4471
8567
4472
378
382
4481
4482
4484
4485
390
8584
8585
8586
8587
4492
397
4495
8591
400
4496
4497
4498
8594
407
410
4507
8604
4510
4513
8610
421
422
8619
427
428
8621
4528
4529
433
8625
4530
8627
436
438
439
440
4538
4539
445
4541
8638
8639
4547
452
8644
4551
457
458
459
4555
8653
8655
464
466
8658
4566
472
8665
4569
4570
4575
481
482
484
8676
8677
8678
8680
4585
490
491
4589
8686
8691
499
8692
501
8693
8694
4598
8695
508
4604
8703
4608
513
8709
522
8714
523
8716
524
4621
526
527
8719
528
8721
8723
535
4632
8729
538
8731
542
4640
545
4641
548
8742
551
8743
556
8750
4655
4656
563
564
8757
8758
8760
8761
573
574
8770
8772
8775
585
8777
4681
4684
4686
590
8785
593
4694
599
600
4697
602
4699
8796
605
607
609
8802
4706
4707
612
4709
615
4713
8811
4717
8814
4720
625
8818
4722
8819
4723
4724
8823
4729
8826
634
8827
636
8830
4734
8831
641
4738
8835
644
649
4747
652
656
4752
4756
661
662
8856
4761
666
669
8862
4767
8864
4768
4770
676
8871
683
8875
4780
686
4783
4784
8881
4787
8883
8885
8886
695
8888
4794
704
4800
8899
8900
710
4808
8908
8910
720
8912
4818
724
727
4825
8922
4826
733
8926
735
4831
737
739
4838
747
8940
4844
750
4849
4851
8947
756
8954
763
4860
4863
769
4866
8967
8968
8969
777
778
4878
8980
788
4887
792
795
798
8992
4896
802
8994
4899
8995
4900
809
4907
9003
4909
813
4910
818
9015
4919
4920
4923
4926
9023
831
835
4932
843
4939
844
9038
848
9042
851
4948
853
9051
4955
862
4958
4959
4960
864
865
9058
869
870
4967
872
4971
4972
4973
9069
9073
9075
887
4983
889
4986
891
9084
9087
4992
4993
9092
4997
903
5001
9097
906
907
5004
5006
9106
916
9111
9114
9118
926
928
930
9123
5034
9130
5036
943
9135
9136
5045
949
5046
951
5050
5051
956
5053
958
9150
5057
967
5065
969
970
9162
971
5069
9170
978
5076
981
5078
9176
5081
985
9177
9179
987
9181
9182
992
9185
993
9188
5096
5097
1003
5099
5101
5102
9199
1009
9202
5107
9204
5108
5111
1017
9209
5113
1018
9214
1024
1027
9219
1030
9223
5127
5128
1032
5129
1034
5131
5133
9229
5134
1040
5138
1043
1044
5140
9236
1046
1047
5143
1049
1051
9245
9246
5153
5154
1059
5156
9254
1069
1070
5166
1071
9263
1072
5168
1073
9267
9268
5177
1081
1082
1086
9280
5185
1089
5188
5189
5191
1095
9288
5193
9290
9292
9293
5199
1103
9298
5204
9303
9307
9308
9310
5217
1127
9319
5223
1129
9323
1131
9327
1135
9328
5234
1139
1142
5246
1151
9346
5252
5254
5256
1160
5258
5260
5264
9361
1171
5267
1174
1175
5274
1180
5277
9375
5282
1187
9380
5284
9383
5291
1195
1197
1198
1199
1200
1205
9401
5306
9402
5307
1212
1213
1214
1215
1218
1219
9412
1221
5319
5323
9420
9422
1230
5326
1231
9424
1235
5333
5336
5338
9434
9442
5347
9443
9445
9451
5355
1260
9454
5359
1267
9459
9460
1268
5365
1269
9462
5366
9463
1271
5372
9468
5374
1279
9472
5377
1282
1287
5386
5387
9488
5392
1299
1301
9493
1302
1303
5401
9501
5406
9505
5409
1313
1315
1319
1321
9514
9515
1324
5421
9519
9523
1333
9527
1338
5438
5440
1347
5444
1349
9541
5445
9542
9545
5451
1356
1358
1359
5455
1362
5459
1366
5465
1370
5466
9564
1374
1376
5472
1379
9571
1380
9573
5478
9574
9575
5483
1388
9584
1393
1395
1396
9589
9594
5498
5500
1406
1409
9602
1410
5506
5508
1412
9606
1415
9609
5515
5516
9613
5517
5518
9615
1424
5520
9619
9621
5527
1432
5528
9634
1443
1445
9639
5545
9641
5547
5548
5549
9645
5550
9646
1456
5553
1459
5560
9657
1466
9658
1468
9660
5568
1474
5570
9666
9669
5575
5576
9677
5581
1487
9679
5584
5586
1492
1495
5594
5595
5599
1504
9697
5602
1509
1511
5607
5608
9705
1514
5613
5616
5618
1523
5620
1526
1527
1528
1530
9722
5630
1534
9729
9731
1542
9734
9736
5641
5644
9742
1552
5649
9748
9751
9752
1560
1563
9756
5665
1569
1570
1571
9766
1575
5672
9768
9770
5674
1579
9772
5678
1583
9775
5680
1584
9776
1585
1589
5686
5687
1591
9785
5690
5691
5693
1598
5696
9792
1600
5702
1607
9800
9803
1614
5712
9808
1616
5713
9809
5715
1619
5717
1624
5723
1628
1629
5725
5727
9824
5729
1634
9827
1635
9828
5732
9829
1638
9831
9834
1644
5740
5741
1646
5744
5746
9842
9843
1652
9847
1656
9852
1662
9855
5762
5766
1670
9866
1675
9867
5774
5775
1682
9875
9876
1684
5781
1687
1690
1692
5789
1694
9887
9888
9890
1699
5795
1700
9893
9897
5803
1709
9901
5805
9904
5809
9905
5811
1716
5812
9911
1719
1721
1722
1725
5821
9918
9919
1731
1733
1735
9928
9931
5835
9933
1742
5838
9935
5853
1763
1764
9958
5863
9961
5866
9964
1772
1775
5871
1777
1781
1782
1784
1788
5885
1791
1793
1796
5893
1799
5897
9996
1805
10000
5904
5906
5910
10007
5912
10008
1816
1817
10013
5917
5918
10016
1826
5925
1829
5926
1831
10024
5932
10028
1838
5937
10034
1843
10039
10041
1849
1852
5951
10049
1860
10054
5959
1865
1867
5967
1873
5970
5973
1877
10077
1893
5989
5992
10092
5997
10094
6001
6002
10100
1909
10105
6012
10111
1920
10113
6024
10120
6026
1932
10125
10129
1937
10134
1942
1943
6039
1944
10137
1945
10140
6045
6049
1953
6052
6054
1963
10156
10160
1970
10163
6068
6069
10166
1974
10168
1976
10169
6074
6075
1984
1989
10181
1990
6087
10185
6090
1994
10187
6093
6094
1999
10191
6096
10194
6105
10201
10203
10204
6109
10206
10207
6113
6115
10212
10214
10216
10219
2029
6125
10221
6131
2036
10229
10230
6134
2039
2040
6138
2044
6142
2047
10239
2050
2051
6148
6149
6152
10251
10252
2060
6160
2065
10259
6164
10261
2069
2070
6169
10265
10266
6172
6174
10270
10279
2088
6189
10287
2098
6196
6197
2106
2113
2114
10309
2121
10314
6219
10319
2129
2130
6227
10323
2133
10327
2136
2137
2139
2140
10333
6239
2144
10338
10342
2150
10343
10345
2155
2156
10348
2157
6253
10349
6254
10350
2163
2165
6261
10362
6269
10366
2176
6272
2178
10374
2183
6280
2184
6282
10378
10379
2189
2190
2191
6288
10386
6290
6291
2196
6293
10390
6295
6296
2202
6298
2204
10396
2205
10398
6303
10403
6309
10406
2214
2217
6321
6322
6324
2230
2232
2236
10428
6332
6334
10432
10436
10437
10439
2249
10444
2255
10449
2258
2259
6357
10455
6362
6364
2269
6365
10462
2270
2271
2272
10464
2273
6376
2280
10473
2281
6380
10476
10479
6384
2288
6385
2290
10486
2294
10487
6391
2297
6395
6396
10495
6401
10498
6404
6405
10504
2312
2313
10507
2316
6412
2317
10511
10513
2322
6423
6425
10522
6428
6429
10526
2336
10529
6433
2337
10530
10532
10535
10536
6441
2347
10539
2353
2354
10546
10550
6455
10553
6458
10555
10556
2365
6462
2367
2370
2374
6473
2377
10571
2379
2382
2384
10576
10579
6484
2389
10582
2391
2392
10586
2396
2399
6495
10591
2401
10594
6498
10599
10600
10603
2412
6509
2416
6517
6518
10614
2423
6521
2430
10623
6527
2433
10625
6532
2439
2443
10637
2445
6541
6542
10640
10643
2453
2455
6552
6561
6568
2472
6571
10669
2478
2479
2480
2481
10675
2488
10680
10681
2490
6586
6589
2494
6591
2495
6592
2499
2500
10694
6600
6601
10698
2510
2512
10706
2515
10708
6613
10710
6614
2519
6616
2521
10715
6620
10717
6622
2531
2532
2533
2534
10726
2535
6633
6640
2550
6647
6649
2553
2556
2560
6656
2561
6660
2566
10760
2569
10761
6668
2576
2579
2580
6676
6677
2581
6682
6684
10783
6687
10784
2597
10789
2598
2599
10792
2600
10793
10795
6700
6701
10801
2611
6710
10808
2618
10811
2619
2620
6717
10815
2625
10817
10819
2628
2633
2634
10826
6730
2639
6736
2640
10836
6744
2648
10841
6748
2654
6751
2656
6753
6754
10851
2662
6759
10855
2663
2664
2669
2670
2673
2675
10867
6771
10869
2678
10872
2684
10876
2687
2688
2689
10881
6786
6788
10885
10889
2698
10891
2700
2701
6797
2704
6801
6805
10903
6810
6812
2716
6816
2725
6822
10920
2729
2730
6826
10923
2733
6830
10926
2736
10933
6841
2747
10942
10947
2756
6852
6853
2759
2761
6857
10954
6858
6859
2765
6863
2768
6864
2769
10961
10964
6870
6871
10968
6874
10972
10975
2784
6881
10979
2788
6885
2796
6892
6893
10989
10991
2800
6898
2803
6900
2805
10998
2807
2808
6906
2813
11006
2817
6913
11010
11011
2823
11015
11020
2829
11022
6927
6933
2837
11029
2838
11034
11035
6941
11037
11040
2848
11041
2850
6947
2853
11045
6950
2855
11047
11048
6953
2860
11052
2863
11055
11058
6965
11062
11063
6967
2871
6970
2875
2876
2878
11073
6977
2883
6981
11077
11078
11086
11089
6994
11092
6997
11096
7000
11098
2909
11102
7008
11105
7011
11111
11114
2923
2925
11119
7024
11121
7026
7027
2931
7029
2933
7032
2936
11130
7034
7035
11131
11133
2941
7042
2948
11144
7048
2958
7056
11152
2961
2962
7060
2965
11157
7061
7062
11159
11160
7065
11162
7067
2972
7069
11165
7071
7072
11168
2976
7074
2980
2982
11175
7080
2984
7081
7082
11179
2991
11183
2994
2995
2997
11191
7096
11194
11196
11199
11200
11203
3012
7111
3017
7114
3023
11215
3025
3030
11225
11230
3038
3041
11238
3048
11240
3049
7147
11250
7154
11251
3062
7160
7162
11258
3068
7164
3070
7167
3072
7169
3077
11271
7175
11272
11273
7182
11280
11281
7189
7190
3097
7193
3099
11291
7199
11295
7203
11301
11303
3112
3115
11309
7214
3120
7216
3121
11313
3122
3125
11319
3129
7231
7232
3137
7235
3143
3153
3157
3158
7254
7262
7263
7264
7268
3175
7271
7278
3183
7288
7289
3193
7290
3199
3201
7300
3204
3205
7302
3211
7311
3217
3218
7316
3224
7321
7323
3227
7329
7330
3234
3237
3240
3245
3251
7349
3253
7356
3260
3262
7359
7360
3266
3267
3270
3272
7373
3279
7377
7379
7380
3287
7385
3291
7388
7391
7392
7393
7396
7397
3302
7399
3304
3305
3306
3315
7413
3329
3331
7432
7436
3344
3345
7442
7443
3347
7444
3349
3351
7449
3354
7454
3366
7464
7466
3375
3376
3377
7473
3379
3381
7477
7478
7480
3384
3385
3389
3398
7496
7497
7498
3403
7501
3411
7509
3415
3417
3419
3423
3425
3426
7524
7526
3432
3444
7541
3452
7552
3457
3459
3463
3466
7564
7567
7569
7570
7572
3480
7579
3484
7581
7582
7583
7585
7586
7592
7597
3501
7601
3508
7604
7605
3509
3511
7607
7611
7614
3523
7622
3527
7626
7629
7640
3545
3547
7643
3552
7649
7654
3561
7658
3565
3566
7662
3569
3572
3574
7671
3575
7673
3587
7683
7686
3592
3602
7701
3606
3607
7707
3612
7712
3621
3629
7725
7726
3635
3636
7733
7739
3645
3651
3653
3655
7754
3660
3661
7757
3664
3666
3668
3669
7766
7768
3681
3683
7780
7781
7783
3692
7788
7790
7797
3702
3707
7805
7806
3716
7815
7816
3720
3723
3724
3728
7825
3730
3738
3740
3742
3753
7850
3756
3761
7857
7859
7863
7867
3771
3773
7872
3778
7875
7877
7882
7884
7886
3791
3792
3796
3797
7896
7899
3805
3808
7909
7910
7912
7913
3817
7915
7918
3825
3826
7922
3833
3834
7933
3838
7935
7942
3847
3848
7944
3849
7948
3853
3858
7955
3863
3866
7968
3873
7973
3880
3881
3882
7980
7982
3886
7984
3890
7990
7992
3899
3900
7998
3904
3906
8004
8007
3912
3914
8014
8019
8022
8023
8024
8030
3935
8032
3936
8033
3939
8036
3941
8037
8043
3948
8045
3952
8050
3956
3960
3962
8059
3964
3965
3967
3970
8070
3976
3977
3984
8081
3987
8084
3989
8085
8086
8089
3996
8093
3997
3999
4001
8105
4010
8110
4014
4016
8113
8114
4019
8118
8127
4031
8128
8130
4034
8136
8138
8140
4047
4050
8146
8150
4057
8156
8160
8162
8167
4071
4074
8171
8172
4081
4084
8187
8189
8190
10
176
161
146
132
38
8
88
75
77
78
