965
2051
2052
4101
4103
2057
4107
4108
12
2065
23
25
4121
4122
2075
4126
2081
4130
4131
4133
2090
4142
4145
2100
53
55
56
4154
4160
2114
67
4166
71
72
2122
4177
83
2131
4185
90
2140
94
95
96
4193
2147
2149
4197
102
4203
2158
2160
4208
113
2166
118
122
4220
2173
128
4225
2178
4228
2183
2184
2185
137
4234
139
2187
4236
142
4239
2192
145
4241
2193
2194
147
4248
2204
2206
4261
166
2214
4264
168
2217
2220
4268
173
4272
2225
4276
182
2234
4282
4290
2243
197
2250
2251
204
4305
2261
220
2268
2271
223
2272
224
4320
2273
4321
226
4324
229
2282
2284
2286
242
2290
244
2292
4342
4343
2296
248
249
2297
4346
2302
2306
4358
2313
4364
2318
273
4370
2327
4378
2333
2334
2335
4388
293
2342
296
4396
303
2351
2352
305
2355
4404
4408
316
4412
4415
4416
4417
4422
327
4424
4425
333
4432
2385
4434
2386
2387
4435
341
342
4440
4441
2394
2397
352
353
355
4452
2410
2411
4459
2415
367
4466
4468
4473
2428
385
2436
4486
4487
2443
4493
2445
398
4496
4499
2452
2453
4501
407
4509
2461
420
426
428
434
2484
2485
2488
2491
446
4544
2498
452
456
457
2505
4554
461
4561
4562
2515
4566
4567
2520
474
2523
476
4573
478
4574
479
484
4580
4582
494
2543
4596
501
4598
2552
506
4603
513
4609
4610
4613
4614
523
2571
2572
4622
4625
2578
4637
543
2592
2593
4641
2595
4643
2596
4648
4649
4650
2606
562
4659
4660
569
570
571
572
2621
2622
4672
2626
578
4675
582
4679
584
2641
593
4689
594
2643
4691
4692
4693
4695
2651
603
2652
605
2654
4704
609
2659
4708
2661
4714
4716
2669
4720
2673
4723
627
2676
2677
4728
4732
636
2692
4742
646
4747
653
4750
4751
2704
4753
660
4758
4761
666
2714
667
4763
2717
4765
674
2723
2724
2726
679
2732
2734
691
2742
695
2745
699
700
702
4801
2754
707
4803
708
710
2762
4810
714
4811
2767
2768
720
721
2773
4821
4826
2781
4830
735
4835
741
4838
2790
745
746
2794
4843
748
2801
753
4851
2805
758
761
762
763
4859
2812
772
2823
4872
777
4874
4875
780
4879
783
784
786
4883
4884
2838
4887
794
798
800
801
2851
2852
804
2853
4904
2856
2858
2860
2863
4911
4913
821
4918
825
4921
2875
827
2877
4928
2881
2883
4934
4936
4937
4938
851
4949
856
4954
861
2914
2915
2916
2917
4966
4967
4969
874
4970
2927
882
2930
4982
4983
2937
889
4987
891
4992
4996
901
5000
2953
5003
5007
914
5011
5016
2969
921
2970
2971
5022
5025
2978
5027
2979
2980
932
933
934
5031
938
5035
942
5038
943
5039
947
5044
2999
953
958
962
5063
981
3030
5078
3034
5084
5085
5087
3039
3040
5089
994
3043
3044
996
5093
3045
3047
3048
5106
1010
3060
5111
5115
1019
3070
1023
1024
5125
3080
1032
3084
1042
3091
3093
1050
3100
1055
1056
1057
5153
5154
3107
5158
1065
1069
5165
3118
1071
5167
3120
1073
3122
5172
1078
3130
1085
1086
5182
3134
1088
1089
3139
5187
3140
1094
5192
1096
1097
1098
1102
1111
5207
5210
5214
1118
3167
1120
5219
1124
5224
1128
3177
5227
1132
3181
5232
5234
1139
5235
3189
5242
3199
5248
5250
5251
3204
5253
1160
1161
5257
5264
3217
3219
5270
1174
5271
3225
1177
1180
3229
1182
1186
3234
3240
3241
5291
3244
1197
1199
1200
3251
3256
5307
3260
5309
5311
1217
3267
5318
1224
3274
5323
1235
5332
5334
5335
1239
1241
5338
3291
3292
3295
1251
3300
1256
3307
1260
5356
1263
1268
5365
3318
3320
5370
5372
3326
3327
1281
5377
3329
3330
1282
3331
1284
1292
5391
1298
5395
3348
5398
5400
5401
1307
1308
5406
1310
3358
5411
1315
3364
1317
1318
3366
1319
5417
3370
3371
3372
5421
1326
1327
3377
1332
3380
5428
1333
1334
5436
3388
5438
5440
3393
5441
5442
5444
3397
3398
5446
3400
1352
1355
3403
5452
5453
3405
5454
5458
1362
3410
3413
3414
5462
3415
3420
5469
1374
1377
5474
3428
1382
5478
1383
1384
5484
1389
1394
3443
5494
1398
5496
5499
3451
5505
3461
3468
1421
1424
3480
1433
1434
3482
1436
1437
5536
1441
5538
5540
1446
5542
5543
3497
1452
5550
5555
1461
1463
5560
5561
5566
5569
1475
5574
1478
5576
5578
3530
3532
3539
1494
1500
3548
3549
3553
3558
1511
3561
3562
1519
3569
3571
1524
1527
1528
3577
1530
3579
3580
1532
1533
3581
3584
1540
1541
1543
1544
3594
3595
1550
3599
3607
1560
1565
1569
1571
3626
3627
3629
1582
3631
3633
1587
3639
1594
1596
3644
3651
1609
1610
1611
1614
3663
3666
1619
3668
1620
3670
3672
3676
3677
3679
1631
3680
1636
1637
3691
3692
3693
1648
1649
1656
1657
3707
1660
1662
1664
3719
1672
3728
3730
1683
3738
1691
1692
3745
1700
1701
3750
1703
1707
1713
3763
3765
1718
1720
3770
1722
1723
3773
1725
1726
3777
3785
3786
3793
3796
1757
3810
1766
3819
1775
1776
3826
1781
1783
1787
3837
3845
1797
3854
1816
1823
3877
1834
1840
3890
1844
1851
3903
3908
3911
1867
3917
1870
1873
3928
1884
1896
1898
3950
3951
3958
1914
1915
3965
3966
3976
3980
1935
3983
3984
1943
3997
3999
4004
1960
1961
4009
1965
4016
4017
4020
1981
4029
1982
1983
4034
1986
4035
4036
1990
1993
4041
1994
1995
1998
1999
2004
4052
2007
4056
4058
2013
4062
4063
2020
2022
4076
2028
2036
2037
4085
4086
2043
17
323
68
100
230
38
203
396
79
368
84
180
55
24
121
122
251
92
