1014
0
2051
2052
4103
2057
4107
14
2067
4116
4122
2075
27
4123
2076
28
2077
4126
31
4131
4132
4133
2085
38
45
4142
4145
2100
55
4151
2107
2112
2114
67
2115
70
2122
4174
4184
2138
2141
102
4199
4202
4203
2156
2158
2160
113
4214
4217
122
4220
2173
129
2178
2185
4234
141
2192
147
4245
4247
4248
4249
153
154
4251
4262
4264
2217
2219
173
2221
178
4275
184
4280
2234
4284
2241
4290
195
4293
197
2247
4296
2249
4299
2251
204
4301
2255
2259
212
4309
4310
2264
2265
219
2268
224
2272
4320
2273
4321
2274
4322
226
4323
2279
4330
2283
4331
235
2286
4336
242
2290
243
244
2292
2294
2296
249
4346
2300
252
4350
2306
4354
4358
2311
270
2318
4366
275
2324
276
4379
2334
4383
288
4388
296
4394
4395
4397
303
2352
2355
309
4411
316
4413
4415
4417
322
2370
327
4425
330
4426
333
4430
4432
2384
4433
2385
4434
2387
342
343
4440
344
4443
2395
2396
2397
352
355
2403
357
2408
2410
2411
4460
2414
2415
4465
372
4469
2426
379
2428
4477
381
4478
383
4480
2432
2435
4483
4484
2436
389
4485
4487
2445
4494
2452
4501
409
2457
4507
413
414
419
420
4519
426
4523
2478
430
2484
4536
4537
2491
2493
446
2495
4544
2497
2499
2501
4550
456
457
4554
4556
2509
461
2513
465
4562
467
471
4567
474
476
4573
478
4574
2528
2529
4579
484
4588
493
494
2543
2549
504
4600
4601
4602
4603
4606
512
4610
515
4612
516
4613
4614
4615
2568
522
523
530
532
4628
2582
2584
537
4634
4638
543
2591
4641
2593
4642
4643
2595
4645
4649
4650
554
2604
2605
557
2607
2608
4660
2613
4662
2616
568
570
572
2623
4673
578
579
580
2629
4680
4683
593
594
4694
4695
4699
604
605
609
614
2665
4714
618
623
2672
2674
627
2676
4728
4732
638
2690
2692
645
4742
4743
649
2698
4747
4751
2704
4753
2706
4756
661
663
2712
2714
2715
2724
4777
4780
2734
4783
4786
691
4789
2741
694
695
699
2748
2750
2752
2754
2755
4803
707
708
2758
710
713
4809
2762
2763
2766
4815
2768
2770
2772
727
2781
2784
2790
4839
2792
746
751
2801
753
758
2809
761
4857
2811
765
4863
768
4866
772
4868
2821
4872
2824
777
778
4875
783
2834
790
4887
4890
797
798
2848
4896
4897
2851
4899
805
2855
2856
2859
812
2863
815
2864
4913
2867
4918
825
4926
833
2885
4934
843
845
4947
851
4949
2901
856
4952
859
861
4957
864
2916
2917
4965
4966
870
872
4969
4970
874
2923
4974
879
2927
4978
882
4982
4983
2935
2937
4987
4993
2950
906
5003
908
5007
5011
917
5013
5022
928
5027
931
932
2980
934
5031
935
5032
938
5035
942
5039
947
5046
2999
953
954
955
5056
960
963
3011
5061
3013
971
974
980
981
5078
983
5080
5083
3035
5084
5085
5087
3042
5093
5094
3047
3048
5099
3052
3054
3057
1009
1011
3060
1013
1015
3064
5112
1021
5121
1025
5125
1029
3080
5132
5133
3085
5136
3091
3093
3094
1047
3099
5147
3100
5148
5150
1055
1056
1057
1060
1061
1065
5162
1067
5164
1069
3120
1073
1078
1079
3130
3133
3134
1086
5182
3136
1088
3139
5188
3140
5190
5192
3148
5197
1102
1105
1106
3155
5206
1111
5207
1112
1114
5214
3167
5216
1121
5219
1124
5225
3179
1131
3181
3187
1139
5236
3189
5239
1144
1147
3198
3204
3207
1160
5259
3212
1168
3217
5265
5268
5270
3224
3225
1177
1178
1180
3228
5277
1182
5278
1183
5279
3234
5283
3239
3241
5289
1196
5295
1201
5299
3252
5301
3257
3259
5307
1212
3261
5311
1215
1217
5314
3267
1221
3270
5320
3273
1226
5323
3276
1231
5328
1234
1235
1241
5338
3291
3292
5340
1247
5343
3295
1248
5346
1251
3301
5356
1260
5357
1265
1268
5367
3322
3326
3327
1281
5377
3330
3331
1284
5382
5383
1288
3340
5391
5392
3345
3348
3350
1303
5400
1304
1307
3355
1308
1310
3358
5410
1315
1317
1318
5417
3370
1324
1326
5422
3374
1327
3376
1329
3380
1332
1333
3384
5436
5441
5442
3396
5445
3397
5447
3399
5450
5454
1364
3414
3418
5467
3424
1377
5478
1382
1383
3432
3433
1385
1389
1392
5488
1396
5493
3446
1398
3448
5496
3454
3461
5509
1413
1418
5515
1423
1424
3472
1426
3477
3480
1434
3482
1436
1437
5536
1441
5538
5540
1446
1449
1453
1454
3505
1458
5555
1461
3510
5560
1468
5566
1471
5569
3523
5572
1477
5574
5576
1480
5578
3530
1483
3541
1500
3548
3551
3553
3559
3562
1519
3569
3572
1524
3573
1528
1530
3580
1533
3582
1535
1536
1540
1541
3590
1543
1544
3593
1550
1551
1558
1560
3609
1562
3611
3612
3613
1569
3624
1580
1582
3633
3639
3643
3644
1596
1597
1602
3651
1604
3653
1610
3660
1612
1614
3664
3666
1619
1620
3677
3679
3685
3692
1649
3698
1651
1656
1658
3706
1662
3711
3719
3722
1682
3730
1684
3732
3738
1691
3741
1701
3750
3751
3752
3754
1707
3758
1715
1723
3773
1728
3779
3785
3787
3792
3793
3795
1757
1763
1764
1766
1770
3818
1775
3826
3827
1781
1784
3832
3834
3836
3837
3838
1795
3844
1797
3847
3848
1803
1809
1810
1811
1812
3860
3861
1815
1816
3865
1818
1819
3868
1823
1828
3877
3878
1830
3879
3882
1840
3889
3891
1844
3896
3897
3901
3907
1864
3914
3917
1870
1872
1873
1876
1879
1895
3950
3953
1909
3958
1913
1914
1915
3965
3970
1923
1925
1927
3981
1933
3984
1939
3988
1941
1943
3995
1951
4001
1955
4004
1956
4009
1961
4016
1975
1982
1984
1989
1990
4045
1998
4047
1999
4048
4052
2004
2005
4058
4062
2014
4063
4066
2018
4067
2022
2023
4071
4074
4076
2031
2033
2036
4084
2037
4086
2039
2040
4088
4091
2043
2047
20
131
293
229
204
77
175
80
112
276
86
55
280
409
57
153
122
315
92
381
254
