1124
2
4101
4103
4105
4106
11
4107
2065
23
24
25
2074
2075
28
2077
4126
2080
35
4131
2084
4133
40
2090
4140
4142
2094
4145
2100
55
56
2112
2114
67
4166
71
72
2122
2126
2128
4177
2131
90
2138
2140
95
2143
2144
4193
2147
2149
4197
107
4208
113
115
118
2166
2167
2168
122
4218
2172
4220
2173
128
4225
2177
130
131
4227
4228
4230
2183
135
2184
2185
137
4236
2188
142
4239
2193
4241
147
4249
153
156
2211
166
2214
4264
168
2217
173
2222
4272
177
4275
2231
2234
190
2241
4290
195
4296
2250
4300
204
4303
213
220
2268
2269
223
4320
224
2273
4321
226
2274
4324
232
2284
2286
242
2290
2291
4341
4342
4343
2296
249
2297
4346
252
4350
2302
4351
256
2306
2309
4357
4358
263
4359
2313
266
4363
268
4364
2318
273
4369
274
4378
2333
293
2342
2347
4396
2348
4397
2350
2351
303
305
4403
2355
316
4412
2366
4415
4416
4417
322
327
4424
4425
330
4428
333
4431
4432
4434
4435
2387
344
2394
2396
2398
2399
352
353
2401
355
4453
359
4456
2410
2411
4459
4463
2415
367
4465
4468
374
2428
4477
382
385
390
4486
2443
2445
398
4494
4496
4499
2452
4501
408
4506
413
2465
418
2467
420
2473
2474
2475
433
2484
2485
2488
2491
446
4544
448
2498
452
456
458
2506
2508
461
2513
466
2517
4566
471
2520
474
2523
476
4573
478
479
2528
4580
484
485
4582
2536
490
2540
494
4593
2546
499
500
4596
501
2550
504
506
4603
4605
513
4609
4610
2564
516
4613
520
2571
523
2572
4621
2575
4623
2578
4626
532
2587
4637
541
543
2592
544
4642
2597
4647
4648
4649
4650
4651
2608
4659
4660
2613
4666
570
571
2619
2621
2622
4672
4673
578
2628
4680
4681
587
2637
2641
4689
593
2643
595
2647
4697
603
2651
604
605
4702
2657
609
4707
612
2660
4708
2665
618
4719
4720
4723
627
2676
4724
2677
4726
2680
632
4732
636
637
2687
2692
4742
650
4747
2700
2701
2702
4751
2704
661
2712
666
667
2717
2718
4767
676
4772
2724
2726
679
2727
4777
2732
2734
4783
2737
691
2739
4789
2741
2742
695
2745
4793
699
700
2750
4800
704
2753
2754
4803
2756
708
710
2758
713
2762
4810
4811
4813
2767
719
720
2768
721
722
4818
2771
2773
4821
4826
2781
734
736
2790
4838
2791
4843
4844
748
2797
753
4851
4856
2808
2809
761
4857
762
4859
4860
4862
4863
767
772
2823
2824
4872
4874
4875
780
4879
786
4884
2838
790
4887
792
4890
794
4892
800
4897
803
2851
4904
2860
2863
4913
818
819
821
825
4921
4924
828
2878
834
4930
4936
840
841
4937
2890
2894
2896
4946
4949
2901
856
4954
4957
861
2912
864
2914
4963
2916
4965
2917
4966
4969
4970
874
2923
875
2927
880
2928
2929
4978
2930
4983
2937
889
4987
891
4989
4997
903
5000
5001
2953
5003
5007
5014
918
2969
921
2971
2972
5022
2974
2978
5027
2979
2980
932
934
5035
942
5039
943
947
5044
2997
2998
2999
5048
953
954
958
5055
5056
962
963
5063
968
5065
3017
969
971
5068
974
977
5074
981
3029
982
3030
5078
3034
3037
5085
3039
5087
992
994
3043
5091
3044
996
3045
5093
3048
5097
3051
5100
1004
5103
5106
1010
3060
5111
3064
1018
5115
1019
3067
5116
1022
3070
3071
1023
3072
5120
1024
5121
1031
3080
1032
1033
1035
3084
3085
5133
3089
1042
3091
3093
3098
3102
5150
1056
5153
1057
5155
5157
5158
3111
1065
5162
5165
1069
1070
1073
1074
3122
1076
5172
1079
3129
3130
1085
1086
3134
1088
1089
5187
1091
3139
1094
5192
1096
1097
1098
5197
1102
3150
1104
1111
5207
5208
1114
5210
3165
1118
5214
3167
1120
5217
1121
3172
1127
5227
1131
1132
1133
3181
3182
1134
5232
3186
5235
1139
3187
5237
3189
5239
3192
1144
5242
5243
3199
5248
5250
3204
3206
3207
5255
1160
1161
3217
1169
5267
1174
3222
3224
1177
1178
1179
1180
1182
3231
1186
3234
3235
1189
5285
3240
1193
3241
5289
5291
3244
3246
1200
5297
1207
3258
1211
5307
3260
5309
5311
3263
3267
1221
1223
1224
3272
3273
1226
3275
5325
1232
1235
5332
5334
1239
1241
3292
3295
5343
3296
1248
3297
1251
3300
1253
5351
1256
1260
5356
5359
1263
1266
3315
1267
1268
5370
5372
5373
3326
1279
1281
5378
3330
3331
1284
5383
3336
3338
5388
5389
5392
3346
5395
1302
5400
5401
1307
1310
3360
1314
1315
1317
5417
3370
3371
1324
3372
5421
1325
1326
3375
3380
5428
1332
5429
1333
5431
5436
3388
5438
5439
3392
5440
5442
3395
3397
5447
1352
5450
1355
3404
3405
5453
3410
5458
1363
3413
3414
5463
3417
5467
5469
1374
3423
1377
1382
1383
5479
1384
3434
5484
1389
1394
5494
3446
5495
3448
5496
5498
3451
3456
5505
5507
3460
3461
3468
1424
1426
5524
1430
3480
1432
1433
3481
1434
1436
1440
1441
5538
5540
1446
5543
3495
3497
3499
1452
5550
3505
5555
3508
1463
5560
5561
5563
1469
5566
5569
1475
5572
1478
5574
5576
1481
5578
3530
3532
3533
3536
3539
3542
3544
3545
1500
1501
3549
1503
1504
3554
1510
3561
3562
3563
1516
1517
1519
1520
3569
3571
3572
1524
3573
1528
3577
1530
1532
3580
1533
3581
3583
3584
1537
1540
1544
3593
1551
1552
3604
1556
1562
3613
1569
3618
1571
3626
3627
3628
1582
3633
1587
3639
3641
1594
3644
1609
1610
1614
3663
3666
1619
3668
1620
3670
3672
3673
1625
3676
1629
3677
1631
3680
1633
3683
1636
1637
3691
3692
3693
1646
1648
1649
1651
1653
1656
1657
3707
1660
1662
1664
3719
1671
1672
1683
3738
1692
3745
1699
3747
1703
1706
1707
3757
3758
1712
1716
1718
1722
1725
3773
1726
1729
3779
3791
3793
3794
3804
3805
3810
3814
1766
1771
3819
1775
1776
3826
3830
1787
3841
3847
3854
3858
1810
1816
3865
1823
3877
3878
1830
3879
3889
3890
1843
3901
3902
3903
3907
3908
1867
3917
1870
3920
1873
3921
3922
1874
1875
1876
3944
1899
3948
3951
3958
3959
1914
1915
3965
3966
1920
1927
3976
3979
3980
1933
3984
1954
4004
4009
1964
1965
4016
4018
4022
4023
4029
1983
4034
1986
4036
1988
1990
1994
1998
1999
2004
4052
4053
4056
2010
2014
4062
4064
4066
2018
4067
4068
2020
2022
4071
4075
2028
2031
2033
4082
4084
2036
2037
2039
4088
2043
24
386
355
323
230
134
393
43
203
270
366
79
240
368
112
80
242
277
150
151
55
251
60
92
29
