954
2051
2052
4101
2058
4107
4113
4114
4115
21
22
2075
27
29
4126
30
4131
2084
36
4133
40
4137
4142
4145
4146
2100
55
2103
4154
2107
63
2114
2115
2117
2121
2122
2124
88
4185
89
4188
94
95
4192
4193
97
98
2147
4197
2149
4203
2158
2160
113
2161
115
122
4220
128
2177
2178
4227
134
2183
136
4236
142
2194
147
4248
4251
157
164
166
167
168
2217
173
4276
182
2232
2234
4282
2239
4290
195
2244
2249
2251
205
2258
217
221
222
224
4320
2272
2273
4321
2275
233
2284
2286
242
2290
243
4339
244
4341
246
2296
248
249
250
253
2302
4350
2306
4355
2308
260
4357
4358
2313
4364
273
2328
2334
289
2337
4388
293
294
2342
295
4392
296
2344
2347
4396
303
2352
304
4403
316
317
4415
4417
2372
324
327
4425
333
4430
4431
2384
4433
2385
2386
4434
2387
4435
342
4438
344
2393
2397
2399
352
355
4451
2403
357
360
361
2410
2411
4460
364
4461
2414
2415
4465
4468
372
2422
2425
2428
2429
4478
383
4480
2435
2436
389
4486
393
2443
398
4496
4502
406
4509
420
4519
4521
426
429
430
433
2483
2485
2491
2492
2493
4543
4544
450
451
4547
456
457
4554
2508
4556
461
2509
2515
2516
474
476
478
4574
479
2529
482
484
4585
4588
4589
493
2542
494
2543
2545
4594
499
4596
504
4600
4603
2556
4609
4610
4613
2566
4614
2568
522
523
524
530
536
4637
543
4641
545
2593
2595
4645
4648
4649
4650
4654
561
4660
2613
565
2614
2617
569
570
572
4669
4672
576
2626
4679
4680
4681
4683
2635
589
593
2641
4690
594
2643
4692
4694
4695
4699
609
4706
4707
611
2665
4714
2667
4716
2671
623
4723
627
2676
2677
4728
4732
2686
4736
2689
2690
4739
2692
4742
651
4747
2700
653
4751
2704
660
4756
2712
666
2714
2715
2720
673
675
4777
4781
2734
2737
691
694
2742
695
2743
4792
2745
2747
699
701
2750
2751
707
4803
708
710
2762
716
2764
2768
4818
722
4819
2776
732
2781
735
2789
2790
4838
2792
4842
746
4843
2796
4847
2801
753
4849
758
762
4861
765
4863
772
778
4875
2828
2834
4883
798
2846
2848
2851
803
2853
2856
808
2857
2858
810
2859
812
813
2861
815
4913
2867
2872
825
2875
2878
834
837
4934
4937
843
845
4946
851
2901
856
4954
861
2910
865
2914
2915
2916
2917
4965
4966
4970
874
2927
882
4982
4983
2937
4987
4992
901
2950
5000
5001
5003
907
5004
5005
910
5007
2964
917
5016
5019
5022
926
5027
932
2980
933
934
5031
5035
941
942
5038
947
2999
953
959
5056
3011
3013
5064
971
3021
5074
980
3029
5077
982
5078
5079
5081
3034
5083
5084
988
5085
5087
3039
993
3042
3043
5093
3045
3047
3048
1001
5103
3060
1014
3062
3080
1039
5136
5139
3091
3100
3103
1056
5153
1057
3110
1065
5165
1071
5168
3120
1073
1074
5173
1078
1079
3130
1085
3133
1086
3134
5182
1088
1089
3138
3139
3140
3144
1096
1098
3148
5197
1102
3155
5204
3158
5206
1111
5207
3160
5209
1114
3163
5214
5216
3169
5222
3174
5227
3181
1134
3183
1136
1142
5238
1144
3193
1147
3199
5250
3204
5252
1162
1166
1167
5264
3217
5267
5270
1175
3224
3225
1180
1182
5279
1183
3234
1186
3241
5289
5291
3244
3245
5294
1200
1201
3251
3254
5303
1208
1211
5311
1217
3267
1224
5320
5323
1235
3283
5334
3289
5338
3291
3292
5343
1251
5347
3301
3307
1260
5356
5357
5361
1268
3326
1281
3330
3331
5382
3338
1292
3340
5389
5391
1295
1298
3348
5398
3350
1302
1303
5400
3353
1306
1307
3355
1308
1310
3358
3359
3360
5408
1315
5411
1317
1318
3370
3372
1326
1327
3376
3380
1332
5428
5429
1333
3384
5434
3389
1341
5438
5440
5441
5442
3396
3397
3399
5447
1355
1356
5452
3410
3412
3414
3418
3422
3424
1377
5474
1382
5478
1383
5483
5485
3439
1396
1397
5494
1398
5496
5501
1409
1413
3461
3465
5515
3470
1424
3472
3477
3478
3480
5528
1433
1434
3482
5536
1441
3490
5540
1446
5542
1452
1453
1458
5555
5556
1461
3510
3513
5561
1468
5566
5569
5571
3523
5572
5574
5576
3530
5578
3532
1486
1490
3539
1493
3545
1497
1500
3548
3549
3551
1505
3553
3562
1516
1519
3569
1521
3571
1524
3574
1528
3577
1532
3580
3581
1533
3582
3583
1536
1540
3590
3593
3594
1550
1558
1559
1560
3609
1562
1563
1566
1567
1569
3624
3626
3627
3629
1582
1594
3643
3646
1600
1602
3651
1604
1610
3660
1614
3664
3666
1620
3668
3672
3679
3680
3681
3684
1636
3692
1644
3697
1649
1656
3707
1660
1662
1664
3715
3719
1671
3726
1680
3730
1683
1688
3738
1691
3740
3746
1699
1700
3750
3751
1703
1707
3755
3757
3758
1714
1721
1725
3773
3774
3776
1728
3778
1732
3785
1741
1744
3792
3793
3794
1753
1757
1764
1766
1770
1775
1777
3826
3828
1785
3837
3841
1810
3860
3862
1816
3868
3870
1823
3877
3886
1840
3891
1844
1851
3901
3902
3908
1867
1870
3920
1873
1881
3934
3939
3950
1905
1909
3958
1914
3962
1915
1920
3973
3974
1927
3976
3984
1939
3990
1943
1946
1947
4004
4009
1961
1963
1966
1967
4016
4017
1972
4028
1981
1982
4034
4035
1995
4046
1999
4050
4052
2004
2005
2007
4058
2011
2012
2014
4062
4063
4066
4067
2020
2022
2025
2033
4082
2036
2037
4086
2039
4089
2043
4091
2044
2046
19
32
68
297
329
235
11
77
401
177
55
57
26
122
251
92
124
316
286
350
