940
2051
4101
2057
4106
2058
4108
12
4113
2066
4117
4118
2070
2075
27
4126
2079
32
4130
2085
4133
2086
40
45
4142
4145
4147
4150
55
2103
4158
63
2114
4166
2122
75
2123
4175
83
4181
4183
89
4189
95
97
2149
4197
102
4203
4204
4205
2160
113
115
2163
116
118
4217
122
124
4220
126
128
4225
2178
131
133
136
2185
138
2188
4236
142
2194
147
4245
4248
4254
2206
159
166
4262
168
2217
2218
2220
175
4272
178
4276
2232
2234
187
2238
2242
195
4293
2251
204
2256
211
212
2261
217
4315
220
223
224
2273
4321
226
4325
229
2284
4335
2290
242
244
246
2296
249
252
2302
4353
2306
258
4357
4358
2314
4363
273
2322
276
2326
2334
2335
290
4388
293
4392
296
4394
4397
2352
2355
4407
4408
313
2361
316
317
4415
319
4417
4425
4431
4433
2385
4434
2387
4439
4440
4441
345
2395
2396
2397
352
4451
355
357
361
2410
2411
364
2413
2414
4462
367
2415
2418
2422
2428
4480
2432
2433
2435
388
4484
2436
4486
2439
398
4496
2452
2453
410
4507
413
414
4515
420
2470
4519
426
2485
4533
2490
2491
443
2492
2493
446
448
4549
2505
2506
4556
2508
2509
461
2512
4561
4562
4563
4566
2520
4568
474
476
4573
478
4574
479
2529
483
4579
490
4586
492
2542
4596
500
2552
2556
4610
515
4613
4614
4615
520
521
523
530
4629
2582
536
2584
4634
2588
543
2593
4641
4643
2595
549
2599
4648
552
4649
4650
554
555
2604
558
559
562
4660
572
4668
4669
4672
578
4675
580
2628
582
4678
2631
4680
589
2641
594
2643
4691
4692
4695
4699
2652
4704
4707
4712
4713
4714
4715
2673
4723
627
2676
2677
629
4728
2681
634
4732
2686
2687
2688
2689
2690
4739
2692
646
4742
647
4745
2698
4747
2702
4750
4751
2704
4756
662
667
2716
673
4777
684
2734
4783
687
2737
691
4788
2742
695
2743
2745
699
2755
2757
2758
2760
2762
4814
2767
4815
725
732
4828
2781
734
736
2784
4838
2790
743
2792
744
745
746
4843
751
753
757
2805
758
760
761
4859
765
4863
767
772
2820
2821
4870
2829
783
784
785
2838
2842
798
2848
800
801
2850
2851
803
4904
2856
810
4906
2863
4914
2867
821
4917
825
2874
827
831
2882
835
4934
839
841
4937
843
845
4946
851
4949
2903
856
4954
861
2910
2914
868
2917
4965
4966
4970
874
877
2927
879
881
2929
882
4987
896
4996
903
5000
907
5003
908
5007
2960
5011
2963
5013
2970
924
5022
927
928
5025
5027
2980
932
933
938
939
941
5038
942
5039
947
2997
2998
950
2999
952
3005
959
5061
971
3021
5070
975
980
5078
983
5080
984
3034
3035
3036
988
5084
5087
3039
3043
3045
5093
998
5094
3047
1001
3051
3054
1010
1023
5121
5127
1031
3080
5136
3091
3093
5148
1056
5153
1059
5157
1067
5165
1069
5167
3120
1074
1078
1079
3130
5180
1085
3133
5182
1086
1088
1089
3139
3140
1096
1097
1098
1102
3151
5206
3158
1111
3160
1114
3165
3167
5216
1121
1124
1125
5222
3175
5227
1132
3181
5229
3182
5235
1140
5237
1143
5242
1147
1148
3199
5248
5250
3204
5252
5253
3205
1160
5256
3208
1162
1165
1168
3217
5266
3219
5267
3225
1178
1180
3229
1181
1182
5278
1183
3231
3234
3241
5289
1200
5297
3251
1206
5303
3256
1208
1210
5309
1214
5311
5312
1217
5316
3271
5320
1224
3274
5323
1235
5335
1241
5338
3291
3292
3295
3297
1251
3300
1260
5356
3313
1268
5365
3320
5370
3325
3327
1281
3331
1285
5382
3338
3339
1292
3340
5388
1293
3342
5391
1295
1299
5395
3350
1303
5401
3355
1307
1308
1315
3366
1319
3369
3370
3372
3374
1326
1327
3377
1332
3380
1333
1334
3389
1341
5438
5440
5442
5443
3396
3397
5447
3400
1353
1355
3404
1357
3410
1363
1364
3412
3414
5463
3415
3418
1370
3424
1377
3425
3428
1382
5478
1383
1389
1396
1398
5495
5496
3452
1406
3458
5513
3466
5515
1420
3468
1421
1424
3472
5523
3477
3480
1433
1434
3482
1436
1437
5536
3491
3492
5540
3493
5542
1446
1452
1454
5553
5555
5556
1461
3510
5561
1468
5566
5569
3523
5572
3526
5578
3532
1486
3537
3539
1495
1500
3548
3553
1509
1514
1517
3571
1524
1527
1531
1532
3580
1533
1535
1536
1540
1543
1548
3596
3597
1550
1554
3609
3611
3614
1573
3624
3626
1580
3629
1582
1587
3638
3639
3643
1599
3651
1610
1614
3666
1619
3668
3672
3679
3680
1636
3684
3686
3690
3691
1649
1650
1653
1656
3705
3707
1660
1664
3712
1665
1670
3719
1671
3727
3728
1683
3738
1691
3743
1698
1700
1701
3750
1703
1707
3758
3763
1716
3765
1717
1718
1723
3773
3777
1730
1732
3785
3786
3787
3788
1741
3792
1753
1757
1770
1775
3826
1781
3832
3837
1795
1797
1810
3859
3860
1812
1816
1817
3865
3868
1820
1822
1823
1826
1828
3876
3877
3882
1834
3886
3889
1843
1844
3894
1851
3900
1857
3907
3908
3911
1865
1867
3919
3920
1873
3921
1874
1886
3939
3941
3950
1909
3959
3962
1925
1927
3983
3984
1941
1943
3992
3999
4003
1960
4016
4020
4025
1982
1984
4032
4033
4034
4035
1991
4045
4051
4053
2007
4055
4056
4058
2011
4060
4063
2017
4066
2019
4067
2020
2022
4071
2033
2036
2037
4086
4088
4090
4091
2043
2044
17
225
100
134
327
107
76
77
55
248
153
282
122
251
380
413
253
350
