912
4098
4
2057
4107
2061
2064
25
2075
4123
28
2077
4127
4131
4133
38
44
45
46
4142
4145
54
55
2110
66
67
2116
4167
76
2127
4181
4183
89
2138
4188
2144
99
101
4199
4202
4207
113
2166
4214
2167
4217
4220
125
2176
129
4227
132
4228
2180
135
4234
141
4239
2192
4241
2194
147
4245
2200
2205
2208
163
2217
4267
173
4270
4271
4274
178
4276
2228
184
2240
4288
2241
4290
195
197
4293
198
201
2250
4299
210
2258
212
4309
2265
4315
2272
4321
226
2274
231
4330
4331
2286
2287
239
4338
2290
246
4342
2296
251
252
4348
255
256
2306
4358
2313
2315
267
4364
2318
273
2322
276
4373
2333
4382
290
2342
4395
4396
2351
303
2352
2355
310
313
4410
316
2365
4413
4415
320
4417
322
2372
2375
327
330
4426
333
4432
4433
4434
342
4443
2396
352
356
2406
4455
2410
4459
363
2411
2414
4465
2419
371
377
2425
379
4476
2428
4477
2431
4484
4486
2443
4494
4499
4501
406
2457
410
2462
414
420
422
2470
4519
2471
426
2478
4528
2484
438
4535
4536
2490
2491
446
449
453
4550
4551
2505
465
2513
4562
467
471
473
476
4573
4574
4579
484
4582
4586
4587
4588
494
2543
496
4595
501
4598
4599
504
4603
4604
2556
512
515
516
4615
2568
2572
4622
529
4628
2582
536
2584
537
4634
541
4637
4638
4643
2596
549
4645
4646
4649
4650
554
2604
2605
2607
2608
4660
572
4669
2622
2624
4673
578
4676
580
4677
2629
582
585
593
2645
2647
2651
4699
2652
604
605
4701
2654
608
609
2665
4714
2671
4732
2690
2691
4739
2692
2693
4741
647
649
4747
4751
4752
656
2704
4753
659
661
2712
667
4764
2717
2724
2732
2734
693
695
699
4795
700
703
2755
708
2757
2758
4810
4811
4813
2765
4814
2767
4815
2768
721
724
734
2784
742
4841
745
4842
748
749
751
2801
758
2809
764
766
4863
2815
767
768
4865
2818
772
2820
2821
2823
4872
777
4874
779
784
788
4884
4886
790
4887
2841
2842
797
4893
801
803
2851
4899
2852
806
2854
2855
807
4906
2864
4917
4918
825
4921
2873
4926
837
2885
4935
4937
2894
4946
2901
854
2904
856
4955
2908
861
4958
2910
864
866
867
2916
4965
2921
4969
4970
874
877
2927
2930
4980
4983
2935
2937
4987
891
894
4994
2947
906
5003
907
5011
5013
5019
2974
5022
928
2978
5026
2979
2980
932
933
934
5032
5034
938
2988
942
5039
943
2993
948
5046
953
5052
5054
5056
5061
5064
3017
5066
971
5078
982
3035
5083
5085
5086
5087
995
5092
5093
5094
998
3046
5095
3048
3054
1009
3060
1013
1015
3070
1024
5121
3075
3080
5133
5138
3090
3091
5139
3093
1050
5148
3101
5150
1055
5153
1057
1060
1063
3112
1065
5162
5166
1073
1075
1079
5180
3134
1086
1088
3139
5188
5192
1097
5193
5194
3147
3153
1111
5207
1112
1115
5211
5214
1118
3167
5216
1121
1125
1128
5225
5227
1131
3181
3182
1136
5233
3187
1139
1141
3189
3190
1143
1144
1145
5251
3204
1160
3210
5259
3212
3213
1168
3217
3219
3222
5270
3226
5275
3228
3229
1182
5278
3234
5283
3238
5289
3244
1200
3252
5301
1207
5303
3259
5309
5311
1217
1218
5314
3267
3270
1224
3279
5332
3287
5337
3292
5340
5342
5343
3295
5344
1248
1251
1260
1265
1268
1270
3322
5372
3325
3326
1281
3329
3330
5378
3331
5382
5385
3339
1292
1293
1299
3350
5399
5400
3356
1309
5405
1310
1315
3365
3367
1320
5417
3370
5421
5422
1326
3374
1327
1329
1332
3388
5436
5438
3394
1347
1348
5447
3400
5450
1355
5453
3410
5458
1364
1365
3414
1369
5466
1370
5467
3420
5469
1374
1377
1380
5477
1383
1384
1385
1389
5493
1398
5494
3446
5499
5500
5505
3461
1415
1424
1426
3475
1434
1435
1436
1437
5534
5536
1441
5538
5543
1448
1449
5546
5553
3506
5555
3510
1463
5560
3513
5562
3516
1469
5566
1471
5569
3523
5574
3526
5576
3530
3537
3539
3541
1493
1496
3546
1500
3549
3558
3559
3562
3563
3566
1519
1521
3569
1522
1524
3572
3573
1528
3580
1533
3581
3583
1535
3585
1540
3589
3590
1543
3593
1550
1556
3610
1562
3611
1565
3613
1576
1580
3629
1582
3633
3637
3639
1594
3644
1596
3645
1597
3650
1609
1611
3660
1614
3664
3666
3669
3670
1626
3677
3685
1642
3692
1647
1648
1649
3698
3701
3702
1656
1657
1662
3711
1665
3715
3716
3717
3719
1672
3722
1678
3727
1680
1682
1684
3738
1690
1700
1701
3750
3753
3755
1707
3763
1715
3767
3772
3777
3781
3787
3791
3792
3793
1748
3804
1766
1775
3826
3827
3832
3834
1786
3842
1795
1797
3847
3849
1801
1803
3854
1810
1812
3861
1816
3865
1818
1823
1828
3877
1830
3878
3882
1837
3889
1844
1851
3901
3902
1858
3911
3914
3917
1870
1873
3951
3958
1915
3965
1925
3978
3980
1933
3981
3984
3985
1941
3991
3992
1951
1955
4003
4004
4009
1961
4016
1969
4020
1983
1984
1990
4039
1995
4047
1999
4048
2001
4051
4052
2004
4056
4058
2011
4062
4063
4066
2018
4067
2021
2022
2023
4071
4072
4074
2028
2031
4079
2033
2037
4086
2039
4088
2043
2044
2045
2046
20
224
128
161
258
66
131
229
199
106
203
76
173
303
80
209
86
88
153
92
94
