970
4097
2
2051
2052
4101
4104
2057
4106
15
2065
4113
18
23
24
25
27
4126
2078
2079
4130
4131
40
41
2090
4142
4145
2100
55
2104
56
58
4154
4157
63
2112
67
2115
4166
72
4169
2122
4177
2131
83
4185
89
90
2140
94
2143
4193
97
2147
4197
102
104
107
2158
2160
113
115
4213
2165
120
122
4220
2172
4225
2177
2178
135
2183
136
2185
137
4236
2188
141
4240
2194
147
4245
4248
4251
2206
2211
2214
168
2220
4272
2225
4276
182
2232
2234
4282
2238
197
201
2251
207
2259
213
2261
217
2268
223
4320
4321
2274
226
227
4324
228
229
4333
2290
242
4338
244
246
2296
248
249
2297
253
2303
2306
2307
2310
2312
2313
2316
2318
273
4374
4378
2334
2335
291
2340
4388
2342
296
2348
4396
4398
303
2351
2352
2355
307
309
4408
316
4412
317
318
4415
4416
4417
327
4424
2383
4432
336
2384
2385
4433
4434
344
4440
2393
2394
2397
352
2401
2403
4453
357
2409
2410
2411
364
4460
2414
4462
2415
367
2418
371
372
2422
2428
382
4478
383
4480
385
386
2434
2435
2436
392
2443
2444
2445
4494
2448
2452
2453
4501
4509
4510
2467
420
2474
426
430
2482
2492
2493
446
4544
449
452
2501
456
457
2505
4554
2507
4556
2508
2509
4559
4560
465
4561
4562
466
4563
2515
4571
2523
476
2524
4573
4574
479
2528
2529
484
486
4584
493
2543
4600
2552
506
4609
4610
4614
2568
2572
4623
530
532
2582
536
4637
543
2592
2593
4641
4643
2595
4649
4650
4651
4656
562
4659
4660
569
4666
572
2621
4669
578
2626
4675
2630
582
4679
4680
587
4683
589
4688
593
4689
594
4692
4694
2646
4695
2649
2652
2655
4704
2657
609
4708
615
2665
4714
4716
4719
4720
2673
2674
627
628
2676
4728
4732
636
2689
2690
4739
2692
645
646
4747
4750
4751
4753
660
4756
2712
665
666
2714
667
2715
2717
4766
4767
676
2726
679
4777
2732
686
2734
4783
694
695
2743
4795
699
2747
2754
4803
4806
710
2760
4814
719
4821
729
732
735
2786
739
2789
4838
743
2792
746
4844
753
4849
2801
754
4851
2805
758
761
2809
765
4863
4866
772
2820
4872
778
4875
780
782
784
786
2834
4883
789
2838
794
798
4895
2848
800
801
803
2851
2853
806
2855
2856
2858
810
2859
2863
4913
819
2867
820
821
4918
825
2875
2877
2878
836
4934
4936
4937
845
851
4947
852
2901
856
857
859
861
2910
2914
2915
4964
4970
874
2927
882
4982
889
2937
4987
2941
2942
4992
2946
4996
901
2950
2952
2953
5003
907
908
5009
917
5014
919
921
2970
5022
927
2975
2978
932
933
5029
5031
5032
5035
941
942
5038
5039
943
947
5044
2997
2998
2999
953
3003
5053
5056
3011
3013
5063
971
3021
3023
3027
980
3030
3033
5084
3037
3039
5087
992
3042
996
3044
5093
3045
3047
1001
1003
1004
3054
1010
3060
1012
5111
3066
5115
1019
3071
1023
5125
1031
3080
1032
1033
5130
3083
5136
3093
3100
5153
1060
3111
1065
1068
1069
1070
5167
1071
3120
5169
1073
1074
3122
3124
5172
1078
1079
3129
5177
3130
1085
3133
1086
5182
1088
1089
3139
3140
1094
1095
1096
1098
5197
1101
1104
3155
5206
3158
1111
5207
1112
3160
5210
5214
1118
5216
1120
1124
5222
1128
5227
1131
3183
1137
1140
5239
1144
5242
1147
5248
5253
3210
5263
5264
5267
3221
1174
5270
1177
3225
1179
1182
5279
1183
5282
1186
3234
1196
3244
5294
1200
3251
5301
5303
3256
1208
1209
5309
1217
1220
1224
3272
5320
3274
5323
5329
1235
5334
5335
1239
1241
5338
3291
3292
5341
1251
3300
3301
1256
3307
5355
1260
5357
3310
1263
1266
1268
5365
3320
1273
5370
3322
5372
5374
1279
3327
1281
3331
3338
3340
1292
5391
1295
1298
3346
5395
5396
3348
5398
3350
1303
5400
5401
3355
1308
3358
1310
3359
5410
5411
1315
1317
1319
3370
3372
1326
3375
1327
3376
3377
5426
1332
5428
3380
1333
1334
5436
3389
1341
5438
5439
5441
3394
1347
3396
3397
5447
3399
1355
5452
3405
1357
1362
3410
1363
3415
3418
5469
3422
3424
1377
5474
3428
5478
1382
1383
1384
5484
5486
1393
1394
1396
1398
5494
5496
3461
1413
5515
3469
1421
1424
3472
3473
3477
3481
1434
3482
1437
5536
1446
5542
1451
1453
5550
1458
5555
1461
1462
3510
5563
1468
5566
5572
5578
3532
1486
3539
1493
3544
1497
3548
1501
3549
3551
1503
3553
3558
1510
3559
3561
3563
1519
3570
1524
1527
3577
1530
3581
3582
1535
1536
1540
3594
1550
1558
3609
1562
3612
3613
1569
3624
3627
3629
3633
1594
3643
3644
3645
3646
1599
3651
1604
1607
3658
3661
1614
3663
3666
1619
1620
3668
3679
1631
1632
1636
3684
1637
1643
1649
1656
3711
3719
1677
1680
3728
3730
1683
1684
3738
1691
1693
3745
1699
1700
3750
3751
1704
3752
3753
3758
1715
1720
1723
1726
1728
3785
3786
1740
1741
3791
3800
1753
1757
1760
1762
3811
1766
3814
1770
1771
3819
1775
1777
3826
1781
1787
1789
3837
3838
1802
1803
3855
1810
3859
3860
1816
3868
1823
3872
1829
3882
1840
3890
1844
3895
3897
1851
3901
1865
3916
3917
1870
3920
1873
1874
3939
3950
3957
1909
3962
1914
3974
1927
3981
3983
1936
3984
1938
1939
1943
1950
3999
4004
4005
1960
1961
4017
4029
1982
4031
1983
1986
1988
4041
4045
2004
2007
4056
4058
4060
2014
4063
2017
4066
4067
4071
2033
2035
2036
2037
4086
2039
2043
4091
2044
17
0
257
323
68
100
357
139
77
79
272
307
308
57
122
252
29
350
