922
4096
4098
3
4101
2053
6
2057
12
4110
2063
4113
18
2066
2071
2075
2078
4126
4127
2080
2085
4133
4135
39
2087
40
2091
4140
45
46
2094
4145
50
55
2103
4153
4158
63
2112
2113
2117
4172
2129
4177
2130
89
4188
96
4192
97
98
102
4200
4206
115
2165
2168
4217
122
4218
2171
124
125
4225
4231
2183
136
137
4236
4245
2197
153
2201
2202
2206
2208
4261
2214
4262
168
169
2217
4265
2222
2225
178
4274
4275
180
2232
2239
193
2242
195
196
4293
204
210
212
217
2270
2272
4321
228
2277
2282
2286
241
2290
4338
246
2295
2296
249
2297
2298
252
4348
2302
4350
4351
256
2306
4354
260
4357
2309
4358
263
2313
2318
4369
273
4370
2322
276
4380
290
4392
4394
2347
4396
4398
4399
2351
2352
2355
313
4412
316
317
4415
4416
2372
2375
4424
2382
4431
4433
2386
2395
348
2397
2399
352
354
2403
2406
360
2410
4458
2411
4463
367
2422
4472
4476
386
389
4486
390
394
2443
395
2445
2452
404
405
4501
2455
409
410
4508
414
2462
415
416
418
420
2470
4519
426
2483
4533
4537
2491
2492
446
4544
2501
4551
456
2505
2508
4561
465
4562
4563
469
4567
2523
476
4573
2526
4574
4579
2536
4585
4586
2543
496
2546
499
501
4598
4599
504
506
511
4609
515
4612
2564
519
4615
532
536
4633
4634
538
2588
4637
544
2594
549
4645
4647
4649
4650
2604
2606
2607
4659
4662
2615
2619
4668
4669
574
578
582
4681
589
4685
592
4689
4697
4699
2652
4701
4702
4704
4705
609
4707
611
4708
613
4712
4713
619
2667
4720
2676
2677
4728
2681
4732
636
637
2686
2689
4738
4739
4741
2694
647
2696
648
649
4747
652
2701
2704
4753
4765
2717
2727
2731
2732
4783
688
2737
4787
2739
2741
4789
695
2743
4793
2745
4795
699
703
4800
704
2755
2756
2757
4806
710
716
2764
4813
4818
723
732
735
741
2790
4840
744
2793
745
751
753
2801
758
4856
760
2817
772
4869
2821
2824
777
2829
4878
788
4886
791
4887
2841
2842
794
4892
2845
803
2851
807
2857
810
4906
2863
4913
2867
821
825
2873
2874
827
2878
2881
4930
4934
4935
4936
4937
2890
844
845
2896
4946
4947
4949
2901
856
2908
861
2910
4961
4963
4965
870
2919
4969
4970
875
879
2927
883
4984
889
4987
4995
907
911
5008
2962
5011
5013
5022
928
2978
5026
933
5032
938
2988
941
942
5039
2997
950
2999
5048
953
957
3005
3010
5061
967
5064
5065
971
5068
3021
3022
3026
5074
3029
3030
5078
982
983
3035
5086
3039
5089
995
3043
5093
5094
998
1001
5103
5104
5106
1010
1014
5114
3067
1023
3074
5125
1031
1032
3082
3085
3089
3090
3091
5139
1043
3093
5144
5148
3101
3102
3103
5153
1058
3108
5157
1062
3110
5166
3122
1074
1075
5171
5172
3125
3130
3131
5179
5180
3134
5182
3139
1093
1094
1096
3144
5193
5194
1108
5204
3158
5207
1111
3160
1118
5215
3167
1120
1121
5219
3172
5222
1127
5227
3180
3181
1133
3182
3185
5237
5238
1143
3193
5242
1146
3200
3204
5252
5259
1167
1168
5266
3219
5267
3223
1177
1180
3229
1182
5278
3234
3239
1192
5289
5291
3244
3245
1200
1201
5298
3251
3252
5301
3254
5303
1207
1208
3263
5311
1217
1221
1224
3273
1226
5323
5327
3279
1235
3287
1239
3289
1241
3292
5343
3295
1251
3300
1260
5359
1266
1268
3322
3324
3325
1278
3327
1281
3329
1284
5382
5385
3338
3339
1292
3341
5389
1293
3342
1295
5391
1299
3350
5400
1307
3359
5410
1315
3365
1317
1318
5418
3370
3372
1326
3374
1327
3380
5428
1332
5429
1333
3382
5431
3384
3386
5435
3388
3389
1341
5438
5440
1348
3397
5447
3400
1355
5454
5457
3410
1365
3413
3414
3417
1370
5468
1377
5477
1382
5479
3436
1389
5485
5487
3443
1398
5496
5500
3456
1414
1415
1424
5523
5524
3477
1430
3480
1432
5529
1434
1436
5532
1437
5534
1440
5538
3490
3493
5546
3499
5550
5553
5555
5556
3510
1462
3513
1469
5566
5569
3523
1477
5574
3526
1478
3527
3532
5580
3533
1486
3536
3537
3539
1493
1496
3545
1500
3548
3553
1507
3561
3563
3566
1524
1530
1533
3581
1540
3590
1543
3593
1548
1550
1552
3602
1554
1560
3611
1564
3618
1571
3626
3629
1582
1583
1587
3638
3639
1593
1594
3644
1598
3646
1602
3650
3660
1614
3663
3666
1619
1625
3674
1631
1633
3684
1636
1637
1640
1647
1648
3698
1653
1656
1657
3709
1671
1673
3726
3727
1680
1683
3733
3738
1691
1693
1697
3745
1699
1700
1701
3750
1712
3763
3766
1726
3777
1734
3783
3787
1741
3792
3799
1753
1756
1766
1769
3819
1775
3826
1778
3830
3832
1786
1787
3838
3839
1795
3847
1803
3854
3859
1812
3861
1816
3865
3871
1823
1828
3877
3882
3891
1844
3894
1847
1851
3901
3904
3905
3907
1865
3917
1870
3920
1875
1882
3939
3944
1896
3948
1903
3954
1909
3962
1914
3963
3967
1920
3969
1925
1927
3975
1934
3985
1941
3992
3993
1953
1959
1961
1964
4014
1966
4016
4020
4023
4024
1981
4029
1983
1986
4037
4039
4045
4046
4051
4053
4055
4056
4058
4061
4066
4067
4071
4072
4073
2025
2029
2031
2033
4082
2036
2037
4088
2043
2044
2046
18
161
98
386
261
198
76
79
240
178
114
371
374
408
153
26
380
350
223
