927
0
2
2051
2052
4101
4106
2058
15
18
4116
2070
2071
24
4122
27
4126
2080
32
2081
4130
4131
2086
39
40
45
4142
2095
4145
2100
52
55
4154
2112
2114
67
4166
2122
4177
2130
82
83
4185
94
2143
96
4193
98
2149
102
107
4203
2156
4204
2158
2160
113
4211
2165
4213
2168
122
2172
124
4220
2173
126
4225
2178
2185
4234
4236
145
2194
147
4247
4248
2206
159
2211
168
4265
2218
2220
4274
4276
182
2234
4282
2239
2247
201
2251
204
207
4305
2261
213
216
2272
224
4320
2273
226
4324
229
2277
2283
4333
2290
242
4338
244
2292
2296
249
4345
4346
2305
4353
2306
259
4358
2313
2314
2316
273
2326
2334
2335
4388
2342
296
4394
4397
4398
303
2352
2355
4404
2361
316
4412
2366
318
4415
319
4417
327
2375
2383
4431
2385
2386
4434
2387
4435
4440
2397
352
2401
354
355
2403
357
4453
2410
2411
2413
4462
2414
367
2415
4466
374
2427
2428
382
4480
2432
2433
2435
4484
388
2436
2439
2443
2445
4494
2452
404
2453
4501
409
4507
4509
413
2461
416
2467
420
4519
426
2474
433
434
2484
2488
2491
2493
446
2495
4544
449
4549
2501
456
2505
457
4554
2507
4556
461
2509
2512
465
4561
4562
2515
4563
4567
474
476
4572
478
4574
2529
484
2536
4588
2543
501
4598
2552
2557
4606
2561
4610
4613
4614
4615
521
523
4622
4623
530
2579
4629
2584
2588
543
2592
2593
4641
546
4643
2595
4649
4650
4651
2607
559
562
2616
569
4666
572
2621
2623
2626
4675
580
582
4678
4679
4680
2633
587
593
594
4692
4693
4695
603
4699
2652
2655
608
4704
609
2657
4712
4713
4714
619
4715
4716
2669
4719
2672
2673
627
2676
4728
4732
2692
646
4742
2698
4747
4750
4751
4753
2706
4756
660
666
2714
667
4767
673
674
2723
2724
4777
2734
686
4783
691
4788
695
2745
699
4795
2750
702
4801
4803
4806
2762
714
2767
719
4815
725
4828
2781
735
741
2790
4838
2792
744
745
746
4849
2801
2805
758
761
765
4863
772
4868
2820
2821
777
784
4880
785
786
4883
2838
4887
2845
800
2848
801
2850
803
2851
804
2853
2858
812
4909
2863
4913
4914
819
821
825
2875
4928
2881
4930
4931
837
4934
4935
840
4937
843
4946
4947
851
4949
2903
856
859
2910
2914
2915
4964
2917
870
4966
4967
4969
4970
874
4974
882
4982
886
889
4987
4992
4995
4996
901
2953
2954
5003
5007
911
5009
914
5014
919
2970
5019
924
5022
2975
5027
932
933
5031
2984
5032
5035
942
5038
947
948
950
2999
5048
952
3005
5053
5056
5057
5059
3012
967
3023
975
980
5078
3030
984
5084
3037
3039
992
5089
995
3045
5093
3047
1003
1004
3054
1010
3060
5114
1023
5123
5125
1031
3080
1033
5136
3091
3093
3099
3100
5153
3107
1059
3111
1065
1068
1069
5165
1070
5167
1071
3120
5168
5169
1078
1079
3130
3133
3134
5182
3136
1088
3139
3140
1097
1098
5197
1102
1104
5206
1111
5207
1112
5214
5215
5216
1124
1125
1131
1132
5234
1139
1140
5242
1147
3200
3204
5253
3205
1160
5257
1162
3210
1166
5264
3217
5266
3219
5270
1174
3223
1177
3225
1179
1180
3229
1181
1182
1183
3234
1186
3241
5291
3246
1200
5297
3251
3254
5303
3256
1209
5307
1212
5309
5311
5312
1217
3271
5320
3272
3274
5323
1235
5335
3289
5338
3291
5339
3292
5341
5343
3295
1251
3300
1258
3307
1260
5356
1268
5365
3320
5370
3322
3324
3327
1281
5377
3329
3331
1292
3340
3342
5391
1298
5395
3348
5397
5398
1302
1303
5400
5401
1307
3355
1308
1310
3358
5406
5407
1314
1315
5411
1319
1320
3369
3372
5421
1327
3375
3377
5426
3380
1332
5428
1333
1334
3383
1339
5435
3388
5436
5439
5441
3394
5442
1347
3396
5444
3397
3398
5448
3400
1355
3403
5452
5454
5457
1362
1364
3414
3415
3418
5469
3422
3424
5474
3428
5478
1383
3433
1389
3437
5485
1393
5491
3443
1396
5494
1398
3452
1407
3456
3458
5509
1415
5513
5515
3468
1421
3471
1424
3472
5521
3477
1430
1431
3480
3481
1434
3482
1436
1437
5536
3490
3491
5540
5542
1446
1451
5551
5555
1461
5560
3513
5563
1468
5566
5569
3523
5572
1480
5578
3532
3537
1497
3548
1503
3553
1507
1509
1510
1519
1527
3575
3577
1530
3579
1536
3594
3595
1548
3597
1550
3599
1552
3602
1560
3609
1564
3613
3614
1573
3622
3624
3629
1582
3633
1594
3643
3645
3651
3655
1610
3658
3666
1620
3674
3677
3679
1636
1648
1649
1656
3705
1659
3719
3722
1676
1680
3728
3730
3738
1691
3741
3743
1698
1699
1700
1701
3750
1703
3754
1706
1707
3758
3763
1717
1718
1722
1723
3773
3777
1734
3785
3786
1738
3792
3800
1756
1757
1760
3812
3814
1769
1770
1771
1781
3832
3837
3838
3841
3843
3847
3851
3854
1810
3859
3860
3868
3869
1823
1834
1840
1844
3895
3896
1851
3902
1857
3908
3913
1870
3919
1872
3927
3930
1886
3941
3944
1896
3950
1904
3954
1907
1909
3959
3963
3965
3969
3982
3983
3984
1936
1943
1949
1950
3999
4004
1959
1960
4008
1961
1963
4016
4017
1980
1982
1988
1990
2005
2007
4058
4060
2013
2014
4063
2017
4066
2023
2028
2029
2033
2035
2036
2037
4086
2039
4088
4091
18
100
68
198
327
138
139
300
77
114
19
55
215
24
409
121
122
282
29
