928
4101
2053
4103
4107
4108
2064
4113
2066
4116
2075
4124
2077
31
32
4130
2083
4131
4132
2085
4133
2086
2092
4142
4145
49
4146
55
2106
63
66
2114
4163
67
2116
4166
71
2122
4174
82
83
4181
89
95
96
97
99
4196
2149
4197
102
4204
4207
4208
113
115
122
124
2173
126
4223
128
4225
4229
2183
136
2185
137
4234
4237
2189
142
2192
145
2194
147
4246
4248
154
159
4257
166
2214
168
2218
2220
173
178
4276
182
2232
2234
193
4290
2252
204
4301
2261
217
224
4320
2273
226
228
229
2284
2285
2286
2289
241
2290
242
243
246
2296
2297
250
2302
255
4353
2306
4354
4358
2314
270
2318
2322
4372
4378
4379
284
2334
2335
290
293
2342
4396
4397
2351
303
2352
2355
2357
313
316
4412
4413
317
4415
319
4416
4417
2372
4420
327
4424
4425
333
4432
4433
2386
4434
2387
4435
4440
2393
4447
352
355
2410
2411
364
365
4462
367
4466
371
4468
4469
2422
2428
4481
4483
4484
388
4486
2439
2445
398
4496
2452
2453
4501
407
4506
410
4507
414
420
4519
426
2485
438
2488
2491
2492
446
4544
4551
456
2505
457
4554
2508
461
2512
4561
4562
467
469
4568
474
476
478
479
4576
2528
2532
484
4580
2533
4586
494
496
4596
2549
504
2552
4603
4609
2561
4610
4613
2569
521
4618
523
4622
2577
532
4629
536
4636
543
2592
4643
549
4648
552
4649
4650
562
4659
4660
2612
572
2621
4669
4672
2624
4675
580
4677
4678
582
585
589
2641
593
4689
4690
2643
4693
603
2652
608
4704
611
4708
623
4720
2673
4723
2676
2677
630
4732
636
2689
4738
4739
2692
2693
646
4742
647
2698
4747
4750
4751
2704
2714
667
2717
674
2723
2724
683
2732
2734
4783
691
4788
2741
2742
695
2743
2745
699
702
4801
2755
4803
708
2757
710
4806
4808
2762
2763
2767
2768
723
724
2773
729
730
4828
732
2781
741
4837
742
4838
2790
745
4843
749
2799
753
2805
2809
761
4859
766
767
772
783
784
785
786
4884
2838
2842
794
2844
2845
800
801
2850
2851
803
804
4906
810
2863
815
4913
2867
4917
821
4928
837
840
4936
4937
2891
4940
2892
845
4944
852
4949
2903
856
4954
2906
4956
4957
2910
2914
2916
2917
4966
4967
4969
4970
874
879
4982
4983
2936
4987
5000
2953
907
5007
914
2969
2970
5019
924
5022
2978
931
5027
2980
932
934
5031
5035
2988
941
942
5038
5039
5041
946
947
948
2999
953
957
5054
960
962
971
3021
5078
3034
5085
5087
3039
994
3043
5093
3045
3048
1001
3053
3056
3057
1009
3060
1020
1023
5120
3073
3080
1032
1036
3084
1042
3091
3093
3098
5147
3100
1056
1057
3107
1060
1065
3116
1069
5165
5167
1073
1074
3122
5172
3125
1081
3130
5180
3132
1085
1086
3134
1088
1089
3139
1094
5192
1096
1097
1098
3148
1102
3151
1107
3158
1111
3160
1115
1117
5214
1118
5216
1120
5217
5219
1124
1125
5222
5227
1132
3181
3182
5235
1139
1140
5239
5240
5242
5250
3204
5253
1160
3210
5261
5262
1168
3217
3219
5267
3224
1180
3229
1181
1182
3234
1190
3238
1192
3240
3241
5289
1194
5291
3244
1200
1201
3251
3252
5303
1208
3256
5307
3260
5309
5311
5312
3267
1223
3271
1224
3274
3278
1235
5335
1239
1241
3292
3295
5346
1251
3300
3302
1260
5356
1267
5364
1268
5365
3320
5370
5372
3325
3326
1279
1281
5377
3330
3331
1284
5382
5384
3338
3339
3340
1292
5389
1293
1295
5392
1297
1299
5395
3347
5396
3350
5400
1304
5401
1307
1310
3358
3360
1315
1317
1318
1319
1320
5417
3370
5419
3372
5421
3374
1326
5422
3377
5427
1332
3380
5428
1333
1334
5436
3388
3389
1341
5438
5440
5441
5442
3395
3397
3400
1352
1355
3405
1362
3410
1364
3414
3415
1370
5469
1376
1377
3428
1382
1383
1389
5488
5491
5493
1398
5496
3450
1403
5499
3451
5501
1409
3458
5509
3461
5513
1421
3471
3475
3477
3480
1433
1434
3483
1436
1437
1439
1441
3491
5540
5542
1448
3498
1452
3501
5550
5553
1459
5555
5556
3509
3510
5560
5561
5569
1475
3526
5574
1478
5576
3530
5578
1486
3537
1500
1502
1505
1509
3561
3562
1519
3569
3571
1524
1527
1528
3577
1530
1532
3580
1533
3581
3583
1540
1544
3593
1547
3595
3597
1550
3599
1552
3607
1571
1573
3626
3629
1582
3633
1587
3636
1594
3644
3653
1610
3663
3666
3668
1620
3672
3676
3677
3679
1631
3680
1636
3684
1637
1643
3692
3693
1656
3707
1660
1662
1664
3715
3716
3719
3727
1680
3728
3730
1683
3732
1689
3738
1690
1692
3742
1695
3743
3745
1698
1700
1701
3752
1707
1708
1712
3763
3765
1718
1722
1723
1725
3773
1726
3777
1732
3781
3786
1739
1741
3791
1743
3792
3793
3795
1753
3810
3815
3818
3819
3820
1775
3826
1779
1787
3838
1799
3861
3862
1815
1816
1819
1823
3877
1840
3891
1848
3899
1856
1858
3907
1859
3908
1864
1867
1872
3920
1873
3939
3947
1909
3958
3961
1914
3962
1915
3965
3970
1927
3983
3984
3992
3999
1956
4004
1960
4009
1962
1963
4016
4020
1977
4025
1983
4034
1986
1989
1990
1994
1998
1999
2001
4051
2004
4052
2007
4055
4056
4062
4063
4066
4067
2020
2022
2028
2036
2037
4086
2044
4094
18
128
100
230
363
76
175
143
79
208
55
25
121
282
251
412
92
221
350
