154
512
1025
1026
774
1545
1547
524
13
1549
1037
782
2062
526
527
783
1296
16
2067
24
2077
1568
805
1574
1831
807
554
2091
816
1584
1072
560
2099
1587
1331
565
54
311
1080
1339
60
1340
1598
2110
1599
1600
578
326
2119
585
843
1357
2127
1872
1876
1365
87
1880
88
1626
607
2144
611
1125
1381
1382
1126
876
1645
369
1139
116
2165
373
375
1145
1146
378
381
129
897
1924
1158
903
392
1933
2196
2199
920
152
1945
1433
1946
155
413
925
671
417
675
1444
2214
1193
2218
427
1963
1196
431
432
1459
437
1978
956
1981
1725
1983
447
707
708
1733
2246
1479
1736
970
2251
206
977
2004
1748
2005
1494
1238
984
732
1502
1759
2017
737
741
231
1767
2025
2026
494
2031
752
2032
1777
1778
1268
1013
2037
1016
1020
2044
1277
1
91
