184
513
1282
1542
774
520
1544
2060
524
14
1806
1553
20
1045
1046
2070
534
536
24
537
282
1820
543
799
801
34
547
1315
806
1830
807
296
1065
555
301
1069
2094
2095
817
2099
1331
1587
565
1589
825
826
1340
60
829
2110
318
831
2114
1353
586
842
2122
1868
334
2128
1616
81
1361
2131
339
340
2132
341
87
600
857
1625
1883
1119
608
352
1377
1124
356
2149
2150
1382
1384
107
1131
108
2156
1645
366
623
1394
1395
1653
1910
375
1145
634
1661
1412
132
389
2182
1414
393
2185
141
2191
1167
144
402
1939
1431
1688
1178
1182
1183
2209
1954
2211
676
2214
1703
681
2219
428
1708
1966
2222
1454
431
1199
178
179
947
1976
1468
957
1981
962
1219
707
708
1477
1733
710
1479
1737
1227
460
1484
1485
1231
722
1746
979
1237
1750
215
984
985
729
475
988
2019
1764
1509
1254
487
744
2025
1258
1002
2030
1777
1778
243
756
2037
501
1527
1016
248
760
1275
2043
1
38
