144
770
1027
515
4
1797
1290
1804
1293
527
1808
533
1306
1052
796
1054
543
31
1824
32
1570
1827
1317
39
1835
303
48
1328
816
1584
819
52
820
54
1593
1339
1597
1087
320
1602
1611
77
1614
590
335
1103
340
1111
857
1625
1374
1630
863
97
1125
1638
872
106
1387
878
366
367
1140
1142
1143
1401
1658
1403
637
381
128
1409
1666
388
644
390
391
903
1417
1419
139
143
913
403
1171
1429
408
154
1695
159
1183
417
161
675
677
423
168
680
170
428
946
949
951
1720
952
1209
1721
448
704
193
451
1221
454
455
971
1485
1741
1742
719
211
1749
469
984
1753
217
730
1754
986
1498
1500
221
481
738
1508
1256
1512
1515
1260
240
1523
1783
248
1529
1021
766
2
76
159
