370
0
1536
2
3
515
1030
2054
1543
2057
1548
524
1549
15
16
2065
1043
26
1052
1570
547
548
1060
1573
1061
39
1065
1578
42
1068
44
45
1581
558
47
561
564
1078
1079
567
1081
1084
573
1085
1086
63
68
581
70
1608
584
72
585
73
74
1098
1611
587
1100
77
1104
81
1105
1106
1619
1108
1621
87
600
1112
1624
601
602
1114
604
93
1630
96
1121
99
1636
100
1637
102
1639
104
105
617
1129
1132
108
1133
109
1649
113
116
119
635
124
1148
1150
127
1663
1152
1665
132
644
645
646
134
136
137
649
650
140
142
654
1168
1173
1686
1176
665
1690
668
669
1693
671
1696
160
1185
161
674
1699
1702
1192
170
172
173
174
688
177
178
183
1207
1720
1721
699
1726
1727
703
706
707
1732
197
709
711
712
200
1737
716
206
1743
1745
1746
722
1747
723
725
726
727
1751
1243
1245
222
736
224
1763
227
1253
1766
1769
745
746
751
753
1778
754
755
1270
250
765
767
256
1792
768
1793
772
773
1797
1285
1288
776
1289
271
784
1296
1810
787
277
790
1303
281
1818
1307
1310
290
1830
296
1832
810
811
299
1838
1327
816
1330
1331
309
1333
313
1853
1341
830
1855
1860
1348
325
1350
1867
844
332
1868
1356
333
336
1872
1364
1365
853
1878
1367
857
1373
863
1381
870
873
874
363
875
1389
1901
1393
1394
371
1910
887
1915
383
1408
1920
897
1922
1411
387
1412
1925
1927
1929
905
395
1931
909
1933
1934
912
401
403
1428
407
1431
1944
408
1945
409
1946
1435
1437
1440
1952
417
1441
932
1956
1444
421
1446
1447
1960
1452
1454
942
432
434
1458
439
1464
954
1980
956
446
958
1471
1472
448
1985
962
1475
964
453
1477
1481
457
458
1482
971
974
463
465
1491
2003
467
980
475
476
477
479
480
481
1506
1511
2023
2025
1002
491
2027
2029
493
1006
1009
498
2036
1525
1527
2039
1017
2042
506
1532
1021
1533
32
129
2
4
5
75
76
78
80
144
145
146
82
19
83
147
149
21
152
154
26
158
94
103
107
44
47
113
55
122
123
60
62
