358
1025
2049
2
1538
515
3
6
1030
2057
1034
523
2060
1549
1550
15
527
2065
531
1043
543
31
544
545
1570
547
548
1060
1573
1061
39
1577
1578
44
1581
45
558
1070
1582
47
559
1584
50
564
54
55
56
571
1595
1084
1085
1086
575
1600
576
1088
1091
67
1603
68
1604
580
581
1605
1093
70
583
1095
1096
585
74
1098
587
1611
1100
1612
589
77
1615
81
1619
1108
87
1624
600
1112
1114
91
92
1116
604
605
1120
96
1121
611
1636
1637
1125
1639
617
105
107
1132
1135
1136
1137
113
627
629
634
635
124
1152
1665
134
1672
136
649
1676
142
654
1680
1168
657
146
1172
1685
1686
1687
665
1690
1693
160
1702
1192
170
173
174
1714
178
183
695
1720
186
702
1726
1730
1220
709
1222
1735
1223
711
200
712
716
206
719
1745
722
723
211
1747
212
1748
1237
214
727
1243
222
224
1249
1251
739
1767
1769
745
746
751
239
754
250
1792
768
1281
1793
772
1285
1797
773
1289
265
266
269
1296
1809
787
1811
1812
1813
277
790
1302
1303
1818
1822
1315
1830
1318
299
1324
300
1838
1327
1329
1330
1331
307
309
1333
1334
823
312
313
830
1855
1344
1856
1348
1860
325
1350
1351
1352
331
1356
332
1868
334
1872
1361
1876
852
340
1365
1879
1368
860
1884
1373
863
1891
868
357
1381
359
1385
361
874
362
363
1901
1392
369
1393
370
1910
888
383
1408
897
1411
1412
388
1926
1927
1929
905
395
1933
1939
916
1428
408
1944
409
1435
412
1437
1438
415
417
1443
1956
932
1444
1957
933
1446
934
423
1960
1963
1452
428
941
1454
942
1967
944
434
947
948
439
954
1467
443
956
1469
1471
960
448
964
453
456
969
458
461
462
974
467
980
2004
2005
986
479
480
2016
481
2018
2023
488
1001
1513
1002
491
1006
1009
498
1525
1015
1527
2039
2042
506
1530
1532
1021
28
65
2
4
5
71
75
76
83
148
25
154
28
93
94
158
32
160
37
102
44
45
109
46
111
119
55
57
122
