338
1536
1025
1538
515
3
2056
2057
522
1547
523
1548
2062
527
1043
531
27
541
544
545
1570
547
548
1061
37
551
552
1577
1066
1579
44
1581
558
1582
47
1584
561
1587
54
1081
1594
1082
1595
571
1084
573
1085
1086
63
575
576
1600
1088
67
580
68
1093
1605
1606
70
584
1096
1608
73
585
74
1611
587
589
77
1614
1103
1616
81
1108
1620
84
1621
86
1624
1628
92
93
1118
1630
96
1633
611
100
1636
105
617
618
107
108
1132
1133
622
1136
627
629
633
1148
1151
640
1154
645
134
647
138
1164
653
1680
1171
1172
151
1177
667
670
160
674
1701
1192
170
1194
171
173
174
687
1711
1712
688
179
181
1717
695
1210
699
1212
1726
1727
1216
194
707
709
197
1222
1735
711
200
712
1225
1737
202
714
716
1228
206
722
1747
1237
214
1242
1243
220
732
221
224
1761
226
739
1251
743
745
746
752
1778
1779
1269
1783
1273
1788
1792
1281
1793
1795
772
1285
1797
776
265
1290
267
268
1294
1809
273
787
1813
790
1303
793
1818
1822
1825
1316
1829
805
1830
299
811
1838
1327
1841
1330
307
1333
1334
1848
1849
1853
1855
1344
1856
1349
837
325
1350
1355
1868
334
1360
1872
1361
1362
338
852
340
1877
1878
855
1879
346
860
1373
1377
868
1381
873
361
363
1388
879
880
881
1393
370
885
887
1401
378
1915
1404
1916
383
895
1408
1922
1411
1927
905
1930
395
1932
1933
1939
1428
916
1431
1944
1946
1435
927
1445
934
1446
935
1959
1452
1453
942
1454
1459
947
948
440
953
1467
443
1470
959
960
964
453
969
458
1483
972
465
980
982
983
477
1502
481
2018
1508
2020
2023
488
1513
2026
1002
2027
1005
2029
1006
1007
497
2033
1009
2039
1527
1529
2042
1530
1020
1021
509
28
128
129
65
2
67
69
5
71
138
11
76
144
16
83
148
154
91
95
37
106
43
108
44
50
115
117
119
127
