291
2
1538
3
515
6
1034
2062
1550
526
15
1555
1043
543
544
545
1570
547
548
1065
1066
44
1581
558
1070
1585
1587
54
1080
571
1595
1085
1086
1088
1600
1601
1603
579
67
580
68
581
1605
70
1608
585
587
1611
1100
589
81
1617
1108
87
1624
604
92
93
1120
611
614
1639
1129
618
107
1131
1132
1644
1133
1650
627
120
1145
634
124
1148
126
1662
131
1668
645
134
1671
1672
650
142
1168
1680
146
1172
149
1687
665
667
1693
1695
160
170
1707
173
174
177
1714
695
1721
1722
1210
699
1726
1727
192
1220
709
197
1735
711
712
200
714
716
1745
722
723
727
215
222
224
1763
230
745
1769
746
1775
1276
1792
1794
1285
773
1799
1294
782
787
277
790
1303
281
1818
1307
795
1820
1822
1313
290
1830
1833
809
1322
811
1324
300
1838
1327
1841
1330
1331
307
1333
309
1334
1848
1849
1852
830
1855
1344
1856
1860
325
1350
1352
331
1868
1359
1360
849
1361
338
852
1876
1879
859
1373
1890
1891
868
1381
873
361
362
874
1900
876
879
1392
1393
370
1907
1908
372
1397
1401
891
893
1408
897
899
1412
1413
1926
1927
395
1933
1422
1425
914
1939
1428
916
1944
1435
412
1437
1438
415
927
417
418
1956
1444
932
933
934
1447
1960
936
1452
428
941
942
1454
434
436
1974
439
953
954
1467
1980
1469
1471
1986
453
969
458
1483
1997
975
464
980
477
1502
480
481
2018
1509
998
2023
488
1001
1002
1009
2033
1526
502
1527
1017
2042
506
1530
1532
1020
1021
20
98
100
37
5
135
39
41
111
146
114
83
22
119
56
90
154
125
93
94
127
