238
1025
1538
3
515
2052
6
522
11
15
1043
2068
1046
24
542
543
544
545
1570
547
548
1061
1066
558
1585
54
1079
1080
56
1595
571
1085
1086
1599
67
68
70
584
587
77
589
81
1108
1620
87
1624
1116
604
605
608
99
611
1636
615
1639
107
108
1644
1132
1650
627
1143
120
634
1150
131
1668
645
1160
649
1673
139
142
1170
1172
149
665
1693
671
160
1703
170
1707
173
174
1206
183
1721
1722
1210
699
1727
709
198
1735
1224
716
207
1745
722
218
1242
1755
732
220
222
224
739
230
745
1769
244
1792
1281
1795
773
1803
1294
782
787
789
1813
277
790
1303
1818
1820
1822
803
805
1830
1318
299
1324
301
1838
1333
309
823
1336
1853
1855
1344
1857
323
1860
325
326
1350
1351
843
1868
1360
338
852
1876
340
1878
855
1879
860
866
1379
868
1897
874
363
1907
1397
1912
891
1403
380
893
1408
897
899
1412
1413
1926
1927
1418
395
1426
1939
916
1428
1944
1434
412
1437
415
1440
417
1443
1956
1444
932
933
421
1447
1960
1963
1452
1964
942
1967
952
1978
954
956
1471
960
964
456
969
980
982
470
1502
2016
480
2018
483
2023
2025
1513
1002
491
493
1009
1013
1525
1526
1527
2040
506
1532
1021
17
32
98
100
71
8
41
105
109
142
81
83
51
84
117
119
55
63
