345
1536
1025
2049
515
3
6
1545
1034
2058
11
15
2065
1043
532
27
1052
544
33
547
548
36
1061
1573
1575
552
1066
1578
44
1068
1581
558
47
1585
50
56
1082
1595
573
1085
1086
1599
1600
1089
1602
1603
68
1093
1605
1606
1095
584
1096
1098
74
587
1100
1613
77
1614
81
1105
1107
1108
600
1624
1625
1114
1626
1116
92
604
93
96
98
1122
99
1123
1636
102
614
1639
105
617
618
1131
619
108
1132
1133
113
1649
1650
627
1656
1145
634
635
636
124
132
1668
1156
645
134
646
1671
1672
649
1673
650
139
142
1680
1168
1170
1172
1684
1685
149
665
1693
670
671
1695
160
1185
1703
1192
170
1194
173
1198
174
687
1711
1206
1207
1721
1723
699
703
1730
707
1220
1732
1735
711
200
712
716
204
206
1745
722
723
1748
727
1752
1240
218
1243
220
732
1245
222
224
739
743
1767
1768
1769
745
746
1773
241
1274
1792
1281
772
1285
773
1798
262
776
1289
265
1291
779
782
273
274
1810
787
789
1813
277
790
1303
281
1818
1822
1310
1313
1830
1318
1831
809
299
1324
1837
1838
816
1330
1843
1333
823
316
1853
1341
1855
1856
321
1857
1860
325
1349
837
1350
1351
328
1353
331
1867
843
1868
1356
1359
1872
1361
340
1365
343
1879
859
860
1373
1374
863
867
873
362
367
883
372
887
379
383
1408
1412
1924
1927
395
1933
397
401
1427
916
1428
1431
1944
412
1437
927
1952
417
932
1956
421
933
1447
1960
938
1452
941
942
1454
1458
439
953
954
1469
1470
1471
960
448
1986
962
964
456
969
457
1481
458
1997
461
974
463
1999
467
2003
980
2005
982
470
472
1501
2014
2016
480
2017
993
1506
483
998
2023
488
2025
489
490
1002
1517
493
1009
498
2036
1525
2038
1527
2039
2042
1530
1532
1020
1021
509
26
129
71
8
76
14
142
80
83
149
21
153
91
32
96
33
37
39
43
44
46
111
112
113
117
56
122
