286
0
1025
2
1538
515
3
6
1034
15
529
1043
2068
544
545
547
1060
548
1061
552
1066
44
558
1070
1585
1590
54
1079
1595
571
1083
572
573
1085
1086
63
1088
1600
67
68
580
1605
1093
581
70
1606
1608
1096
73
587
1611
1103
81
1108
87
1624
1625
604
92
1116
611
99
1636
1639
617
107
108
1132
1133
1136
627
629
634
124
1660
637
1668
132
645
1672
649
650
141
142
1168
1680
657
146
147
1172
149
1173
665
667
670
160
1185
161
170
173
695
696
1721
1210
698
699
703
192
704
194
707
1220
709
197
711
1735
200
712
714
1738
716
204
1745
722
1747
723
725
727
1751
1755
1245
222
224
225
739
1252
745
1769
755
1272
1792
768
1281
1793
772
1285
773
776
265
1803
782
787
1813
789
277
790
1303
1818
1307
1820
1830
809
1833
298
811
1838
1330
1331
307
820
1333
309
821
1334
1848
830
1855
1344
1856
1860
325
1350
326
1352
331
1868
334
849
852
340
1876
1878
1879
1880
1370
859
1371
860
353
868
873
361
874
362
363
875
1900
876
879
369
370
1396
1912
379
1408
897
1922
1412
1926
1927
1929
395
1939
1428
916
1944
408
1945
1435
412
1437
414
1438
415
927
417
1441
1442
418
932
1956
1444
933
934
1960
1452
1454
942
434
947
1974
439
954
1467
1981
1471
1986
962
969
457
458
1483
461
2001
980
982
477
480
481
2018
996
2023
488
2025
2026
1002
2028
2036
1013
1527
2039
1530
506
1532
1020
1021
1023
21
64
161
131
5
37
71
135
104
10
78
111
114
83
148
149
87
119
152
94
63
127
