406
2049
2
3
1030
2059
2061
2062
15
1041
2068
1046
27
1052
31
34
1061
37
1065
1066
42
44
45
1070
47
1071
1077
56
1085
61
1086
63
1093
1096
1098
1100
77
81
1105
1108
85
87
1112
1114
1116
92
93
99
102
103
1129
1130
1131
1132
108
1133
109
1135
111
1137
1143
124
1152
132
134
1161
142
1168
1170
146
1171
1173
149
1179
160
170
1196
173
174
1198
177
178
1206
1207
197
1223
204
211
212
1237
214
216
218
1243
220
222
224
1249
226
242
1269
1272
1274
250
259
265
1289
269
276
277
1303
290
1320
299
300
1324
1329
1330
1331
307
1333
309
312
313
1342
1343
322
1347
325
1350
326
1351
327
1352
1353
332
340
1369
1373
352
353
357
358
1385
361
363
369
372
380
1404
1408
1412
388
1413
1415
395
1426
1428
412
1437
1438
414
417
1442
1443
1446
1447
423
1452
1453
1454
432
434
1459
436
439
443
1470
1471
450
458
1483
467
477
1503
480
1505
483
488
1512
1515
493
497
1525
1526
1527
1530
506
1532
1538
515
1539
516
523
1550
1555
537
544
545
1570
547
548
552
1578
1581
1585
1590
572
573
575
1600
576
1601
578
1604
1605
581
1606
583
1608
585
587
1611
1612
589
1614
593
604
605
611
1636
1639
619
1644
623
1655
634
1660
637
1665
645
1674
1677
1680
657
665
1689
666
1693
670
1695
671
1703
1707
687
1711
688
1714
692
695
1721
699
1726
703
1727
1730
707
1732
712
714
1738
716
1745
722
1747
725
727
1755
732
739
1763
745
1769
746
751
754
766
1792
768
1793
772
1797
773
776
1803
782
1810
787
1812
789
790
1814
1818
795
1820
1825
803
1830
806
808
809
811
1838
817
1841
1848
1850
1853
830
1855
1857
1860
1867
1868
1876
1878
855
1880
1891
868
874
877
1901
879
1909
887
1912
1913
1916
897
1922
1924
903
1927
1929
1930
1933
911
912
916
1944
922
927
932
1956
933
1957
935
1960
941
942
1966
943
947
953
954
1980
1982
960
962
1986
964
969
1997
1999
975
980
2005
982
992
2016
998
2023
2025
1002
2026
1009
2033
1010
1011
2039
1016
2040
1017
2042
1020
1021
36
65
131
7
136
8
9
73
75
79
81
146
83
20
21
23
25
91
28
94
158
32
37
38
39
104
105
45
46
49
114
117
53
57
60
63
127
