317
1536
2048
1025
2
1538
515
3
6
523
11
15
1043
2067
1046
544
545
33
1570
547
548
36
37
1061
550
1070
558
1585
564
54
567
56
1081
570
1595
572
1085
1086
1599
1089
66
579
67
68
581
1608
73
587
1611
589
77
81
1108
85
87
1624
604
605
1630
96
98
99
1636
614
1639
615
105
1129
618
108
1132
1133
1648
1650
627
1143
1656
120
1145
634
1659
124
637
1661
126
1154
645
134
1671
135
649
137
1673
138
650
139
652
142
1168
1680
146
147
1172
149
1685
1176
665
668
1693
670
1183
160
674
1702
1703
169
170
173
174
177
1713
1206
1721
1722
699
1212
1727
707
709
1222
711
1735
200
1736
712
1737
716
204
1745
1237
727
1755
220
222
224
1250
1763
739
745
1769
1775
241
242
1269
1273
1792
1281
1794
1285
773
1799
782
787
1813
277
789
790
1303
281
793
1818
1307
1820
1822
289
1313
290
1830
1318
807
811
299
1324
1838
303
1330
1331
307
1333
309
310
316
1853
830
1855
1860
1349
837
325
1350
326
328
1352
1868
849
338
1876
340
1878
1879
857
859
860
1373
866
1379
868
1380
873
361
874
363
1900
1906
372
885
887
1912
891
1404
1917
383
1408
897
1922
1411
899
1412
1413
1927
1417
1929
395
1933
1422
399
403
1428
1941
1944
1946
1434
1435
412
1437
1440
417
1441
1442
932
1444
420
1956
933
421
1446
1447
1959
1960
936
938
1452
942
1454
944
1968
434
437
1974
439
954
1978
443
1980
956
1469
1471
960
451
457
969
458
1483
1996
980
982
470
477
2014
480
483
2019
1509
488
2025
1002
2026
491
1516
1009
2038
1527
1017
2042
506
1532
509
1021
26
65
5
135
71
8
72
142
144
146
83
19
90
94
96
97
98
41
43
44
112
114
56
121
123
124
63
