379
1025
1538
2
515
3
2052
6
1550
2062
1043
2067
1047
1052
542
544
1570
547
548
1061
39
551
1577
42
1066
44
1581
1070
46
47
1585
50
564
1589
1079
1595
1085
573
1086
1599
576
1600
1091
67
68
584
1608
585
587
1100
589
77
1103
1617
81
1105
82
1108
597
1621
87
1625
602
1626
604
1628
1116
95
1120
608
1122
99
611
1636
614
102
1639
617
618
108
1644
1132
1136
629
1655
1143
120
1145
634
123
124
1665
132
645
1671
1160
1673
1161
649
1674
139
1677
141
142
1679
1168
656
145
146
1172
149
1686
1687
152
665
1690
1691
1693
671
160
1185
161
162
170
1707
1195
173
174
1714
1206
1207
695
183
1721
1722
186
1723
699
1726
703
1727
193
1730
194
1732
1221
709
198
1735
712
1224
714
716
1742
1230
206
1745
722
1239
727
1751
1752
1243
220
1245
222
224
739
1253
742
1766
1257
745
1769
1773
237
751
239
240
755
1780
244
1273
1788
255
1792
1793
770
1795
772
1797
1285
773
1799
776
1803
268
782
273
1810
787
1813
790
1303
283
1820
796
1822
287
1318
1830
1832
299
300
1324
1837
301
1838
1330
1333
309
823
1848
313
315
1852
1853
1341
1855
1857
323
1348
1860
325
1350
1351
1352
843
1867
1868
334
849
338
854
1878
1879
1367
346
1370
860
1375
867
1891
1379
359
873
361
1897
874
363
875
1900
879
883
372
1909
887
1912
379
891
380
892
1408
897
1922
1411
387
899
1412
1413
903
1927
1929
393
395
1420
1933
909
1422
1936
1426
1428
1431
408
1944
409
1945
1437
927
1952
1440
417
1954
1443
932
1444
421
933
1446
1447
1960
426
1451
428
1452
1964
941
1454
942
943
432
947
1974
439
440
952
953
954
1980
957
959
1471
962
1987
964
1477
456
969
457
1482
458
1483
462
1487
980
2005
470
987
1502
2016
480
481
1506
483
1507
2019
998
2023
488
489
1513
2025
2026
1002
2028
493
2033
1521
1009
2036
1525
502
1527
1528
2042
506
1531
1532
2044
1021
34
4
132
135
71
11
75
142
81
82
83
148
84
149
21
88
152
92
157
93
30
32
34
162
98
41
107
108
45
115
51
116
55
56
127
