930
2052
4101
4103
4107
12
2065
2066
2069
23
25
2075
4124
28
4126
31
2081
4130
35
4131
4132
4133
2085
40
2090
4142
2095
4145
2100
2103
55
56
4154
4158
2112
4166
70
4177
82
83
2131
4184
4185
90
2140
2141
2142
94
95
4193
2147
2149
4197
102
110
114
2166
2171
2172
4220
124
128
4228
2181
135
2185
4236
142
4239
2192
4241
2194
147
153
154
2206
4260
166
2214
168
4264
2217
4267
2220
173
4271
4272
2225
4274
4276
2228
182
2231
2232
184
4282
2234
2239
2240
2241
4290
195
4296
2250
4301
2255
2261
2268
2269
223
4320
4321
226
4324
229
232
235
2284
2286
239
2290
242
4338
243
2296
248
2302
2306
259
4358
2311
2313
267
4364
273
274
2324
4378
2333
2334
2335
2342
4392
2348
2350
303
2355
316
2366
4415
4417
322
327
2375
329
4425
333
4432
337
4434
2386
342
4438
4440
2394
2395
4447
352
2403
4455
362
2410
2411
4459
363
4460
4465
4469
374
2428
381
385
4483
4485
4486
2443
2445
4494
398
4496
4499
2452
2453
408
4506
4507
4509
413
4510
420
422
426
4524
2484
2485
4533
4535
2488
2491
446
4544
452
2501
4550
2504
456
2505
2506
4561
465
4562
466
2515
471
4567
476
4573
4574
479
484
4582
494
2543
496
4595
4596
2549
501
2552
504
506
4602
4603
2556
4605
4610
4612
516
4615
2572
529
2579
532
2587
2588
4637
543
2591
4643
2597
4648
4649
4650
562
4660
4662
569
570
572
4668
2622
2624
4672
578
2626
4675
4676
2628
582
4679
2633
2641
593
2643
2645
600
4699
2651
2652
604
605
2654
4704
608
609
2657
4706
4716
623
2672
2673
4723
627
2676
4724
2677
4727
632
2681
634
4732
2686
2690
4739
643
2692
646
4743
4747
4750
4751
2704
660
666
667
2726
679
4778
2734
4783
2742
695
700
2751
2754
708
4809
4810
2762
2763
4811
2768
721
4821
2776
735
2788
4838
4843
748
753
2801
4851
2805
758
760
2808
761
762
4859
2812
772
2820
2821
2822
2823
4872
777
4874
4875
780
2829
784
786
4883
2838
4887
2845
800
4896
801
2851
803
2852
4900
2853
805
2854
2858
2863
4913
819
821
4921
827
2875
4926
4931
2885
840
4937
845
2894
4946
4949
2903
856
4954
861
2910
2914
866
2915
2916
4965
872
4969
874
4970
875
2927
2930
4982
4983
889
4987
891
2944
4992
4994
4996
901
5000
904
906
5003
907
918
919
5016
921
2970
5022
2974
931
2979
932
2980
934
935
936
2984
5034
2987
942
5038
5039
943
2993
2994
947
5044
2999
953
959
960
961
963
5063
5072
5078
3030
982
3034
5085
990
3039
5087
3043
996
3044
3045
5093
998
5094
3046
5095
3048
1004
3057
1010
3060
1013
5111
5112
5115
1019
3070
1023
5120
1024
1025
1029
5125
3080
3091
3093
5147
3101
1056
1057
5153
3107
5157
1063
3115
5165
1069
5167
1071
1073
1079
1085
1086
3134
5182
1087
1088
1089
3137
3139
1096
5192
1097
1098
3148
3150
1111
5207
3159
3160
5210
1115
5214
1124
1129
5226
5227
1131
3181
5235
3187
5237
3189
5239
1143
3192
1145
5242
5248
5250
3204
5252
5253
1160
5264
3217
5265
5266
3219
1172
1174
5270
1177
3229
5277
1182
5279
3234
1186
3241
5291
1196
3244
1200
1201
3251
3252
5301
5303
1207
3256
3257
5309
1215
3267
1221
3270
1224
5321
3274
1226
3276
1232
1235
5332
5334
5335
1241
3292
3293
3295
1247
5346
1251
3300
1256
3307
1260
1263
1267
1268
5365
3320
5370
5372
3326
1281
5377
3329
3330
3331
3339
1292
5391
1298
1299
3348
5397
5398
5400
5401
1314
5411
1317
1318
1319
1320
3370
5421
5422
1326
1327
3376
1332
1334
5434
5436
3388
5438
5440
3394
3397
5447
1351
3400
3401
1355
5452
5453
3410
5458
3414
3415
5469
1374
1377
5474
3428
1382
1383
1384
5484
5488
5490
1395
5493
1398
5494
3448
5496
5498
5505
1412
3461
1421
3469
3471
1424
5523
1431
1433
1434
1436
1437
1441
5538
3493
5542
1446
5543
1452
5555
5558
3510
1463
5560
5561
3513
3514
5569
1473
3523
5574
5576
1481
3530
3531
3532
3539
1500
3549
3551
3554
3562
1519
3569
1521
3571
1527
1528
3577
1530
1532
3580
1533
1535
1537
3587
1540
3589
1543
1544
3593
3594
3595
1548
3597
1550
3599
1554
3607
3613
1569
1576
3626
1579
3627
3628
3629
1582
3633
1588
3638
3639
1594
1596
1599
3648
3653
1609
1614
3666
1619
3668
3670
3672
1626
3680
3682
3683
1636
1637
3692
1648
1649
3703
1656
1657
3707
1660
1662
1663
1664
3717
1671
3719
1672
1676
1680
3728
1683
3732
3738
1699
1700
3750
1703
3751
1707
1712
3763
1723
1724
3777
3786
1744
3792
3793
3795
3798
1757
1766
3818
1775
3826
1784
1792
3842
3848
1803
3854
3855
1810
1815
1816
1819
1823
3877
1829
1830
1834
3887
3890
3891
1844
3893
3894
1849
1851
3907
3908
1864
1865
3913
1867
3917
1870
1872
1873
3925
3927
1886
3951
1904
1907
1909
3958
1914
1915
3965
3970
3978
3980
3983
3984
3991
1946
3999
4001
1956
4004
4007
1960
4009
1961
4010
1963
4016
4017
1973
4029
4034
1987
4035
1989
1990
4039
1999
2002
2003
4051
2004
4052
4053
2007
4058
2011
4062
4063
2018
2020
2022
4073
2028
2033
2036
2037
2043
2046
2047
18
64
323
100
68
102
199
74
203
300
109
175
274
277
251
380
92
254
255
