953
4101
4103
2057
4107
4108
14
19
2067
2069
4118
4122
2075
27
28
2081
4130
4131
4133
39
40
41
45
4142
2095
4145
2100
4151
55
2104
4157
2114
70
4166
2122
2123
81
83
4184
4186
4188
2140
2141
96
4197
102
4203
2156
2159
113
2165
4217
122
2172
124
4225
129
135
2185
4234
2188
4236
141
145
2194
147
4244
153
154
157
2206
4262
2214
4264
2217
2220
2221
173
174
4272
2225
4276
4280
184
2234
4284
2239
2241
4290
4291
4293
197
4296
201
4298
2255
212
2261
2268
224
4320
2273
4321
226
227
229
235
2286
2288
2290
242
2292
2296
248
4345
249
4346
252
253
2303
2306
259
261
2310
4358
2311
2312
4366
270
273
274
276
2324
4374
280
2334
4383
2335
4396
303
307
4404
309
4411
316
2366
4417
322
327
333
4433
337
2386
4434
2387
4435
342
4440
2393
2395
352
2403
355
357
2409
2410
2411
4460
4461
4462
2414
2416
4465
2418
374
4470
2427
2428
4480
386
2435
2436
4485
4486
392
2443
2444
4494
400
2448
2449
2452
2453
4507
4510
420
4519
426
4523
428
2478
431
434
2484
437
2488
2491
2493
446
4544
2497
2499
2501
4550
4551
2505
4556
2509
461
4560
4561
465
4562
471
4567
2520
474
2523
476
4573
478
2529
4579
484
486
494
2543
496
504
2552
4601
4602
4603
512
4610
515
516
4612
4613
2568
4616
523
530
2579
532
4634
4637
543
2591
4641
4643
4649
4650
2604
558
562
4660
4662
4663
570
572
4671
2624
578
579
4675
582
4680
584
2633
2635
593
4691
2646
604
2652
605
2654
4704
608
609
2657
612
615
4714
623
2673
2674
4723
2676
630
4732
2692
645
646
4742
4743
4747
4750
4751
2704
4753
659
4756
663
665
4761
666
667
668
4766
676
679
4777
4778
4780
2734
4786
691
2741
695
2745
699
2748
707
708
710
2760
4809
2762
714
2768
2770
2772
2781
4830
2786
739
2789
741
2790
4839
2792
745
4844
751
753
2801
4849
2805
758
2809
761
2811
765
4863
772
2820
4870
4875
784
786
789
2838
4887
2845
798
2847
2848
4896
800
801
803
2851
805
806
2856
4913
819
821
4918
824
825
2877
2878
4926
2881
833
2883
836
2885
4934
840
4936
843
845
4947
856
859
861
2914
2916
2917
4966
872
4969
4970
874
875
4974
2927
4982
4983
2937
4987
2941
2942
4996
2949
2952
906
908
910
5007
5011
5013
5017
2970
5020
5022
928
5027
932
2980
5029
934
935
936
2984
938
2989
942
5038
5039
943
2994
947
2998
2999
953
955
963
5061
3023
980
5078
983
5080
3033
3035
5085
5087
3039
5089
5093
997
3045
3048
5097
1004
1010
3060
1012
5112
5115
1025
5125
1029
1031
3080
5130
3083
5132
3085
5136
3091
3092
5148
1055
1056
1057
3107
1067
3115
1071
5167
1073
1074
3124
1079
3129
5177
3130
3133
1086
5182
3134
1088
1089
3137
3139
1094
1095
5192
5194
1098
1100
3150
1102
5206
1111
3159
5207
1114
1115
5214
3167
5216
1121
5219
1124
1129
5227
1131
1132
3181
3183
1136
1137
5234
3187
3189
5241
5242
1147
3204
5253
5254
5257
5264
5265
5266
3219
5268
1174
1177
1178
1180
3229
5277
1182
5278
1183
5279
5280
3234
5282
5283
5287
5289
3241
3243
5291
1196
5294
1200
5299
3251
3252
5301
5303
3256
3257
1212
5309
5311
1215
3267
1220
1221
3270
1223
5320
1226
3274
5323
3276
5329
1234
1235
5334
5335
5337
3292
3293
1247
1251
1258
5355
1260
5356
1268
5365
5366
3320
5370
3322
5372
3326
3327
1279
1281
5377
3330
3331
1284
3340
1292
5391
3346
5396
3348
5397
5398
1303
5400
5401
3355
1307
1308
5406
3359
5410
1314
1315
1317
1319
1320
3372
1324
1326
1327
3376
3377
5425
1332
1333
1334
5436
3388
5439
5442
3394
3396
3397
3398
5447
3400
3401
3402
3403
5452
3405
5454
5456
1363
3414
3415
3418
5469
1375
3424
1377
3428
1382
1383
1384
1389
3438
1392
1394
3443
1395
1396
1398
5496
1401
3461
5513
5515
3468
3469
1421
5519
3471
1424
3472
3473
3477
1431
3480
1434
1436
1437
1441
1442
5540
1446
5542
5550
5555
1461
5560
1468
5566
5569
5572
5574
1480
5576
1481
5578
3530
1483
3532
3537
1492
1500
1501
3549
3551
3558
3559
3561
3562
1515
3563
1519
3569
3570
1527
1528
1530
3579
3580
1533
1536
3585
3587
1540
1541
1544
3593
3595
1550
1551
3599
3609
3611
3612
3613
1569
3624
3629
1582
3633
1588
1594
3643
1596
1599
3648
1610
3660
1614
3666
3676
1636
3692
1647
1656
1662
3711
3719
3722
1676
1677
3728
1684
3738
1691
1699
1700
1701
3749
3750
3751
1704
3752
1707
3758
3763
1715
3765
1720
1723
1724
3773
3777
3786
3787
1740
3792
3793
1757
1762
1763
3811
1767
1770
1775
1777
3826
1781
3832
1784
1789
3837
3838
1795
3843
3844
3848
1802
1803
3851
3855
1809
1810
1812
1816
1817
3868
1823
3872
3873
1828
3877
1830
3879
3882
1834
3890
1844
3893
3897
3901
1864
3913
3914
1870
1873
1874
3924
1879
3927
1883
1886
1895
3944
1896
1902
1904
3953
1907
1909
3958
1914
1915
3965
3971
1925
1926
3981
3983
3984
1938
3987
1941
3995
3997
3999
4001
4004
4005
1960
4009
1963
4016
4017
1975
1981
1982
4031
1984
4035
1990
4045
4047
1999
2004
4052
4055
4058
2011
2013
4062
2017
4066
2018
2022
4071
2028
2033
2036
4084
2037
4088
2040
2041
4091
2043
2045
2047
17
0
257
132
100
102
108
300
301
77
308
276
55
280
24
153
92
254
