920
4096
4098
2051
4103
4107
11
4110
2065
23
25
2075
27
28
2077
4126
2080
4131
4133
2087
2090
2091
4145
55
56
4159
2112
2113
67
71
2122
4177
2131
4181
2138
90
4187
2140
2142
95
4194
2147
2149
4197
4203
2157
110
112
2160
4208
118
2166
4216
2172
4220
2173
128
4225
2178
131
4227
4228
4236
142
4239
2193
4241
147
2197
4248
4249
166
2214
168
4264
2217
173
2222
4272
178
180
181
2234
2241
4290
195
4293
2250
2251
208
220
2268
2270
223
4321
226
4324
4331
2284
2286
2287
242
2290
244
2296
249
2302
4350
4351
256
2306
2309
4358
2313
4364
273
2322
4378
2333
2334
290
4387
4388
293
2342
296
297
2347
4397
303
2352
305
2355
313
316
4415
4417
322
327
4425
330
4428
333
4432
2385
4434
4435
4437
2394
347
2397
2399
353
2403
357
4459
2411
2414
2415
4463
4465
4468
2428
4477
4480
385
2435
2436
4486
390
2441
2443
398
4494
4496
4499
406
408
4504
410
4510
414
2465
418
420
4526
432
2484
2485
2488
2491
2493
446
452
2501
2504
456
2505
4556
2509
2513
2518
470
471
2520
474
476
4573
2526
4574
479
2527
2529
484
4580
4582
2536
4586
2540
494
498
499
4596
500
501
506
4603
508
2564
4613
4614
2568
2572
4620
530
2579
532
4632
4637
542
4641
2593
4642
2595
2597
549
4647
4648
4649
4650
556
4652
4660
2613
567
571
2619
4669
2622
4672
4673
578
4680
4681
2638
592
593
2641
594
2643
4692
4695
2649
2651
604
605
606
4702
4707
2660
2665
618
4714
2667
2672
4723
627
2677
4727
4728
634
4732
637
2690
4739
643
2692
647
4743
4747
2704
4756
661
2712
667
4765
2721
2724
2726
679
4777
2734
4782
2737
692
2741
4789
2742
695
2745
699
700
4800
2754
2755
708
2756
2757
710
713
4810
4811
2767
720
2768
721
4821
2773
4826
4828
733
2788
4838
2790
2792
745
746
4843
748
753
4849
4851
758
4856
761
4857
4859
765
4863
772
2822
2823
4872
2824
4874
4875
780
4884
790
4887
2842
798
2848
4897
803
2852
4904
2856
4906
2862
2863
4913
4921
825
4930
834
4931
838
4934
4937
2890
843
851
4949
2903
856
2904
4954
861
4957
4961
4963
2916
2921
874
2923
2927
879
881
2930
882
4978
4983
2937
889
4987
891
4990
5000
5003
2962
919
921
2969
2971
2974
5022
2977
2979
932
2980
934
942
5039
943
5044
2997
2999
5048
953
954
958
5056
3010
5058
962
5063
969
971
974
5072
5074
980
981
3029
5078
3030
3034
3035
5084
5085
990
3038
5087
994
3043
5091
3044
996
3046
3047
5103
1010
3060
3061
5111
5115
1019
3070
3071
1024
1028
1029
1031
5127
3084
5133
5136
3089
1042
5139
3091
3093
1050
5150
3102
1056
1057
5153
5158
1065
5162
5165
1069
3120
1073
1074
5171
1078
1079
3130
5180
1085
3133
1086
3134
5182
1088
1089
3139
3140
1093
5192
1096
1097
1098
5195
5204
5206
1111
5207
5210
1114
5211
5214
1118
5216
5217
1125
5226
1131
5227
1132
3181
1133
5232
1139
3187
5235
3189
5238
5239
1144
5243
1147
5248
5250
3204
3207
1160
3216
1168
3217
3218
3219
1174
1177
3225
3229
1182
1183
3240
3244
3245
1200
3252
1206
5303
5307
3260
5309
1217
1218
3267
3270
1224
5320
3273
5323
1235
5332
5334
1241
5338
3291
3292
3295
1248
1251
1255
1256
1260
1263
5359
1268
3322
5372
3325
3326
1279
1281
3330
3331
3333
5382
1286
5383
1290
3339
3340
1293
5391
5392
1299
5395
1303
5400
5401
3355
1308
1309
1310
1315
1317
5417
3372
5421
1326
3374
1332
3380
1333
5429
5431
3386
5436
3388
5438
5439
5440
3396
3397
5447
1351
3400
1352
5450
1355
5453
3405
5458
3411
1365
3414
3417
1370
3418
5467
5469
1374
3424
1377
1381
1382
5478
1383
1384
3434
5484
1389
5490
1396
1398
5494
3446
5496
3448
3451
3456
5505
3461
1415
5515
1424
3472
5524
1430
1433
1434
3482
1436
5536
1441
5538
1446
5543
3499
1452
5550
5553
3505
5555
3507
1460
1461
1463
5560
5561
3513
3514
1468
5566
5569
1475
5572
5574
3526
1478
5576
3530
3531
3533
3536
3537
3539
3544
3545
1500
3548
3549
3553
3562
1516
1519
3569
3571
3572
1524
1525
3573
1528
3577
1532
3580
1533
1536
1540
3590
1544
3593
1546
1551
1552
3609
1562
3613
1569
1571
3624
3626
3627
1582
3633
1587
1594
3643
1602
3651
1614
3666
1619
3668
3670
3672
3676
3677
3679
3680
3692
3693
1648
1649
3698
1651
1657
3707
1660
1662
1663
1664
3715
3717
3719
1672
3727
1680
1683
3738
1691
1692
3747
1699
1701
3750
3757
3758
3763
1718
3777
1729
3779
3785
3787
3789
1742
3793
3798
1757
3806
3810
3813
1766
1770
1774
1775
3826
1781
3830
3837
1792
3847
1799
3853
3854
1807
1810
1816
3865
3868
1823
3877
1829
1830
3878
3879
3890
1844
3901
3902
3908
3915
1867
3917
1873
1875
1876
3937
1890
1895
3950
3951
1903
3958
1910
1915
3965
1920
1927
3978
3980
1933
1934
3984
1943
3992
1948
4004
4007
1960
4009
4016
4018
4020
1973
4023
4029
1982
4034
4036
1990
1994
1998
1999
4051
2004
4052
4062
4063
2018
2020
2022
4073
2028
2033
4082
2036
2037
4086
2039
2043
4091
17
323
261
230
203
76
333
77
366
80
112
240
181
344
122
251
92
255
