933
4096
4101
4103
2058
4108
2070
2071
4121
25
27
29
4126
4127
4131
4133
38
39
4137
43
45
4142
4145
55
2103
66
2114
2115
67
70
4167
2119
2122
2124
83
4184
88
89
4186
4188
2141
4198
2158
113
115
2166
119
122
125
2176
129
4225
2177
4228
4236
4237
4239
4241
145
147
151
4248
153
4251
158
159
2208
2214
4262
168
4264
2217
2220
2231
184
2234
4284
195
4291
4293
2249
2250
4298
205
2255
209
4309
2265
218
2268
222
4320
224
2273
4321
226
2278
235
237
2290
242
4339
2296
253
4349
4350
256
2306
4358
2311
4360
4364
2318
270
273
2322
4371
2324
2326
279
2333
2334
2335
2341
2342
295
2345
4394
2347
4397
303
304
2355
4403
4409
2361
316
2366
4415
4417
324
327
4430
4431
4432
2384
2386
2387
2388
342
2391
344
4443
2399
352
2402
2403
355
357
4454
2406
4459
2411
4460
2413
2414
368
4465
4466
372
379
4476
4478
383
2432
4480
2433
2435
4484
2436
389
4485
4497
2449
4499
4502
413
2462
420
4517
4519
430
433
2484
437
2491
2493
4547
4549
4551
457
4554
4556
2509
461
4562
2520
474
476
478
479
2528
2529
482
4582
2541
493
2543
499
501
4599
504
4600
4602
2556
4608
4610
4612
516
4613
4615
4616
2568
523
2572
4622
2575
530
2579
4627
531
4628
2584
536
537
4637
541
4638
542
2591
543
2592
2593
4641
545
4643
4649
554
4650
2605
4653
559
2608
4660
2613
4662
2614
572
2621
2622
4673
580
582
4680
4681
4683
589
593
4691
4692
4693
4694
4699
603
2651
605
4701
611
2665
4714
4715
2667
622
623
2671
627
2676
2677
635
4732
4736
2689
2692
4741
4742
4743
2698
4747
4751
4753
659
4756
2712
666
2714
2715
4764
668
673
674
2723
675
2724
4777
2732
2734
691
694
695
4792
4795
699
700
702
2750
4801
4803
707
4809
4810
2762
4811
2767
4815
721
4818
4819
725
2776
730
2781
4830
2784
2790
744
2792
748
2801
758
2808
4860
765
4863
2818
771
2820
772
2821
775
2823
778
4874
4875
2828
783
2834
786
788
4886
4887
2841
797
2846
798
4896
2848
2851
804
805
2855
807
808
2856
2857
2858
2859
2861
813
2863
2864
4914
824
825
4921
2873
2878
4926
4927
4928
834
2883
4933
2885
4934
2888
4937
843
845
2895
4946
2901
856
2908
861
864
865
2914
2917
4966
4967
872
4970
874
875
4973
4975
2927
2930
4980
4981
4982
890
4987
891
2943
4993
2950
2953
906
5003
5004
5007
914
917
5017
5018
5019
5022
2978
5026
2979
5027
2980
932
933
5031
935
5032
2984
5035
2988
2989
942
943
5039
944
947
952
3005
959
5056
3011
3013
5064
971
5069
975
5074
980
3029
5077
5078
982
984
5081
5083
3035
5086
5087
993
3042
5093
5094
3048
3050
3054
5102
3055
5103
1010
5106
1014
1015
5112
3070
1023
5120
1024
1025
1029
5125
1031
3080
5131
5136
3090
5139
3092
3093
3100
1056
1059
3107
1060
3113
1065
5165
1069
3118
5166
1071
5168
3127
1079
3130
1085
3133
1086
3134
5182
3139
3142
5192
1097
5193
5194
5197
5198
1102
3155
5206
5207
1111
5216
5219
3174
5225
3181
3182
1134
1136
1139
5237
3189
1143
1144
1147
5249
5252
3204
3205
1160
1162
5259
5261
1166
5265
5266
3222
3228
1180
5277
1182
5279
1183
3234
5287
3241
3244
1196
1200
3252
5301
1207
5303
3256
3257
3259
5307
3260
5309
3262
1215
5311
5314
1221
3270
1224
5320
1226
5323
3276
3279
1235
5332
5334
1243
3292
3295
1247
1251
3300
3301
3302
5353
1260
5356
5357
1268
5369
3323
5372
1281
5377
1284
5382
1289
5385
3340
1292
5389
3342
5391
3348
3350
5398
1302
3351
3355
1307
1308
1310
3358
3359
5408
3365
5416
3369
3370
3372
3376
5425
1333
5429
3388
5436
5438
5441
5442
3394
3396
3397
3399
5447
3402
5453
5456
5458
1362
3410
1364
3418
3419
3420
1374
1375
3424
5477
1383
1384
1385
5483
1389
5485
3439
1396
1398
5494
5496
3452
5500
3455
5505
1409
3458
5506
1413
1415
3464
3465
5515
3468
5519
1424
3472
3474
3477
3478
5528
3480
1434
1436
5534
5538
5540
1446
1447
5546
1452
1453
1458
5555
1461
1463
3512
5560
5564
1468
1469
5566
1472
5569
3523
5572
5577
5578
3539
1492
3541
1496
3545
1497
3549
3551
3559
3566
1533
3581
3582
1536
3585
1540
1544
3593
3595
1548
1550
1551
3599
1553
1558
3606
3609
1562
1563
3614
3624
1578
3629
1582
3633
1594
3643
3644
1596
3650
1604
1610
3660
3666
1620
3670
3677
3680
1644
1647
1648
3698
1656
3705
1657
3711
1664
3719
1672
1674
3722
1680
3730
1683
3738
1691
3749
3750
1703
3751
1707
3757
3758
1717
3765
1720
1721
1722
1725
3773
1728
3787
3791
3792
1744
3796
1757
1758
1764
1766
1767
1770
1775
3828
1781
1784
3834
1786
3838
3841
3845
1803
3854
1810
3860
3865
3868
1823
3873
1840
3901
1857
3908
1860
1864
3914
1870
3919
1874
3926
3934
1889
3941
3944
1902
3951
1904
1905
1909
3965
1920
3977
1931
3980
1934
3984
3985
1939
3987
3997
3998
1951
4001
1955
1958
1961
1963
4016
1972
4027
1981
1982
1984
1990
4041
2001
4052
4056
2014
4063
2017
4067
2023
4072
4073
2028
2031
2033
4082
2036
2037
2039
2043
4091
2044
2045
4095
2047
18
161
2
132
324
229
327
203
77
334
401
210
83
404
55
57
121
316
254
