949
2052
2057
12
4108
14
2066
19
4118
4121
2075
27
4125
2080
33
4131
4133
2085
4135
40
2092
4140
45
2094
4145
55
2103
4158
2112
67
2122
2123
75
81
4188
4189
95
96
4196
2149
102
4200
4203
2156
2158
4206
2159
2165
4217
4218
128
129
4225
2179
4231
2185
4233
2188
4236
141
2189
142
145
147
4244
4245
4248
2201
153
154
2206
4254
166
4262
2217
2222
174
4272
2225
178
4275
180
2234
187
193
195
4293
201
204
211
212
4312
2270
223
4320
4321
226
229
2279
2284
2285
4335
2288
241
2290
2296
248
249
250
4346
252
2300
4350
2302
4351
2306
4354
2309
261
4357
4358
2312
2313
4363
270
273
4369
274
275
276
280
284
2334
4383
293
4392
4393
2347
301
303
2351
307
4407
316
4412
4415
2370
2374
327
4425
4431
4432
4433
2387
2392
2393
2395
2396
352
357
2409
2410
4458
4461
4462
2414
4463
2418
4466
4470
4472
2427
4480
2435
2436
389
390
4486
394
2443
397
2445
398
400
4496
2452
4507
414
418
420
4519
426
4523
431
4533
2485
440
4536
2491
2493
446
4544
448
2497
2501
457
4554
4556
2508
2509
4562
469
2523
476
4573
4574
479
2528
2529
4579
484
2536
490
494
2542
2543
497
2546
499
500
4596
4601
4609
515
2563
2564
4615
520
522
4622
2577
530
532
534
4634
2588
4637
2592
544
4641
4643
4647
4648
4649
4650
554
2604
557
558
2612
4662
4663
4668
2621
4671
2624
4672
578
579
2628
2631
4680
4681
2635
2641
593
2643
4692
4693
4697
4699
603
4702
4704
609
4707
612
615
4714
2667
4723
629
2677
630
2681
4732
637
2686
638
2687
2690
4738
4745
4747
2702
4751
4753
4756
2709
662
666
2714
674
2723
2724
2727
4777
4780
2734
4783
687
688
2737
2739
4789
2742
695
2745
699
2748
702
4800
704
4801
707
4803
708
2756
2758
4806
2760
2762
4813
2770
4818
723
734
736
4834
4837
741
4838
2792
4840
745
4843
751
753
758
760
2809
2811
765
4863
767
4866
771
772
2820
2821
773
4869
4870
2824
2829
786
789
4887
4890
4892
798
2847
2848
801
803
804
2856
2863
4913
821
4918
825
827
2878
4928
4934
4936
841
843
4944
2896
4946
4947
4949
2901
856
4954
859
861
4963
4965
4967
4969
874
4970
875
4974
2927
2929
4982
4984
4987
2941
2945
4996
2949
903
5000
2953
906
908
910
2960
914
5011
5013
2965
919
5022
927
2975
928
930
2980
5029
5031
938
5035
942
5039
943
5041
950
2998
2999
5048
957
5054
959
3008
5061
5065
5068
3023
5074
980
3033
3034
3035
5087
5089
3043
997
5094
998
3048
5097
3051
5103
5104
1010
5106
3060
1012
3064
5115
3067
1023
5121
3073
5125
1031
3082
3083
5132
5136
3089
3091
3093
3100
5148
3102
1055
1056
1058
3107
5157
1062
1065
5165
1071
1073
1074
5170
1079
3129
5177
3130
3131
5179
3132
5180
1085
3133
1086
3134
5182
1088
1089
3139
5188
1094
5192
5194
1098
1100
3150
3151
1106
1108
5206
5207
1111
3160
1114
1115
3165
5214
3167
5216
1121
1124
3172
1127
5227
3181
1133
3182
3183
1136
1137
5235
1139
5237
1143
5241
3195
1147
3198
3199
5248
5250
3204
5252
5254
1160
5257
5261
5264
1168
3217
5266
3219
5268
1178
3229
1182
5278
3231
1183
5280
3234
3239
1192
5289
3243
5294
5295
1199
1200
5297
3252
5303
1207
5307
3263
3267
1221
3270
5320
3273
1226
1231
5327
5328
5329
1234
1235
5337
1241
3295
5343
1247
1251
5355
1260
5359
3313
1268
5366
5367
3322
3327
1281
5377
1284
5382
5387
3340
5388
5389
1293
5391
5396
5398
1303
3355
1307
1308
3358
1310
1314
1315
1317
1319
1324
1326
1327
1332
1333
5429
3382
5431
5436
5439
5440
5441
1348
3396
3397
5447
3400
1355
3403
5452
3404
5454
1362
1363
5459
3412
3413
5463
3417
3418
1376
3424
1377
1382
1383
5479
3432
3438
1392
3443
1396
1398
5495
5496
1401
3450
5501
5503
3456
5513
1418
5515
1424
3472
5523
5524
3477
1430
1432
1433
1434
1436
1437
1440
1442
3493
3499
1452
5550
5555
1461
5560
5561
1468
5566
1471
3523
5572
1477
1481
5578
3532
3533
3535
3536
3539
1493
3545
1500
3561
1514
1515
3563
3564
1517
3571
1524
3577
1530
1532
1533
1536
1540
1543
3593
3595
1548
1550
3599
1554
3609
3611
3612
3618
3624
3626
1580
1582
1583
3633
1587
3638
3639
3643
1599
1602
3660
1612
1614
3666
1619
3668
1620
3672
3676
3677
3679
3680
1633
3691
1643
1653
1656
1657
3707
1660
3711
1664
1665
3715
3719
1680
3730
1683
1684
3738
1691
1697
1701
3750
1703
1704
3752
1707
3757
3758
1712
3761
3763
1716
3765
3777
3787
3788
3792
1751
3811
1767
3815
1770
1775
1777
3826
1781
3830
3832
3836
3837
1795
3844
1797
3847
1799
3848
1802
3851
1810
3859
1812
3860
3861
3862
1816
1817
3868
1821
1823
3873
1828
3877
3879
3882
1840
3889
3890
1843
3894
1847
3897
1851
3899
1856
3904
3907
1859
3908
3910
1865
1867
1870
3919
3920
1873
3921
1874
1875
3924
1882
1883
3933
1886
3944
1900
1909
3959
3961
3965
1920
1925
1926
3981
3984
1941
3995
4000
4005
1961
1963
1964
4016
4017
4023
1981
1982
1984
4034
4035
1990
4041
4047
2004
4053
4058
2011
4060
4061
2017
4066
2019
2020
2022
4071
2023
4075
2028
2031
2033
4082
2037
4086
2040
4088
2041
2043
4091
18
257
386
134
108
204
301
77
14
143
240
51
280
248
408
153
121
251
380
