961
3
2057
2058
4107
4108
12
4109
14
2066
2067
4118
2070
2075
4124
4130
4131
4133
2085
40
2089
2092
45
48
49
4145
2100
2103
4151
55
60
4158
67
2116
2118
73
75
4178
82
2134
2135
89
4188
4189
95
4196
2149
4197
102
2152
115
4217
4223
128
2177
4225
2181
2189
142
145
147
149
4245
4246
153
2204
2206
4254
159
4261
2214
166
4262
168
2217
173
2221
4272
178
4275
2230
2231
2232
4280
2234
187
4289
4290
195
2244
4293
4296
211
212
4310
4316
2271
4320
4321
226
4322
4323
2284
2285
2286
4335
4336
2290
4339
2296
250
252
253
2302
2306
4354
4357
4358
270
4366
273
2322
4372
276
2326
4376
4379
2332
284
288
289
2341
295
296
4392
4394
2347
303
304
306
2355
4403
309
4407
4408
2361
4411
316
4415
2369
324
4420
327
4425
333
4430
4431
4432
2386
4434
343
2393
2395
2398
4447
352
2403
2410
2411
365
2413
367
4466
2418
374
4472
2428
381
2432
4481
2433
386
2436
4486
4487
2440
398
2447
4496
402
2452
4502
408
414
420
4519
424
426
428
2478
433
2482
2484
2485
4533
2487
4537
2491
4544
2496
2499
4549
4550
2503
4551
457
4554
2508
463
2513
4562
467
469
4568
4573
4574
479
2528
2530
4579
484
2542
4590
494
499
4596
500
504
4603
2556
512
4609
515
2567
4615
4617
4622
2577
2584
536
4634
2588
4639
2592
545
4641
549
551
4648
4649
4650
554
2604
559
4660
2612
2613
2614
4664
568
4665
570
572
4668
2621
2624
4672
578
2631
2632
4681
589
2641
593
4690
2643
4691
4692
4693
4699
603
605
2654
609
611
614
4715
2667
4719
2671
2674
4723
2676
2677
629
2681
634
2683
4732
636
2686
4736
2690
2692
645
4745
2698
4747
2704
4755
662
663
666
2714
669
672
673
2722
674
675
2723
2724
2734
4784
4786
2740
2741
2742
695
2745
702
2752
4801
707
2755
4803
2756
708
2758
4806
2767
4815
719
2768
4819
723
2772
725
727
2776
736
4837
2790
4838
4839
744
4843
2798
751
753
2801
758
4856
760
4863
772
2820
2821
4870
774
4875
2829
786
2836
4885
4889
2844
798
4896
801
803
804
808
2856
2858
815
2863
4914
2868
2870
827
4925
2878
4928
833
834
2883
843
4944
850
2901
4949
2902
856
4954
861
2910
2916
4965
4967
4969
874
4970
879
2927
2932
2933
4982
4983
2936
4987
4988
4993
4996
903
5000
5001
2953
5004
2960
914
5011
5013
5019
927
928
2980
933
934
5031
938
5035
940
2989
942
5039
5041
946
947
2997
950
952
955
3005
5054
959
5056
963
5061
3015
5064
3017
975
5072
3025
5076
3029
5078
3030
984
5080
5081
3034
3035
5085
5087
993
3043
5094
998
3048
1002
5099
3054
5103
1009
1010
3060
1014
5115
1021
1023
3073
1031
3085
1039
3091
5139
3093
5141
1047
3100
5148
5151
1056
1057
5153
1059
3107
5157
1065
5164
5165
1069
1071
1073
1074
1079
5175
3132
1085
1086
3134
5182
1088
1089
3139
5192
3145
1098
3151
1105
1111
3160
1117
1118
5214
3167
1121
5219
1123
1124
3174
5223
5227
3179
3181
1134
1136
1139
5237
1143
5240
3198
5248
5250
3204
5252
3205
5254
1160
1162
5259
5261
1166
1168
3217
5266
3219
5273
1177
1180
3229
1182
5278
3234
5283
5286
5289
1194
1196
1200
5299
5302
5303
3258
5307
5309
3261
3265
3267
1221
3273
1226
3274
3282
1235
1236
5334
1239
1241
3292
1244
5343
3295
1251
3300
3302
1260
3313
1267
1268
3316
3322
3326
3327
1281
5377
3330
3331
1284
5381
5382
5384
1288
1292
3342
5391
3343
5396
5398
3351
1303
5400
1308
1309
1310
3358
5406
3359
3360
5408
1312
1314
5410
1315
1317
1319
3369
5419
3372
3374
1326
1327
1332
5429
5436
3389
5440
5441
5444
3397
5445
1350
5447
3400
1355
3403
3405
5453
5454
3410
1362
1364
5461
3414
3419
1376
1377
1378
1382
1383
5485
3439
3442
3443
1397
1398
5496
3450
3452
5501
1407
1409
3461
3468
1424
5523
3477
5525
3478
3480
1433
1434
3482
3483
1436
1437
1439
1441
3493
1452
5555
1462
5560
5561
5566
1471
5569
5571
3523
1476
1477
5574
5576
3530
1483
3532
1488
1491
3539
1500
1502
3556
1513
1514
3562
1519
3569
3571
1524
3572
1528
3577
1530
1532
3580
1533
3581
1540
1543
3593
3595
1548
1550
1551
3599
1554
1557
3606
3607
1563
3611
3612
1565
3614
3615
1569
1570
3621
1574
1575
3626
1581
1582
3633
1587
3638
3639
1599
3660
1614
3666
1619
3668
1620
3672
3677
3679
3680
3682
1635
1640
1643
3692
1653
1656
3705
1658
3706
3707
1660
1661
1662
1664
1665
3715
3716
3719
3722
3730
1683
1688
3738
1691
1701
1703
3752
1706
1707
1708
3757
3759
1712
3763
1717
3765
1721
1722
3777
3778
1739
3787
3788
3791
3792
1744
3793
3797
1763
1766
3815
1775
3824
3826
1779
1781
3832
3837
3838
3841
1795
1797
1799
1804
1805
3856
1809
1810
3859
1812
3861
1816
3865
1823
1828
3877
1834
3882
1840
3890
1843
3894
1847
1850
3899
1851
3901
1856
1857
1859
3907
3908
1865
1867
3919
1871
3920
1873
1879
1886
3934
3935
3941
1895
3953
1909
3958
1913
3961
1914
1915
3965
1920
1925
3984
1937
3988
1941
3997
1953
4004
4009
1962
1963
4016
1972
1975
4029
1984
4034
4035
1990
4041
4045
1999
4052
2004
4053
4058
2011
4060
4062
4063
2017
2019
4067
2020
2022
4071
2028
2030
2033
4082
2036
4084
2037
4086
4087
2043
2044
2045
20
327
331
143
208
401
276
85
342
407
247
248
120
121
153
154
251
59
315
380
92
