931
2049
2
2052
4101
6
4104
2057
2058
4106
15
2065
2070
23
24
2073
25
27
2075
4126
2078
2079
2081
4130
4131
4132
36
38
4135
40
41
2090
44
45
4142
2095
4145
2100
2103
55
56
58
4154
2112
2115
67
2122
2128
4177
2131
4185
90
2140
94
2143
95
96
4193
98
2147
4197
2149
102
4200
107
4206
113
115
120
4220
124
2172
128
129
4227
4231
135
4234
4236
142
147
148
2201
4251
157
159
4258
2211
4261
2214
166
168
2220
4272
178
4275
4276
2229
182
2231
184
4281
2234
4282
2239
193
195
201
2255
213
4309
215
2265
2268
2269
223
4320
2272
4321
4324
2280
232
2284
241
242
2290
4338
2296
248
249
253
2302
2306
4354
2307
259
4358
2312
2313
2318
4369
273
274
2326
4378
2334
4385
2342
4394
2348
4396
2350
4398
303
2352
2355
2356
309
4408
2361
316
2366
4415
2372
327
2375
4425
4431
4432
2384
336
2386
4438
342
344
2393
2394
4443
2396
2397
2399
352
2401
2403
357
4453
2407
4458
2410
364
4460
2413
4462
2414
4465
372
2422
374
2423
4472
377
379
2428
4478
382
383
4480
2432
385
2433
386
2435
4486
4488
394
2443
2444
2445
4494
398
4496
408
4509
414
420
4519
2474
426
429
430
431
2482
2484
2485
2488
2491
2493
446
452
4549
456
457
4554
2506
4556
2508
2509
465
466
4563
467
2515
4567
2523
476
2524
4573
479
2529
484
2538
4588
493
2543
496
4596
504
4600
506
4605
2557
4615
2568
522
523
2572
4623
530
2579
4628
534
2584
537
2587
4638
2592
4643
2597
4648
4649
4650
554
4651
2605
559
2608
569
570
572
2621
4672
4673
578
2626
580
2630
4679
4680
2633
4683
587
2635
2640
4688
593
2641
4689
2643
4694
601
2649
603
4699
4704
608
4705
609
2657
4711
2665
4714
4715
4716
4719
626
2674
627
4723
4724
628
2676
2677
632
4732
4738
2690
4739
2692
4743
4747
2700
4748
4750
654
4753
4756
660
2712
2714
666
2715
667
4767
673
2726
679
4777
2734
4783
688
694
2742
695
699
2753
2754
4803
710
717
4814
719
2767
4815
4821
725
2776
729
4830
735
2784
741
4838
2790
4840
2792
744
4843
4844
2801
4849
4851
2808
4859
2812
765
4863
772
2820
4869
2821
4872
778
4875
780
782
2834
786
4883
2845
797
2848
803
2853
2855
2858
2859
2864
4913
4914
819
821
2869
825
2875
837
840
2891
2892
2894
2901
856
4952
4954
861
864
2915
4969
874
4970
875
2927
879
4982
4984
889
4987
4992
901
2950
4999
5000
2953
906
2964
917
5014
918
921
5022
2974
2980
933
5031
2984
5032
5033
5035
942
5039
946
5044
2999
952
3003
957
3005
959
5056
3011
3013
5063
975
5072
3027
980
3030
5078
984
3034
3037
5087
992
5089
3042
3043
996
3044
5093
5094
3048
1004
3054
1007
5104
5106
1010
3060
3062
5111
1015
3066
5115
1019
1023
5121
1031
1033
3082
1039
5136
3091
3093
3094
3100
1056
5153
1058
1059
1060
1062
3111
1065
5165
1069
1070
1071
1074
1079
3130
5179
3131
5180
3133
1085
1086
5182
1088
1089
3139
3140
1096
1098
3148
5197
1101
3150
1104
3155
1108
5206
5207
1111
1114
5210
5214
5216
1125
1128
5225
1131
5227
3181
3182
1137
5235
5239
1144
3192
5242
1147
3199
5248
5250
3204
3205
1160
1162
3210
5259
5263
5264
3217
5266
1174
5270
1175
1177
3228
1182
5279
1183
1186
3234
5283
1192
3241
5291
5294
1200
3252
5301
5303
3259
5308
5309
5315
1221
3270
5320
3272
3275
5327
1232
1235
5334
1241
3289
1242
3292
5343
1251
3300
3301
1256
3307
1260
5357
3310
1263
1266
1268
5365
1273
5371
3326
1281
3329
3340
1292
3342
5391
5393
1298
3348
5397
5398
3350
5401
3355
5404
3358
1310
5410
1314
3363
5411
1317
1321
3369
5420
3372
1326
3375
1327
3376
1333
3382
5436
3388
3389
5440
5441
3394
3396
3397
3399
5447
1355
5452
5454
3408
3410
1364
1365
3414
1367
5465
3418
3424
1377
5474
3430
1382
1383
1384
1385
5484
5487
3443
5491
1396
5494
1399
5496
5498
3452
3461
1413
5515
3468
3469
3471
1424
3472
3477
1431
3481
1433
1434
1440
1452
1453
1458
5555
5557
3510
1462
3513
5561
3514
5563
1468
5566
3523
5572
5575
1481
1482
3532
3539
3541
1497
3548
1503
3553
3554
1510
3559
1518
1519
3571
1524
3577
1530
1532
1533
3582
1536
1537
1540
3594
1548
1550
1558
1560
3609
1562
3613
3614
1569
3624
3626
3627
3628
1583
3633
1594
3643
3644
3646
1604
1607
1609
3661
1614
3664
3666
1619
1620
3668
3672
3680
3681
3683
1636
1649
3697
3698
3705
1657
3707
1660
3711
1664
1667
3719
1671
3722
1676
1680
3730
1683
1688
3738
1693
1697
3746
1699
1700
1701
3751
1703
3758
1712
1714
1717
1720
1725
1728
3778
3784
3791
3792
1753
1766
3814
1770
1771
1772
1775
3826
3834
1803
3852
1810
3859
3861
1816
3868
1823
3877
1834
1840
3889
3890
1844
1847
3897
1851
3901
3904
1857
3908
3911
3913
1867
3917
1870
3919
3927
1882
1886
3941
1904
1907
3957
1913
3984
1939
1951
1955
4004
1957
1961
1963
4016
4017
4029
1984
4034
1988
4053
2005
2007
4058
2012
4061
2014
4063
2017
4067
2020
4070
2022
2023
2031
2033
2036
2037
2039
4091
2043
18
323
227
68
357
229
327
11
44
300
77
302
307
277
149
408
57
251
29
