918
4098
3
4101
4103
2065
4113
18
4118
2071
23
25
2075
4126
2078
4127
4130
4131
2085
4133
39
2090
4140
2094
48
4145
55
56
4153
63
2112
67
2117
4166
2118
71
2121
2122
75
4172
4177
2129
2130
2131
83
4181
89
90
2140
4188
4189
4192
97
98
2147
102
4208
115
2165
2166
2168
122
4218
124
125
2173
4223
4225
4228
136
2185
4236
4239
4241
2194
153
2204
2206
4254
2208
2214
4262
168
4265
2217
2220
4272
2225
178
4275
4276
2230
2232
2234
187
2239
2242
2250
204
208
210
211
2261
217
2268
4316
223
2272
4320
4321
226
4324
229
2277
2287
4335
2290
4338
242
246
2296
249
252
4348
2302
256
2306
260
4357
4358
2313
4364
270
4369
273
2322
4376
4378
2333
2334
2335
289
290
2342
4394
4398
303
2352
2355
4407
313
4412
316
317
4415
4417
2372
2375
327
4431
4433
2386
4434
4437
4440
2394
347
2397
352
354
2403
2406
360
2410
2411
4459
367
4465
2418
4466
4468
2422
4476
2428
385
2440
2443
2445
4499
2452
404
2453
4501
409
410
414
2462
416
420
4519
426
2483
2484
2487
2488
2491
2492
446
452
4551
456
2505
457
4554
2508
4561
4562
4563
470
2523
476
4573
2528
2530
4579
4580
4582
4585
4586
2542
4590
2543
496
2546
4595
500
501
4598
4599
504
2552
506
508
511
4609
4610
4613
4615
2567
2568
4617
2572
4622
2579
532
536
538
4637
542
543
544
2592
4643
549
4645
2597
4650
554
2607
562
4660
4662
572
4669
2621
2622
578
4675
582
2631
589
4685
593
4693
4697
2649
4699
603
2651
2652
4701
605
4704
609
4707
611
4712
4713
619
2672
2673
2676
2677
629
2678
4728
2683
4732
2686
2689
2690
4739
2692
4741
646
4743
647
4745
4747
4750
4751
4753
662
2714
667
2721
674
2723
2724
2726
679
2727
4783
2737
2739
695
2743
2745
4795
700
702
704
4801
2754
2755
4803
2757
2758
710
4810
4811
2764
4813
2767
721
4821
2773
732
735
2790
745
748
753
2801
4851
2805
761
4859
2812
771
772
2821
4870
2823
4872
2824
777
4874
4875
780
783
784
786
788
4884
4886
2838
4887
2841
2842
4892
2845
800
801
803
804
807
2857
4906
810
2862
2863
4913
2867
825
2873
4921
2874
827
2878
4928
4930
4935
4937
845
2896
4946
4947
2901
4949
856
2908
861
2910
2914
4967
4969
2921
4970
2927
879
2930
883
2932
2933
4982
889
4987
891
4993
4995
4996
903
2953
907
911
2960
914
921
2969
2970
5022
2974
927
2975
2978
5026
2979
932
5031
5032
5035
2988
940
941
5038
5039
943
947
5044
950
2999
959
962
967
5063
3015
5064
971
5068
3021
5078
5085
5086
3039
994
995
996
3044
3045
5093
1001
1010
1014
5111
5114
5115
1019
3067
3070
1024
3074
5125
1031
3084
3090
5139
3091
3093
3100
5153
3107
3108
1065
1069
5165
5166
5167
1074
5171
5175
5180
1086
3134
5182
1089
1096
5192
3144
5193
1097
5194
1098
3151
3158
1111
5207
3160
5210
3167
5215
5217
5219
3172
1124
1125
5222
1127
5223
5226
5227
1132
3181
3185
1139
3189
5238
3193
5242
5248
3200
3204
5253
1160
1167
3219
5267
1174
3223
1177
1180
3229
1182
3234
3240
5291
3244
1200
1201
5298
3251
3254
5303
1207
1208
3256
5307
3260
5309
3263
5311
1217
1218
1221
1224
1226
3274
3279
1235
5332
5334
5335
1241
3289
3292
5343
3295
1251
3302
1256
1260
1263
3313
1266
1268
3316
5365
3320
3322
5370
3324
5372
3325
3327
1281
3329
5377
3330
3331
1284
3333
5381
5382
5385
3338
1290
3339
1292
5389
1293
5391
1295
5392
1299
5395
3350
5400
5401
3358
1310
1315
1317
3365
1318
1319
5417
3370
3372
5421
3374
1326
3377
3380
1332
1334
3384
5435
3388
5436
3389
1341
5438
5440
5441
3394
3397
3400
1352
5453
3405
5457
3410
1362
5458
3413
5461
3414
3415
1370
3419
5468
5469
1374
1377
3428
5477
1382
5479
1384
5484
1389
5485
5491
5494
5496
3451
5500
5505
1415
1421
1424
3477
3480
1432
1434
3482
1436
1437
5534
1440
5538
3490
5542
5546
5553
5555
5556
3510
1463
5560
3513
1469
5566
5569
3523
1475
3526
5574
1478
5578
3532
1486
3537
3539
1491
1493
1496
3544
1500
3548
3549
3553
1507
1513
1514
3563
3566
1519
1524
3572
1527
1533
3581
1535
1540
1544
1546
3595
1550
3599
1552
3602
1560
1564
1569
3618
1571
1575
3627
3629
1581
1582
3633
1587
3638
3639
1594
1598
1599
3650
3660
1614
3666
1619
1620
3670
3674
3676
3677
1633
1635
3684
1636
3693
1648
1653
1656
1657
1665
1671
1672
1673
3726
3727
1680
3728
3730
3738
1691
1692
1699
1700
1701
3759
3763
1718
1723
3777
3786
3788
1741
3791
3792
1753
1756
3810
1766
1769
1775
1778
1786
3838
3839
1797
3847
3854
3859
3861
1816
3865
1823
1840
3890
1843
3891
1864
3917
1870
3919
3920
1882
1886
1890
3939
3944
3948
3951
3954
1909
3962
3963
3965
3969
1927
3980
3983
3984
3985
3992
3999
1953
1959
1960
1961
1964
1966
4016
4020
4029
1981
1984
4034
4035
4037
1990
1994
4045
4046
1998
4051
4055
4058
4060
4066
4067
2019
4072
4073
2025
2028
2029
2030
2031
2036
4086
4087
2043
2044
2046
16
161
386
323
100
198
230
203
76
114
178
181
85
248
121
26
350
