951
2
4101
2053
4103
2057
4106
4108
12
14
4112
2066
2067
2071
24
27
29
4126
2081
4130
4131
36
4133
39
40
4137
4142
2095
4145
2100
55
4151
2103
61
4158
4160
66
67
4166
2119
71
72
2121
2122
2123
2124
4174
83
4186
2143
96
4193
98
102
107
4203
2157
4208
112
118
119
124
2172
2173
2176
131
2185
4236
2193
2194
147
151
2203
2204
2206
4258
2211
4261
2214
4264
168
2217
4265
2220
2221
2223
178
4274
4276
181
4280
2234
188
4284
2239
193
195
4291
2244
4293
4296
2249
4298
205
2254
209
213
2261
218
220
222
223
4319
4320
2272
4321
226
229
2278
2282
237
2286
4336
241
4338
242
2291
245
4344
249
4350
2306
4354
259
4358
262
267
4366
270
2322
274
4378
2334
2335
288
295
4392
4394
2347
4396
4397
4398
303
305
2354
307
309
4409
316
2366
4414
4417
326
327
4428
4430
4431
4432
2385
2386
4434
341
4440
2395
352
2401
353
354
2403
4453
357
4454
4455
2410
2411
2414
368
4466
4468
374
2424
4473
2428
2429
382
4480
387
2435
2436
2442
2443
2445
4494
2449
2452
2453
409
4510
2465
420
2469
423
2474
426
2478
4526
433
2484
4533
437
4535
2488
2493
4544
2496
2499
4547
4550
4551
457
2505
4554
4556
2509
462
465
4561
4562
2518
4567
2520
4574
2528
2529
482
4580
2541
496
499
4598
504
2552
2556
2557
512
4610
515
4611
4613
4615
4616
4620
4622
4623
530
2579
531
4627
4632
2588
541
2591
543
2592
545
4641
4643
549
553
4649
4650
4651
556
4652
2606
2607
562
2614
570
571
4668
572
2621
4675
2628
582
4680
2633
4681
587
590
593
4691
4692
4693
603
4699
2652
605
606
608
4704
2657
609
4713
4714
2667
619
621
4719
2673
2674
2676
2679
2681
635
4732
2686
2692
645
646
4750
4751
4753
659
4756
663
2714
667
668
4767
674
675
2723
2724
4777
2732
2734
4783
4786
692
2741
695
4792
2745
699
2750
702
704
4801
4803
2755
707
710
712
714
4814
2767
719
720
2769
4818
2772
2773
2776
728
730
4826
2781
4830
735
4839
2792
753
2801
2805
760
2808
761
4859
765
4862
4863
771
772
2821
4869
777
4874
4875
779
2828
2829
783
784
786
4884
2838
2845
2846
2848
800
801
802
2851
804
808
4904
2856
2861
2863
819
821
4918
824
825
827
4927
4928
833
4930
2883
4934
840
843
2892
845
2895
4946
4949
2901
2903
856
861
2910
865
2914
4965
4967
4969
874
4970
875
4973
2926
2927
881
4981
4982
889
890
4987
4995
4996
2953
5003
2956
5004
914
5014
5017
2969
2970
2971
2975
2977
933
5029
934
5031
2984
5032
5033
5035
2988
2989
5038
942
5039
5042
947
955
957
958
5056
962
963
967
5074
980
5077
3029
5080
3033
3035
3037
3039
992
994
995
3045
997
5093
998
5094
1000
1004
5102
3055
5103
3061
1023
5125
5127
3080
1033
3082
5131
3084
3085
5136
3092
3093
1047
5145
3100
3101
1055
3107
5157
1062
5158
3111
1065
5164
1069
5165
1070
5167
5168
1079
3130
1083
3133
5181
5182
3143
1098
5195
1100
5197
1104
5206
3160
5216
5219
1124
3174
5227
1131
1132
3181
1134
5232
1139
5237
1143
5242
5243
1147
3200
5249
5252
5253
5259
3216
5266
1177
1180
1182
1183
5283
5287
1192
3240
3241
5291
3244
5294
3251
1206
3254
5303
3256
5307
3260
1212
3261
5309
1222
3272
5320
3274
5323
1235
5334
5335
1241
3289
3292
3295
1251
5347
1255
1268
5365
3320
5370
3323
5372
1279
3327
1281
5377
3331
5380
5382
1292
3340
5389
5391
5395
5397
1302
3350
1303
5401
3355
1308
1310
3358
1314
5410
1315
5413
1317
1319
5416
1320
5417
5421
3374
3375
5425
1332
3380
5429
1333
1334
5436
3388
5441
3394
3396
3397
5447
1352
3402
1355
3405
5454
5456
5457
1362
3411
3414
3415
3418
3419
5469
1375
3424
1377
3428
1381
1382
1383
3435
5483
5485
1391
3442
1396
5496
3451
1410
5508
3460
1415
3464
3465
5515
5516
1421
5519
3471
1424
3472
5523
3477
3478
1431
5528
3480
3481
1434
1436
1437
3493
1446
5542
5544
3497
5552
5555
3507
1460
1461
5560
5563
5564
1468
5566
1472
3523
1475
5572
1477
1478
3526
5578
1483
3532
3535
1492
3545
1503
1510
3561
3565
1525
1527
1530
3579
1532
1535
1536
3585
1540
3589
1543
1544
1547
3595
1548
1550
1551
3599
1552
1554
1560
3609
1563
3612
1564
3613
1566
1569
1571
3624
3627
3629
3633
1587
3638
3639
1594
3643
1597
1614
3666
1619
1620
3674
3676
3677
1636
1644
3693
1648
3698
1655
1656
1657
3714
3716
3719
1674
3722
1676
3728
1680
3730
1683
1685
1688
3737
3738
1691
1692
1700
3749
1701
3752
1707
3757
3758
3765
1718
1719
1720
1723
1725
3786
3787
1742
3791
3792
3800
3806
3810
1763
1764
3813
3814
1769
1770
1771
1775
3828
3829
3837
3838
3841
3845
3847
1809
1810
3859
3860
1813
3861
3862
3865
3868
1823
3873
3877
1834
1840
1844
3894
1847
1851
1860
1865
3913
3914
3915
1869
1870
1874
1879
3927
1886
3934
1889
1895
3944
1902
3951
1904
3953
1905
3954
1907
1913
3963
3965
1920
3969
3973
3977
3980
3983
3984
3987
3997
3999
1952
4005
1959
1960
1963
4016
1975
1981
1982
4035
1988
1990
4041
1994
4045
1998
2001
4052
4053
2014
4068
2022
4073
2028
2029
2033
4082
2036
4084
2039
2043
4091
2045
19
324
132
100
230
300
13
77
334
16
402
114
276
310
344
121
316
380
220
29
