921
4
4100
4107
4108
2060
2061
18
25
2075
31
4131
4132
2085
4133
39
40
41
4142
4145
55
2104
4154
2112
67
2117
2123
4181
4186
2140
95
4192
2149
4197
4202
4203
2157
2158
2165
4213
2166
2167
122
4220
4223
2175
128
4225
4228
2184
2188
4236
142
4239
2192
4241
147
148
4245
4248
154
157
2206
159
4257
163
166
2214
2217
173
4270
175
4272
178
4284
2239
4290
4291
197
4296
201
4298
2250
4301
207
2258
221
4320
4321
226
4324
229
4331
2284
4333
2286
4338
243
2296
248
253
2302
2306
260
4357
4358
2312
2313
2316
4364
270
273
2322
4374
2333
2335
290
293
2342
4394
4396
4397
303
4399
2351
2355
307
2357
2361
313
314
316
4413
2366
318
4415
4417
4418
2372
327
328
4425
333
4431
2383
4432
2386
4434
2397
352
353
2403
360
2409
2410
2411
4459
364
4461
366
4462
2416
4465
4466
2418
2419
4469
2424
2428
386
4483
2436
2437
4486
4489
2443
2445
398
4496
2449
4499
2452
407
410
414
4510
2467
420
431
2483
2484
2485
437
2488
2491
4544
449
2501
4551
456
457
2505
4554
2507
4561
465
2514
4562
4563
2516
2520
2523
476
479
2528
484
485
4582
4585
4586
4587
494
2543
496
4596
2549
501
504
4603
508
2557
512
513
4609
4614
4616
2568
4620
2572
2573
4622
532
536
540
4637
543
2592
4641
549
4645
550
4648
4649
4650
4660
4666
2621
2622
4672
2624
2633
591
2641
593
2642
4691
2643
4692
4693
603
2651
605
2655
4705
4706
611
4707
615
2674
4723
2676
2677
4732
2686
4739
647
649
4747
2704
4753
659
2714
666
668
2717
674
2723
2724
683
2732
2734
686
4783
2737
2741
2742
695
2745
699
4795
700
702
4801
4803
2755
708
2757
710
4806
2760
4810
2763
4811
2764
4815
2768
721
2772
725
729
4826
2780
4830
735
739
4836
2789
4838
2790
745
4843
748
753
4849
756
758
2809
766
4862
2820
772
2823
4873
4874
4879
786
4884
789
4887
2842
4893
798
799
801
2851
2852
804
4901
806
4904
2857
4906
4910
2863
4913
4917
4918
823
824
4921
2877
2878
4928
2883
836
840
4936
4937
2891
845
2894
4947
4949
856
2905
4953
4954
2906
859
861
864
2914
2916
4964
4967
4969
874
4970
4971
875
2924
2927
879
2930
4980
4982
4983
2937
4987
891
2941
4996
5000
2953
5009
914
919
5017
5019
5022
927
931
2979
2980
932
933
5029
934
5031
5035
2989
942
5039
943
2992
2998
953
5050
5053
5054
960
963
971
3023
976
981
5078
3030
3033
3034
5085
5087
3043
995
5093
3048
1003
3053
3057
1010
1012
3060
3061
1020
3070
1024
5123
5127
3080
3083
5134
1041
3091
3092
3093
5147
3100
1055
1056
5153
1057
3107
5158
1065
1068
3117
5165
1071
5167
1073
5169
1074
1076
3124
3129
5177
5180
1085
1086
3134
1088
1089
1090
5187
3139
1095
5192
3144
1097
1098
3148
5207
1111
1112
3161
1115
1116
5214
5219
3173
3175
5227
3181
3182
3183
5232
1137
1139
5235
1140
3189
5238
5239
5241
3193
3199
1151
5250
3204
1160
1161
5262
1167
1168
3217
3219
1179
5277
3229
1182
3234
1190
5286
5287
3241
5291
1201
3252
1209
5307
3260
1212
5311
1217
3267
1220
1224
5323
3278
5329
5332
5334
1241
3292
5341
3295
3297
5346
1251
1255
1260
3311
1268
3322
5372
3325
5374
3326
3327
1281
5377
3330
5379
3331
1284
5382
3339
1292
5389
1293
5391
1296
1297
1299
5396
5398
1303
5400
1308
3358
1310
3359
1317
1318
3370
3372
5421
5422
1326
3374
1327
5423
5425
5426
5427
1332
5428
1335
3384
5436
5438
5439
5440
3392
5441
1346
5443
1347
1348
1349
3397
5447
3400
5449
3402
1355
5453
3405
1359
5456
1362
5458
3411
1363
3414
1370
3420
5469
3422
1374
1375
1377
3425
1381
1382
1383
1384
1387
1389
5488
1392
1393
1394
5493
1398
5494
5496
5505
3461
3467
5519
1424
3477
1433
1434
1436
1441
3490
5538
1446
3497
1451
1452
3504
5553
1459
5555
1461
1463
5560
5561
5569
5574
3526
5576
3530
5578
3532
1489
3537
3539
1492
3547
1500
3548
3549
3551
3553
3558
3562
3563
1519
3569
1521
3570
3571
1523
1524
1528
3577
1531
1532
3580
1533
3584
3585
1540
1543
3593
3595
3597
1550
3599
1552
3612
3626
3627
1582
3633
3639
1594
3643
1596
3645
1599
3653
3658
1614
3665
3666
3668
1620
3670
3672
3674
3677
3680
3686
3687
3690
3692
1647
1648
1649
1657
3707
1660
1662
3711
1664
3715
3719
1671
1672
3726
3727
1680
3730
1683
3732
3738
1691
1699
3748
3749
1701
3750
1704
3752
3753
1707
3763
1715
3765
1720
3769
1723
3777
1740
3792
3793
3795
3800
1760
3811
1766
3818
1775
1777
3826
1781
3837
1789
3838
1802
3854
3860
1815
1816
3865
1819
1823
3872
3873
3877
3879
3882
1837
1840
3891
3895
3897
3901
1858
3907
3908
3911
3914
1867
1872
1873
1874
1891
1902
3951
1904
1909
3958
1914
1915
3964
3965
3970
3980
3984
1936
3987
3992
1946
3997
1950
1956
4004
4005
4009
1965
1966
4016
4020
1977
4025
1981
1982
4031
4034
1989
1990
4046
1999
4051
2004
4052
4060
4062
4063
2017
4066
4067
2020
2021
2022
4071
2025
2028
2035
2036
2037
4086
2043
2045
4094
2046
18
0
257
66
132
168
139
203
76
142
175
47
148
121
26
251
92
221
126
