1309
0
2048
10240
10241
2051
4099
10245
10246
2055
8
6152
10248
8201
10249
2057
2058
8204
10255
4112
6160
6163
2068
2070
22
8220
4125
2080
32
6178
8227
8229
4135
10279
2087
2089
43
44
8236
45
10287
8240
48
10290
2098
51
10292
8244
56
59
10305
66
6211
10308
10309
2118
8264
4171
2124
4172
4173
2127
6227
4180
2133
8278
6230
88
2136
10329
89
8282
8284
94
8287
95
2144
96
6241
8291
6243
8292
8294
4198
10343
8296
10345
8297
4202
10347
6256
112
8307
8308
6260
2165
4213
117
4214
6262
6263
10359
8312
8314
2173
10365
8318
2176
129
2178
4226
4227
2181
6277
137
10377
8329
8331
8333
6285
8337
4241
10386
2196
148
6292
4246
6295
151
6300
2204
10398
8350
10401
6306
6307
164
166
10408
4265
6318
179
6324
6330
10429
4287
6336
194
195
8387
4292
196
2245
8397
6350
6351
10447
10448
10449
211
2259
213
214
10454
10455
8409
10457
219
8413
10461
2270
2274
4324
228
4325
10470
2279
6376
10473
2282
235
2285
10480
6384
6385
8435
6389
10487
10488
249
4348
254
2305
10498
258
6405
6409
266
6411
8460
6412
10510
4367
272
8465
274
4371
2324
8469
8470
278
4375
2330
10522
4379
284
6428
8478
10526
287
2336
2337
2339
8483
292
6438
4390
10535
8490
8492
2349
2351
2355
10549
10552
6460
6461
2367
8512
6464
8513
2370
6467
2372
6469
2374
2375
10568
6473
2377
10569
2378
4428
335
2384
6483
8533
4438
342
6488
6490
4442
348
10590
2399
352
354
4455
10600
2410
363
8555
10607
4465
6516
4468
8564
8567
8568
2425
8570
379
8572
383
384
2433
4482
8579
4484
8584
6537
4494
400
10640
401
6546
10645
4503
2455
6552
10649
2457
410
6556
6558
2464
10657
8612
2470
6568
10665
426
8618
4522
4525
8627
2485
8630
2488
2492
6590
4542
452
4551
6600
457
4553
8649
458
4554
459
2509
6605
4558
10704
464
10707
10708
6612
2517
10710
2519
2524
2530
10723
8675
2534
8680
6633
2537
8682
2538
8689
502
6648
4604
10749
10752
2560
2562
6666
2571
6667
10764
526
8720
528
6677
10774
8726
535
6684
8733
6685
542
2590
10783
8735
10784
8738
548
2596
4644
8741
10789
2599
10793
6699
8749
10801
561
562
2611
4659
564
4661
566
6710
4663
2618
4666
4669
2626
579
10823
10827
590
6736
593
2642
594
4691
10836
10841
4697
6745
10842
4699
10845
606
6751
8799
2656
608
611
10853
2662
8806
615
8811
6763
2668
4716
10860
4720
10864
4722
626
10869
629
2678
10875
6780
6781
639
2687
6783
4737
4738
642
10885
2696
10890
10891
651
10892
2702
10895
4751
2704
2705
8850
8854
663
664
6810
2715
8860
2718
4767
10912
4769
10914
10917
10920
8873
681
2730
10924
6830
4783
2735
8883
4787
8885
10933
8886
696
10942
6847
6850
708
8901
4806
10950
2758
4807
10954
10956
8908
4813
8913
2773
6870
6871
10968
6872
6875
2782
10975
6883
4838
743
10983
8935
744
10985
8937
10986
2796
4845
2797
4846
2798
6900
4852
8948
756
10998
8951
6904
11002
6906
11006
4866
4868
11012
2822
2823
8968
2825
11022
8976
11027
8980
6934
790
4887
794
2845
11037
6942
4894
4895
2850
4898
802
2853
805
6950
11047
11052
4908
6959
11055
9009
6962
6963
820
6965
4918
2871
6971
9020
11069
2877
2880
6976
11074
4932
836
9030
4939
2892
9036
11085
2895
9039
6992
2900
4949
11100
861
9054
11103
864
4961
11106
9060
11108
11109
9063
7017
2923
7019
4973
879
9071
2929
2930
9075
9076
2935
891
7035
9084
4988
2940
11133
9087
2943
2944
9089
898
7042
899
2950
2952
9097
7049
9098
7051
5004
11148
7052
5006
5007
9104
2960
7059
7060
7066
2970
11164
2972
924
9117
11166
7070
5022
7074
5028
2981
11173
9127
5031
936
11177
937
7081
938
9131
5035
2991
9136
7090
5046
11191
3000
11195
5053
9151
3008
7105
7107
11204
7109
965
3014
5062
3019
3021
9165
5069
974
5076
981
5078
5081
3034
5083
7131
5084
9183
9185
11234
1000
3048
1003
3051
9195
7149
5101
1006
7151
11249
7154
1014
3062
9206
3064
1018
1020
1022
9214
7170
11271
11273
1034
3085
9230
11281
5138
3090
9236
5140
1044
11290
7199
7202
7203
3110
1062
1063
11305
1066
3115
1073
11315
7225
3130
5180
5183
7231
7232
5185
9282
5189
3142
9287
5193
5194
3153
9302
9303
5208
3162
1114
7259
9308
5212
1116
5214
5215
3168
7264
5217
9314
1127
9320
1130
1131
9324
1134
3184
3188
7284
3192
7288
9338
1146
7290
3197
5245
5246
1150
3201
9345
1154
9352
5258
9354
3211
1166
1167
3216
1168
3218
7316
1172
9369
1180
7326
5279
9375
7329
5283
9379
9381
5287
7338
3243
5298
9399
7353
1212
1214
9408
9410
1219
9412
1221
9414
3272
5322
5323
9422
3279
5328
7377
5330
5333
5336
1241
7388
1250
5349
3304
7400
7402
9451
3307
5357
3315
1267
9460
5365
9462
9463
5368
3326
3328
5377
9474
9475
3331
3333
9478
7431
9480
7436
3342
7440
3347
9496
3353
5401
9498
3354
7450
3355
9500
5408
5410
1315
9508
7460
5413
3366
1319
3372
1325
3376
5424
7472
1329
5425
3377
5426
7477
9527
7480
3385
5434
7484
3389
7485
9536
1347
5443
3396
5444
7501
9551
7506
1362
9559
1367
3415
3416
1371
7515
3424
3425
5473
9571
9573
1383
9575
9576
3432
7530
5483
1387
1388
7535
3439
3440
5490
1395
9591
1406
3460
5508
7556
3462
7559
9608
9609
3466
5521
3474
5523
7571
3477
5525
7575
3482
7581
7582
3492
1445
7590
3494
7593
7597
3502
9649
7601
5554
7603
7605
3511
1463
7607
1466
5564
1468
9662
3518
7617
3524
7622
7623
5578
7629
9677
3543
5594
1499
7643
3547
1500
9695
9696
9699
1508
3557
5607
1514
9708
3565
9711
5615
1520
3569
5619
9716
3574
1528
3584
1537
5634
7682
7686
1542
9735
7690
3596
9743
7701
9750
3607
7704
9754
9756
3612
5660
1566
9760
7715
1574
1575
9768
7720
5676
1581
3629
3631
3633
3635
3636
3638
1591
5687
3644
1601
5698
3650
3655
5703
7751
1607
7753
7754
3661
1614
5711
5713
7765
1625
3678
3680
5730
7779
5731
1635
7780
7785
3690
7786
1644
5741
7789
7790
3695
7791
3697
3699
7795
5747
1652
1656
3704
1667
9861
7813
3717
7814
9865
9867
1676
7822
3726
7823
3727
7827
5781
3733
9878
1687
3741
1694
5791
9887
1700
5801
7852
1709
5806
7856
9908
1716
5813
1720
1721
1724
1725
9918
9921
7876
7881
1738
3788
9932
9934
7887
1744
3795
5844
9940
1749
3797
1751
3800
3801
3804
3807
5855
9951
7905
1763
9955
1764
9958
7912
7913
7915
1771
9963
3820
1773
7917
1774
3823
1775
5871
7920
1777
3825
1778
1788
3837
5886
3838
1791
5889
5890
9989
7946
3852
1804
3857
7955
10004
1812
5910
10007
5912
3864
10009
1819
7965
10013
10016
3872
1826
1828
5925
7975
5927
7978
3884
5932
1838
1839
10032
10034
10037
3896
5945
10042
1852
7996
3901
10047
3903
3904
8001
3906
1859
5955
8004
10053
3909
8007
3912
5962
3915
5966
10064
5970
8019
1875
8020
5973
1882
5978
3936
8034
1891
8039
3944
10089
3946
1903
3952
6000
3953
3958
8059
1917
10109
1920
1922
6024
10124
3980
3983
1937
10133
1941
1943
1949
4000
6049
6051
4004
1956
8103
4009
10155
4013
1965
4014
8110
10159
8114
6066
10163
4022
8118
10169
6075
8123
10172
4033
1989
1990
8135
8136
4042
10187
6091
10189
10190
1998
6095
10194
4050
6098
2003
10196
2006
6104
2009
8156
10204
10206
8160
10209
8165
4070
4071
6120
6121
6123
10219
8171
8174
6129
6130
2035
6131
4083
2036
2040
6136
6140
8189
3
179
134
46
