969
4097
4101
6
4103
2057
4106
4107
4108
4112
18
25
31
2081
4130
35
4131
4132
4133
2085
39
4137
4142
2095
4145
4147
55
2107
2112
67
4166
71
4169
2122
2123
2124
4175
82
83
4186
96
4193
2150
102
104
4203
2158
2160
4208
115
4213
2166
4214
122
2171
2172
124
2173
4225
2177
4228
2181
135
2185
4234
4236
2189
4239
4240
2192
4241
2194
147
4248
154
166
2214
4264
2217
170
4267
2220
173
2223
4271
2225
4274
178
2228
4276
2234
4284
2238
2239
2240
193
4290
4291
197
4296
2249
2250
4298
205
4301
2254
207
2259
2261
222
4319
4320
4321
226
2274
4324
229
4330
4331
4333
2286
239
2287
4336
241
4338
2290
243
245
2296
248
249
4350
4354
2306
259
2307
4358
267
4364
2316
270
4378
2333
2334
2335
288
2342
295
4394
2347
303
2354
2355
316
4413
2366
318
4417
324
2374
2375
327
4426
333
4430
2383
2386
4434
4438
342
4440
345
352
2403
4455
361
2410
363
4459
2411
4462
2415
4466
371
4468
4469
374
2428
387
4483
2443
2449
4499
2452
4501
2453
2457
2463
2467
420
2469
422
4520
426
433
2484
437
2488
4536
2490
2491
443
2496
4544
449
4547
2501
4550
4551
456
457
2505
4554
2507
4559
465
4561
4562
466
467
4563
4567
2520
4571
476
2528
484
4580
4582
492
494
2543
4595
499
501
2549
2552
4603
2556
509
2557
512
4610
4613
4614
2568
4616
2572
4622
529
2579
532
2582
4637
543
2592
545
2593
4641
4643
549
4645
4649
4650
558
562
4660
2614
570
4666
572
2621
2622
2624
4675
4676
2628
582
2633
4681
593
4691
4692
2645
4693
600
2651
603
2652
605
2655
608
4704
4712
4713
2667
2672
2673
2676
2679
634
4732
2690
2692
646
649
4747
4749
4750
4751
2704
659
4757
2714
667
668
2716
2717
674
2723
675
2724
2734
686
687
4783
695
4792
2745
4795
700
702
2750
2751
4801
2755
4803
708
710
2758
4806
4810
714
2762
4811
2763
4814
2767
2768
721
4818
2773
2776
4830
735
2784
743
4842
748
753
754
2805
758
761
762
4859
768
771
2820
772
4869
2823
4872
777
4874
2828
783
784
786
4884
2838
4887
2845
2846
798
800
801
2851
803
804
2854
808
2856
813
2861
2863
816
4913
820
821
4918
824
4921
2874
2876
831
4928
2883
837
4934
840
4937
843
2892
845
2901
4949
856
857
861
2910
865
866
2914
868
4964
2916
4965
4967
4969
874
4970
875
2926
2927
2930
4982
2935
4983
4987
891
2944
896
4994
2946
4996
5000
2953
907
5004
2960
5009
914
2963
918
919
5016
2969
5017
2970
922
5022
927
2979
931
2980
932
934
5031
2984
5032
5034
5035
2987
2989
942
5038
943
5039
2991
2993
947
2997
5046
953
957
5053
959
960
962
963
3018
5074
3029
5077
982
5078
3030
5085
3039
5087
994
5093
3045
998
5094
5095
1000
3048
1003
5103
1009
5105
3057
3060
1013
3070
1024
5123
3080
3082
3084
1042
3091
3092
3093
1047
5145
5147
3100
3101
5149
1055
5153
1057
3107
1063
1065
5164
1068
5165
5167
5168
5169
1073
1074
3134
1086
1088
3139
3143
5192
1097
1098
3148
3149
1101
1111
1112
1115
3165
5214
5217
5219
1124
3174
5227
1132
3181
1134
1139
1140
3189
5239
1145
5242
1148
3204
5253
1160
3208
1168
3217
5266
3221
5272
1179
1182
3234
5287
1192
3240
5291
5294
1201
3251
3252
1207
5303
3256
1209
5307
3260
3261
5309
5311
1217
3267
1224
3274
5323
3277
1235
5332
5334
5335
1241
1243
3292
5341
5343
3295
5346
1251
3300
1260
3312
1265
1268
5365
3320
5370
5372
5374
3326
1279
3329
5377
1281
3330
3331
1284
5382
3338
1292
5391
5395
5397
1302
5400
5401
1308
1310
3358
1314
1315
1318
1319
1320
5417
3370
5421
5422
3374
1326
1329
5425
5426
3380
1332
5428
5429
1334
5436
3388
5438
5441
3394
1347
3397
5447
1352
1353
3402
3405
5453
1357
5454
5456
5458
1362
3414
3415
5469
1374
3422
1375
1377
3428
1382
1383
1384
5483
5488
1393
5493
5494
1398
3451
5505
3461
3465
3466
5516
1421
3471
5519
1423
1426
3478
1431
5528
1434
1436
1437
1441
5538
5542
1446
1451
1452
5555
1461
3510
1463
5560
3513
1471
1473
5569
5570
1475
1477
3526
1478
5574
5576
3530
3532
1488
3539
3544
3545
1500
3549
1508
3558
3562
1519
3569
1527
1528
3577
1530
3579
3580
1535
3585
1538
1540
3589
3590
1543
1544
3593
1547
3595
1550
3599
1563
1571
1576
1580
3629
1582
3633
1587
3639
1594
1597
3645
3653
3658
1611
1614
3666
1619
1620
3670
1626
3675
3676
3677
1632
3682
1636
1637
1643
1644
3692
3693
1648
1650
1656
1657
1662
3714
1670
3719
1671
1672
1676
1680
3728
3729
3730
1682
3732
3734
3737
3738
1692
1699
1700
1701
3749
1703
3752
3757
1715
3765
1718
1719
1720
1722
1723
3786
3792
3793
3795
3800
1753
1760
3810
1764
1766
3818
1775
3828
1781
3837
3838
3841
3842
3847
3848
3854
3860
1815
1816
1817
1819
1820
1823
3873
3877
1829
3878
1834
3886
1840
3891
1844
1847
3895
1849
3902
3911
3913
3914
1869
3917
1870
1872
1873
3927
3934
1886
1902
3951
1904
1905
1907
1909
3958
1913
1914
1915
3965
1920
3970
3971
3980
1932
3983
3984
1936
3987
3991
3997
1950
3999
4004
1956
1960
4009
1963
4016
4018
4029
1982
4032
4033
4035
1989
1990
4039
1994
1998
1999
2003
4052
2004
4056
4058
2011
4060
4062
2015
2024
4073
2028
4082
2035
2036
4090
2043
2045
2046
17
100
132
230
199
203
107
139
300
175
16
113
274
86
121
316
252
92
