903
2
3
2052
4101
2058
4106
4108
18
24
2073
25
2075
27
28
4127
32
33
2081
4131
36
38
2086
39
40
2095
4145
2100
55
4153
4154
2112
67
2115
2122
4172
2129
82
4181
89
4185
4186
2138
4188
94
2143
4193
98
2147
107
4203
4204
2158
113
117
2166
120
122
124
2172
125
2174
126
129
4227
4228
135
4236
4239
4241
147
4251
2208
2211
2214
2217
2218
178
4276
182
184
2234
4282
4284
2239
2241
2242
4291
195
197
4298
2250
204
210
213
4309
215
2265
4320
2272
4321
226
2274
2290
2296
248
249
4348
2301
2302
256
4353
2306
259
4358
2313
2314
4364
2318
273
2322
2333
2334
290
2342
4396
4397
303
2352
2355
313
2363
316
2366
4415
319
4417
322
327
330
2379
2384
2386
342
4438
344
2393
4443
2397
2399
352
2401
2403
357
4453
2406
2410
4459
4460
2414
4462
367
4465
372
374
376
4474
379
4476
2428
4477
4478
382
383
4480
2435
4484
388
2436
2439
4488
2443
2445
4494
2449
4499
2452
410
4507
4509
2462
414
420
4519
426
2474
429
430
431
4529
2484
437
2488
2491
2493
446
4551
456
2505
457
4554
4556
2508
2509
462
2511
2512
465
2513
4562
467
2515
471
4567
2520
474
476
2528
2529
4579
484
4582
4586
4588
493
2543
496
501
4599
4600
2552
506
511
2561
4615
2568
4616
521
522
2572
4623
530
2579
4628
4629
537
538
4637
4638
2592
4641
4643
549
4650
554
4651
2605
2608
2609
564
569
570
572
2621
2622
4673
2626
580
582
4678
4679
4680
2633
4683
2635
587
4685
593
4691
4692
2646
4694
601
4699
603
2651
604
4701
605
608
2657
609
4705
611
2665
4714
4716
4719
627
628
2676
2677
4728
4732
2690
4739
2692
4741
647
4743
2698
4747
2700
4748
654
4750
659
4756
660
661
2710
2712
2714
666
2715
668
4767
4768
2724
4777
2734
4788
694
695
2745
4795
699
700
2755
4803
2757
4810
4811
719
4815
721
2776
4828
4830
735
2784
4838
2792
745
748
2801
4849
2813
765
4862
4863
771
772
2821
2823
778
4874
785
786
2834
4883
788
4886
790
4887
2841
2842
2845
797
2848
2850
803
2853
807
2855
2856
4906
2858
2859
2864
4913
819
821
2869
824
825
2873
4921
2874
2875
2882
2883
840
4937
843
845
2903
4952
2908
861
862
864
2914
2915
4969
4970
874
875
2927
879
880
2930
883
4982
4987
891
4992
901
2950
2953
906
5010
2964
917
5014
5017
924
5022
2978
5026
2979
932
5031
2984
5032
5035
2988
2989
5039
943
2999
3001
5056
3011
3013
5064
971
980
5078
3037
5086
5087
992
3042
995
3043
5094
3048
1004
3054
3058
3060
3062
1014
1015
3070
1024
3074
1033
5133
1039
5136
3090
3092
3093
3100
5150
1060
3108
3111
5159
1065
5162
5166
1070
1071
1079
5177
3130
5180
3133
5182
3134
5192
5193
1097
5194
3148
5197
1101
1104
3155
5206
1111
5207
5214
5215
5216
5219
1125
5225
5227
1131
1132
3182
3185
3187
1139
1140
5237
3189
3192
1144
5240
5242
1147
5245
3204
1160
1162
5259
5264
1168
5266
3219
3222
5270
1175
3228
3229
1181
1182
1183
5279
5281
3234
1186
5286
5287
5291
3244
1200
5298
3252
5301
5303
1210
3259
5307
1213
5312
1221
3270
3271
1223
5320
3272
1224
1226
3275
5323
3279
5332
5334
3289
3292
5343
1248
1251
3301
3307
1260
5357
1266
1268
1273
3325
3327
1279
1281
5377
1284
5382
5385
3338
3339
3340
1292
5389
1293
5391
3344
1298
1299
3348
5397
3350
5398
3355
1308
1310
3358
1314
5411
3365
1320
1321
3370
1326
3374
3375
1327
3376
5425
3377
1332
1333
3388
5436
3389
5438
5440
5441
3394
3396
3397
5447
3399
3400
3402
5450
1355
5452
5453
5456
3408
3410
5458
1364
1365
3414
5465
1370
3418
5467
5469
1374
1375
3424
5474
5477
1383
1384
1385
1389
1396
5494
3446
5500
3457
5505
3458
1413
1416
5513
5515
3469
5519
3471
1424
3472
1431
3481
1434
1436
5534
5538
3491
5546
1453
5553
1458
5555
5557
1462
3510
1463
5560
5563
1468
1469
5566
5569
3523
5572
3526
5574
1482
3532
3537
3539
1492
3541
1493
1496
1497
1500
3549
1503
1507
1509
1510
3559
3566
1519
3573
3577
1530
1533
3581
3582
1536
3585
1537
1540
3593
3594
3597
1550
1558
1560
3609
1562
3613
1573
3624
3627
3629
3633
3638
1594
3643
3644
3645
1598
3650
1604
3660
1614
3664
3666
1620
3670
3677
3681
1636
1647
1648
3697
3698
3711
3719
1672
1673
3722
1676
3727
3730
1688
3738
1691
3743
1698
1699
1700
1701
3749
1703
3751
3752
3758
1714
3763
3765
1718
1720
1725
3777
3778
3784
3792
3814
1770
1771
1775
1778
1781
1786
3834
3837
3838
3854
1810
3865
3868
1823
3877
1830
1834
1840
1844
1851
3901
3908
3911
3913
3914
1870
3927
1882
1886
3948
3949
1902
3951
1904
1907
3965
3969
3980
1933
3984
3985
3987
1939
3992
3997
1951
1953
1955
4004
1960
1961
1963
4017
1970
4020
4025
1981
1982
1984
4035
1988
4037
1990
4040
4041
4051
2005
2007
4058
2014
2018
4067
2023
4072
4073
2031
2033
2039
2043
4091
2044
2045
16
161
132
68
229
11
203
300
76
44
77
80
178
54
57
282
29
