916
2051
4101
4103
2057
2065
23
2072
26
2075
4126
4127
2080
4131
2084
4133
39
2090
45
4142
4145
4146
2100
55
56
2107
66
2115
71
2121
2122
4177
2130
2131
4181
89
90
2140
95
2144
4193
2147
2149
4197
2150
102
4203
2158
2160
4208
115
4211
4212
2165
2168
4217
122
4220
2173
125
128
4225
2178
2183
4236
2188
2189
142
2194
146
4245
4248
4251
2206
2208
166
2214
4262
168
2217
170
2222
4272
178
180
4277
2234
2239
4293
2251
2258
212
2263
2268
2270
223
4320
4324
2277
2284
2287
242
2290
243
244
246
2296
249
252
4350
2302
4351
256
2306
2308
2309
4357
4358
263
2313
4363
4364
4368
273
2322
276
4378
2335
290
4388
2344
4392
296
4394
2347
4396
303
2352
2356
313
4411
4412
316
4415
4417
324
2375
327
4425
333
4431
2384
2385
344
2394
2396
2397
2398
352
2406
4456
361
2411
4460
364
4463
2415
372
4468
4473
2428
4476
4478
383
385
2436
390
4486
2443
2445
398
4496
2449
4499
404
4501
408
410
413
2462
414
2463
416
418
420
422
4519
426
430
2485
2488
2491
446
448
4544
452
4551
456
457
2505
4554
2510
4561
4562
4563
4567
476
4573
4574
479
4579
4580
485
2536
4586
490
4589
493
2542
2543
499
4596
4599
4600
506
515
2564
4613
4614
4615
520
2568
532
4634
541
4641
2593
2595
549
4645
4647
4648
4649
4650
2604
2608
567
572
4669
576
4672
578
2628
582
4681
4683
2641
593
594
4690
2643
4692
4694
4695
4699
4701
4702
4706
610
4707
4712
2665
2667
621
4723
627
2677
4726
4728
2680
4732
637
2687
4739
2692
4741
647
4747
2700
4749
653
2702
4757
2712
2714
667
2715
676
4772
2726
679
2734
4783
2737
4789
2742
694
695
2745
2747
4795
4800
2754
4803
2755
2756
2757
710
712
716
2767
722
4818
4821
2773
734
736
2789
4838
745
746
4843
2797
751
753
2801
4851
758
762
4859
767
770
771
772
2821
4872
777
778
4875
780
783
2834
788
4884
789
4886
4887
2841
2842
4890
4893
798
801
803
807
2856
2858
4906
810
2859
812
2863
815
4913
4917
825
2873
2876
4930
4934
4935
4936
4937
841
843
845
4946
4947
851
2899
4949
856
4954
2908
864
2914
4963
870
4966
873
874
4970
2926
879
2929
882
4982
889
4987
2950
5000
904
5003
911
5011
2964
917
5013
5016
5017
921
2969
922
5022
928
2978
5026
2980
933
934
5031
5032
938
5035
5039
2991
5044
2997
950
2998
951
5048
5056
962
3011
3013
5061
5063
967
5064
5067
5074
3029
3034
3035
5084
5086
3039
5087
3042
994
3043
3044
996
5093
3045
3047
5097
3051
5105
1010
5111
1015
3064
5114
1018
5115
1019
5116
3071
5121
3084
3085
3089
3090
3091
3093
3100
5148
5149
3102
1056
5153
3109
5157
1065
1069
5165
5166
3120
1078
5176
5180
1085
1086
3134
1088
1089
3139
3140
1096
5193
1098
5194
3149
5197
3155
1111
5207
1112
1114
5210
3165
5215
3167
1121
5227
3181
1133
3182
5237
1144
5242
3199
5248
5250
3204
3217
1169
3219
1174
3223
5272
3224
1177
3225
1178
1179
1180
3229
1182
5278
5279
3231
3234
3240
5289
5290
3244
5297
1211
3260
1212
1217
1223
1224
3273
5323
3275
3277
3279
1235
5334
1241
5338
3291
3292
3295
3296
1251
3301
1256
1260
5357
5359
1263
5361
1266
1267
1268
5364
3322
5370
5372
3324
1277
3325
1278
1279
3329
1281
5382
3336
5385
3338
3339
5388
1292
1293
1299
5395
5398
3351
1303
5400
5401
1307
1308
3358
1310
3360
5410
1315
1317
3365
5417
3370
3371
5421
3374
1326
1327
3376
3377
3380
5429
5431
5434
5435
3388
5440
5441
3394
5442
1348
3397
3399
3400
1352
1355
3404
3405
3410
1363
3414
5463
3417
1370
5469
3422
1377
5477
1382
5478
5484
1389
1397
1398
5495
5496
3451
5500
3456
5505
1413
3466
5519
1424
5524
1430
3480
1433
1434
3482
1437
5534
5536
5537
5538
1446
5542
5546
3499
1452
1453
5553
1458
5555
3508
1461
1462
3513
5561
5569
5570
3523
1475
3526
1478
3530
3532
3533
3536
1488
3537
3539
1493
1496
3545
3548
1500
3549
3551
3553
1507
1508
1517
3566
1519
1521
3571
3574
1528
3577
1532
3581
1533
3582
1540
3590
1544
1550
3602
1558
1562
3611
1566
1569
1571
3626
3627
1580
3629
1587
1594
3646
1600
3650
3651
1604
1611
3660
3662
3666
1619
3668
1620
3672
3675
3676
3679
3680
3691
3693
1646
1649
3707
1660
1664
1666
3719
1679
3727
1680
3729
3730
1683
3734
3738
1691
3740
1692
1699
3749
1701
3750
3751
1703
1707
3757
3763
1716
1718
3770
1728
3776
3777
3785
3787
3792
3795
1756
3804
1757
3810
1766
1767
1770
1775
3826
1781
3830
3832
1785
1786
3837
1795
3854
3859
1812
3861
3862
1816
3865
1817
1823
1828
3877
3882
1840
3889
3890
1843
1844
3901
3902
3907
3908
1864
1867
3917
1873
3921
1874
1875
3944
3948
3950
1904
3953
3959
1920
1925
3974
3976
1932
3984
3985
1939
1941
1943
3992
1946
4004
1961
1967
4016
4018
4020
4023
4025
4029
1982
4034
1994
1995
1998
4051
4053
4058
2011
2014
4063
4066
4067
2020
2022
4071
4072
2024
4073
4082
2036
2037
4086
2039
2044
17
161
323
198
134
230
297
202
43
76
240
113
57
153
122
251
124
348
