945
2050
2052
4101
2053
4103
2057
2060
12
4112
4113
27
2075
29
4126
2078
4131
4133
38
39
40
4137
4142
4145
2100
55
2103
4154
63
2115
70
2119
72
4168
2121
2122
74
2124
4177
2130
85
4184
4185
89
4188
2141
94
95
96
4193
97
2149
4197
102
113
115
2165
4214
119
2168
122
4221
128
2177
129
4225
136
4234
2187
4236
4237
142
147
151
153
4251
2206
166
168
4264
4270
2223
4272
178
4276
182
184
2232
2234
4282
193
195
197
4293
2249
205
2254
2255
4309
2265
217
218
2268
222
4319
4320
4321
2274
226
2277
2282
4330
235
2284
237
4336
241
2290
4339
245
246
2296
249
253
2302
4350
2306
4354
4358
2311
2313
2318
273
2324
2334
2335
288
289
2341
293
2342
295
4394
2347
4396
303
4399
304
2352
2354
4403
2355
2361
4409
4411
316
4412
4413
317
4415
4417
324
2374
327
2375
328
4425
4426
331
4430
4431
4432
2384
4433
4434
2386
342
344
4443
2397
352
2403
357
4454
2410
2411
4460
2414
4465
2419
372
2422
375
2424
379
4478
383
384
4480
2435
387
4485
4486
2442
2443
2445
398
4496
402
404
4501
4502
2455
407
2457
4509
413
4512
2464
416
420
2468
2469
4519
430
433
4530
2484
2485
2491
2492
2493
446
4544
2496
4547
456
457
4554
4556
2508
2509
4561
465
2515
467
4563
476
479
2529
484
4588
2541
493
2543
499
4596
4600
4602
2556
512
4609
4612
516
4615
2568
530
4627
531
4628
536
2584
537
540
4637
4638
2591
545
2594
4643
4645
549
4648
4649
4650
554
2605
2608
4660
2613
4662
2614
569
572
4669
4672
4673
2626
580
4679
4680
4681
4683
589
591
2640
593
2641
2643
4694
4699
609
611
4712
2665
4714
2667
4716
2671
623
2672
2673
4723
2677
4726
2679
4732
4736
2689
4739
2692
4743
649
4747
4750
4753
4756
660
2712
666
2714
2715
2717
671
675
4777
2732
2734
694
2742
695
2743
4792
699
2750
4803
2755
710
2758
2759
4809
2762
714
4815
4818
4819
725
2776
732
2780
735
2784
2789
4838
2792
4843
2796
753
2801
2802
756
2808
762
765
4863
768
772
2821
4869
776
4872
777
4873
778
4875
2828
2834
4883
4887
2843
797
2846
2848
4896
803
2851
2853
805
2855
808
2858
810
2859
813
2863
2864
4913
2865
2867
4918
825
2875
2878
4926
4927
834
2885
4935
840
4937
845
4946
4947
2901
4949
856
4954
861
2910
864
865
2915
4965
872
4969
4970
4973
2927
879
2928
4981
4982
2935
4987
4992
901
2950
5000
906
5003
907
5004
911
917
5019
5022
2980
933
5031
935
5032
2985
5035
941
5039
5046
950
2999
3004
957
959
5056
3011
5061
3013
967
5067
971
3021
5074
980
3029
5077
981
5078
5081
3034
3035
5087
3039
993
3042
3043
5093
5094
999
3048
1000
1001
5102
3054
5103
1009
1010
3060
1013
1014
1015
5112
5114
5118
1025
5125
1029
3080
3082
5131
5136
5139
3091
3093
1047
5145
3100
1055
1056
5153
1060
1065
5164
5165
1071
5168
1079
3129
3130
3133
1085
5182
3134
1086
1088
1089
3139
3143
1096
1098
5197
1103
3155
5206
3158
5207
1111
1112
3160
1119
5215
5216
5222
3174
5225
3178
3181
3182
1134
1136
5235
3189
1143
1144
1147
5246
3199
5249
5250
3204
5252
1160
3210
5259
1166
3215
5264
3217
5265
5266
5267
5270
3223
1177
5275
3228
5277
1182
1183
5279
3234
1186
1192
3241
3244
1196
5294
1200
3251
3252
5301
5303
1208
3257
3259
5309
3261
3263
1215
1221
3270
1223
5320
1224
1226
3276
3277
1235
5334
1241
3292
5343
1247
3295
1251
3301
3307
1260
5357
1265
1268
3322
3323
5372
3324
1281
3329
5382
3338
3340
1292
5389
5391
1295
1298
3348
5398
3350
1302
5400
3355
1310
3358
3359
5408
5411
1315
5413
1319
5415
5416
3370
3372
1326
3374
1327
3376
1329
3380
1333
5429
5435
5437
3389
1341
5438
5440
5441
3396
3397
5447
3399
5449
1355
5452
5454
3418
5469
3424
5474
1382
5478
1383
1385
5483
5485
3439
3440
1392
5490
5492
1396
5494
3448
5496
1409
1410
1413
3461
3464
3465
5515
5516
1424
3472
1426
3477
3478
5528
3480
1433
1434
1436
5538
1446
3498
1452
1453
1458
5555
1459
5556
3510
1463
5561
1468
5564
5566
1471
1472
3521
5569
3523
5572
1477
3526
5578
3530
3532
1486
3535
3539
3541
3545
3548
3551
3553
1507
3559
3561
1519
3571
1523
3577
3579
1532
3581
1533
3582
1535
1536
1540
3590
1543
1544
3593
3594
1547
1550
3602
1558
3609
1562
1563
1571
1572
3624
3626
1580
1594
3643
3644
1596
1597
1604
3660
1614
3666
1620
3668
3672
3680
3684
1638
1644
3698
1656
1657
3707
1660
3711
1664
3714
3719
3722
1682
3730
1683
1688
3737
3738
1700
1701
1703
3751
3757
3758
1719
1721
3769
3770
1728
3787
1741
1744
1753
1756
1757
3809
1764
1766
1768
1770
1775
3826
3828
1784
3834
1789
3841
3845
3847
1803
1810
3859
3860
3865
3868
1823
3877
3878
3879
1840
1847
3896
1851
3901
1860
3908
1864
3914
1867
3917
1869
1870
3920
3934
1889
3939
1892
3944
1904
1905
1909
1910
1913
3962
1920
1927
3977
3984
1939
3996
1951
4001
1955
4004
1961
4016
4017
1972
1984
4034
4045
2001
2004
2007
4055
4058
2011
2014
4066
4067
2020
2022
2023
2029
2031
2033
4082
4083
2036
2037
2039
4091
2043
4092
2044
2047
17
322
68
229
198
77
334
16
401
115
86
57
251
28
316
350
126
254
