914
2052
4101
4108
12
2065
2066
4117
23
25
2075
27
4126
4130
35
4131
4133
38
39
40
2090
4142
4145
2103
55
56
4158
67
4166
2121
2122
4177
2130
2131
83
4186
90
2140
95
2147
4197
2149
102
4203
4205
2158
2160
113
4210
2163
2165
2166
2168
120
122
128
4225
129
4228
2183
4233
137
2185
4236
142
143
4239
4241
2194
147
2206
2214
166
168
2217
2220
4272
4276
4278
184
2234
4284
2238
195
4291
4298
2250
2256
208
4309
2261
4312
2265
2268
222
223
4320
4321
226
4324
2277
229
2279
2284
2287
2290
242
2296
249
2297
4346
2300
2302
4350
2306
258
4358
2313
4364
270
2318
4370
275
2327
4378
2333
2334
2335
2342
4392
4396
303
2351
2355
4407
316
4412
2366
4415
4416
4417
2370
327
2375
328
4424
4425
2379
4432
4434
4437
4439
4440
4441
2394
2395
4443
347
352
357
2410
4459
2411
2414
367
4465
4466
2422
379
4480
385
2434
2435
2436
389
4486
2443
2445
398
4496
2449
4499
2452
404
4501
2453
408
416
4515
420
426
433
2484
4533
437
2485
2491
2493
446
4544
452
4551
456
457
2505
2506
4554
4556
2509
4561
4562
4563
470
2520
476
4573
4574
479
2528
2529
4582
497
2547
4596
501
2552
506
508
2557
4609
4610
2563
4615
2568
4616
522
2572
4622
530
2579
4628
537
2588
4637
4638
542
543
4640
2592
4641
4643
2597
4648
552
4649
4650
554
2605
2608
562
4659
4668
572
2621
2622
4672
4673
578
4675
580
2628
582
4680
593
2641
4689
594
4691
2643
4692
4693
2649
4699
603
2651
2652
605
4704
4708
4712
4714
4720
2672
2673
4723
2676
2677
2681
4732
636
2686
638
2690
2692
646
4743
2697
4747
4750
4751
4753
4754
659
4756
2709
2714
667
668
2717
2721
674
2723
2724
2726
679
4777
2732
2734
4785
2742
695
699
700
702
4801
2754
4803
4810
2762
4811
4815
721
4821
4825
4830
2784
4838
2791
743
2792
745
746
4843
748
753
4851
757
2805
760
761
765
4863
4866
771
772
2821
2823
4872
777
4874
4875
780
2829
784
786
787
2838
4887
794
4890
797
798
2848
800
801
803
2851
804
2855
2856
4910
2862
2863
2864
4913
821
824
825
4921
827
4928
2882
2883
835
4934
4935
4936
4937
843
845
4947
4949
856
4954
859
861
864
2914
4965
4967
2921
4970
874
875
877
2927
2930
885
4982
889
4987
891
5000
2953
906
908
911
914
5017
921
2970
5022
2974
5025
930
2978
2979
2980
932
5031
5032
5035
2989
5038
5039
943
947
948
5044
2997
950
5049
953
967
5063
3024
980
5078
5080
3034
988
5085
5087
3039
3043
3044
996
3045
998
5094
3048
3054
1010
3060
5111
1015
3064
5114
5115
1019
3070
1023
3071
1024
5125
1031
1032
5136
3091
5139
3092
3093
3100
1055
1056
5153
3107
1060
5157
1065
5165
1069
5167
3122
5172
1079
3129
3130
1085
3133
3134
5182
1086
1088
1089
3139
5188
1094
5192
1096
1097
1098
1105
1106
5206
1111
5207
3160
5210
1118
5215
5216
1120
5219
1124
1125
5225
5226
5227
3181
5235
1139
5237
3189
1143
5242
1147
3198
5248
5250
3204
5252
5253
1160
5257
5259
3217
3219
1174
3222
3223
1177
3228
3229
1182
1183
3234
5283
5287
3239
5291
3244
1199
5295
3251
3252
5301
5303
3256
5307
3259
5309
1216
1218
5316
3270
1224
5320
3274
5323
1231
5328
5330
1235
5332
5334
1239
5335
1241
3292
3295
1251
3300
1256
1260
1263
5361
1268
5365
5367
3320
3322
5370
3324
3326
3328
1281
5377
3329
3330
3331
1284
3333
5382
1290
3340
1293
5391
5392
3350
5400
5401
3355
1308
1310
3358
1317
3366
1319
5425
1332
5428
1333
1334
5435
5436
5438
5440
5441
5442
3396
3397
5445
5447
3400
3402
1355
3403
3405
1357
5453
5456
3410
1362
5458
3412
3414
3415
3418
1374
1375
3424
3428
1382
1383
3431
1384
3432
1385
5483
5484
1396
5494
5496
5503
5505
5511
3465
1418
5515
1421
5519
1424
3472
5523
3480
1433
1434
1436
1437
5538
3492
3493
1446
5542
1452
1454
5550
5552
5555
1461
1463
5560
5561
3513
1468
5566
5569
3523
5572
5578
3532
3539
1492
3541
3544
3549
1507
3559
3561
3567
1519
3571
1524
3572
1527
1530
1532
3581
1533
1535
1536
3585
1540
1543
3593
1546
3595
1548
3596
1550
3599
1554
3602
3609
1563
1569
3624
3625
3626
3627
3629
3633
3638
3639
1594
3643
3644
1602
1612
1614
3663
3666
1619
3668
1620
3670
3672
3677
1631
3680
1636
1637
1648
3698
1656
3707
1660
3711
1664
3712
1665
3719
1672
3722
1680
3728
3730
1683
3738
1691
3745
1700
3749
3752
1707
3758
3761
1713
3763
3765
1720
1722
1723
1726
3777
1730
1731
3786
1756
1766
1770
3819
1775
3826
3834
1787
3836
3838
3841
1799
3851
3854
1810
3858
3859
3860
3865
3868
1821
1823
1826
3877
1840
3890
1844
3894
1851
3900
3901
3908
3910
1865
3914
1867
3917
1875
3934
1890
1900
1902
3951
1904
1906
1914
3965
1927
3980
3983
3984
3987
1943
3997
1951
3999
4000
4003
1955
4004
1960
1961
4029
1981
1982
1983
1984
4034
1986
4035
1990
1991
4053
4056
4067
2020
2022
2023
2028
2031
2033
2036
2037
2043
4091
2045
17
225
323
132
100
229
198
203
204
77
79
17
51
181
121
251
380
190
