943
2049
4101
2057
4107
4108
12
15
18
2075
27
28
4126
31
4127
4130
35
4131
4132
4133
2085
38
40
2089
44
2092
4145
55
2103
4159
2112
67
4166
2122
2128
83
89
2138
4187
4188
95
4193
4194
4196
2149
102
2156
113
4211
115
4213
4214
4216
122
2171
4220
125
128
4225
129
2177
2181
135
2185
4234
4236
2189
142
2192
145
2194
147
148
154
2208
166
2220
2225
4276
2229
2231
184
4281
2234
2241
195
4293
4296
201
4301
2255
207
2261
4309
216
2265
2269
223
4321
226
2274
4324
229
2280
232
4330
2284
2285
4333
2290
4339
243
2296
248
249
250
253
2302
256
2305
2306
4358
2312
2316
2318
270
273
274
284
2334
2335
4385
4387
2341
293
295
297
4394
2347
2348
2350
303
2351
2352
304
4403
2355
4411
316
4413
318
4415
4417
2369
322
324
2375
327
4425
330
4426
4430
4431
2383
4432
2386
4434
4438
4440
4443
2397
352
2403
357
2406
2410
2411
2414
4469
2423
2427
379
4476
2428
4477
4480
2435
4483
4486
2441
2443
2444
2445
397
398
4494
4496
402
4499
2452
2453
4501
4502
406
4504
2457
2462
2467
420
422
4519
426
432
433
2485
2493
4544
449
2501
4551
456
2505
2506
2507
4556
2509
2513
4561
465
4562
466
4563
467
469
471
474
476
479
2527
2529
484
4588
2543
498
4595
499
4596
2549
4599
2552
504
2556
4605
512
4609
4610
4614
4615
2568
2577
530
532
4628
536
537
2587
2588
4638
543
545
4643
4645
2597
4648
4649
4650
554
2605
2608
562
2612
2613
2614
4664
570
4666
572
4672
4673
4675
4676
580
582
4680
589
2638
2640
593
2641
2643
600
4699
2652
604
4701
2655
4704
611
4707
4711
2665
4714
2667
2669
2671
2672
2673
4723
627
2676
4724
2677
632
4732
4736
2692
4741
646
649
4747
4750
4751
4755
4756
2708
661
2712
666
667
675
2724
4777
2734
686
4782
4783
2737
2742
699
4795
2751
4800
2756
4806
2758
2763
717
4815
4818
723
4828
733
2784
2789
4837
4838
2792
4843
4844
753
4849
2801
2805
2808
761
762
4859
765
4863
768
771
772
2821
4872
777
4875
784
4880
788
2838
790
4886
2841
797
2848
800
801
2851
803
2855
807
808
2858
4909
2863
2864
4913
4918
825
2873
4925
2878
834
4931
838
840
4937
2894
4944
2901
4949
856
2904
4954
2908
861
864
2914
4964
4965
4969
4970
874
875
2927
2935
4987
4990
2944
5000
2954
906
5003
5004
5009
919
5016
2970
5019
5022
2974
2978
5026
931
2980
932
934
5032
2987
942
5038
5041
947
948
5046
5053
5054
959
5056
960
5057
5058
963
5064
3023
980
5076
3029
3030
5078
5081
3034
3035
3038
5086
5087
3039
993
3043
3045
5093
5094
3048
1003
3054
1007
5103
3057
1009
1013
1014
1015
3073
1031
3080
5133
5136
3090
5139
3091
3093
1050
5147
5150
1055
1056
5153
1060
1065
5162
1068
5165
5166
1071
5167
5169
1079
3130
3132
1085
3133
5182
3134
1088
1089
3140
5193
1097
1098
5194
3148
5196
3150
1105
5206
1111
5207
1112
1114
5211
5214
5216
5219
1124
3174
5225
3179
1131
3181
1134
1136
1137
3187
1139
5235
1140
5238
5239
1144
3192
5242
1147
5250
3204
5252
5253
1160
3210
5259
5261
1166
3217
5266
3218
1179
3228
1182
1183
3234
3241
3244
1200
1201
5297
3251
3252
5301
5303
3256
1209
3259
5307
5308
5309
3270
5320
3273
3274
3279
1232
1235
5334
5335
1241
1243
3292
5341
3295
5343
1248
5346
1251
3300
1260
1265
1268
5365
3320
5370
5372
3327
1281
5377
3331
1284
1286
5382
5385
1290
1292
3340
5391
5396
5398
3350
5401
3355
1309
1310
3359
5408
1312
3363
1317
3365
1318
1319
3370
5421
1326
5422
1329
5426
1332
1333
1334
5436
3388
5439
5440
3394
1347
1348
3396
3397
5445
5447
5448
5450
1355
3410
3414
1367
3415
3418
5467
3422
3424
1376
3428
5477
1382
3430
1383
1385
5485
3439
5488
1393
1396
5493
3446
1398
1399
5496
3450
5498
5500
5501
1407
1409
5505
1415
5515
1421
1424
3472
5521
1426
3477
3478
1433
1434
1437
5534
3490
1446
5542
5546
1451
1452
5551
5555
3510
5560
5561
3514
1468
5566
1471
5569
1473
3523
5572
5575
1481
5578
3532
3541
1496
3545
3554
3559
1516
1518
3566
3571
3573
1527
3577
1532
3581
1533
1535
1536
1537
1540
3590
1543
3593
1550
3609
1562
1563
3613
3622
3624
3626
1580
3628
3629
3633
1594
3643
3644
3645
1597
3650
3653
1609
3658
3660
1614
3663
3666
3668
3672
3677
3679
3680
3682
3683
1636
1637
1643
1647
1649
3698
1656
1657
3707
1660
3711
1664
3715
3719
1671
3722
3728
1680
1682
1683
3732
1685
1688
3738
3746
1699
1700
1703
3752
1706
3757
3758
1712
3765
1721
1723
1734
3786
3787
3789
1744
3795
3800
1760
1766
3815
1770
3818
1774
1775
3826
3832
3834
1786
3838
3841
3847
3848
1804
3853
1807
1810
3860
1815
3865
1819
3868
1823
3877
3878
1830
3891
3895
1849
1851
3899
3901
3902
1856
1859
3907
3908
3911
3914
1867
3916
3917
1870
1872
3930
3934
3937
1895
1909
1910
3959
3961
3965
3970
1933
3982
3983
3984
1936
3985
1948
1950
3999
1951
1955
4004
1956
1957
1960
4009
1961
1963
1972
1980
1984
4034
1989
1990
2003
4058
2012
4060
2018
4067
2020
2022
2023
4072
2031
2033
2035
2036
2037
2039
4091
2043
2044
17
161
227
100
229
139
77
333
175
143
80
401
274
19
277
86
342
251
