921
4096
2052
4101
2057
12
4110
15
4113
18
4122
2075
31
2080
4129
4130
4131
4133
2087
40
41
4137
2091
4142
4145
2100
55
2104
4154
63
2112
2113
2115
2117
4166
2124
83
4185
89
2140
94
95
96
4192
4193
97
4197
2149
102
2156
4211
115
4213
4214
122
128
4225
135
2183
136
2185
137
4234
4236
142
145
2194
4245
2197
4251
2206
166
2214
168
2220
2222
4276
180
182
2232
4282
2239
197
201
2249
205
207
2256
2257
4305
2261
216
4313
217
222
2270
4320
4321
226
2274
4324
229
4330
2284
4333
2290
2292
246
2296
2297
4345
249
4346
253
4350
2302
4351
2305
2306
260
2309
4357
4358
2313
2316
2318
270
273
4374
279
2334
2335
2342
295
4394
2347
4396
2351
303
2352
2355
4404
316
4412
317
4413
318
4415
4416
2372
327
4424
4425
4426
4430
2383
2384
4433
4434
344
4440
352
2403
360
2410
2411
4460
364
367
4463
2418
372
2422
2427
2428
4478
383
386
4486
390
2443
2445
398
4496
2452
4501
2453
408
2457
4509
4510
418
2467
420
2470
4519
426
2476
428
430
433
434
2483
2485
2492
446
4544
449
4547
2501
456
457
2505
4554
2507
2508
4561
4562
2515
467
4563
476
477
2526
479
2528
484
2536
4585
493
2543
499
4596
504
4600
2552
512
4609
4610
2564
4614
2568
532
536
2588
4637
543
545
4643
4645
4647
4648
4649
4650
4657
562
4659
2614
567
569
4666
2619
572
4669
4672
2626
4675
582
4679
4681
4683
589
2640
592
593
2641
4689
2643
4694
2652
4702
2655
4704
609
4707
4708
2665
2667
4716
2669
4720
2673
2674
4723
2676
2677
4727
4732
636
637
2686
2689
4739
2692
646
649
652
4750
4751
660
2712
4761
666
2714
667
2715
4765
2717
2722
675
2732
2734
686
2737
2741
4789
2742
694
695
2743
4792
2745
4795
699
2750
4800
2754
4803
2756
2758
4806
710
714
2764
2767
4818
732
735
739
741
2789
2790
4838
745
2794
4843
753
2801
4849
2805
758
4856
4857
761
768
772
4872
777
2826
778
2828
4880
784
2834
4883
2838
794
2846
800
801
2851
2853
806
808
2857
810
2858
2859
4909
2861
813
2867
821
4918
2875
2877
2878
2881
4930
4931
836
837
4934
4936
4937
2890
845
852
2901
856
4954
859
861
2910
4961
865
2914
2915
4963
4964
4965
4969
4970
2927
4982
2935
2937
4987
4992
4996
901
2950
5000
2954
907
5004
5009
2962
917
919
2970
5019
5020
5022
2978
932
2980
5031
5035
941
942
5038
5039
947
948
5046
2999
5048
953
5053
5056
5057
3010
3011
5059
3013
971
3021
3023
5074
3029
981
5077
3030
5078
3034
5087
3039
5089
3042
3043
5093
3045
5094
1001
1003
5103
1009
1010
3060
1013
3068
1023
5123
1031
3080
1032
3089
3091
3093
3100
3102
1055
1056
1065
1068
5165
1071
5167
5168
5169
1074
3122
3124
5172
3130
1085
3133
3134
1088
1089
1093
1094
1095
3144
1096
3145
1098
5197
3155
5204
3158
5207
1111
3160
1112
1114
5214
1118
1120
1124
3174
5222
5227
3181
1133
1134
5234
5235
1140
5238
1144
3193
5242
5250
3204
5253
5257
3210
1166
1167
5264
3217
5266
5267
3219
5270
1174
3224
1179
5276
3229
1182
5279
1186
3234
5291
3244
3245
1199
1200
5297
1201
3251
5303
3256
1208
1209
5309
5311
1217
1220
1224
3273
3274
1235
1237
5335
1239
3292
5341
5343
3295
1251
3300
3301
3307
1260
5357
5359
1265
1268
5365
3320
5370
1281
3331
1284
5382
3338
1292
5389
5391
1295
1298
5396
3348
5398
1302
3350
5401
3358
1310
3359
1315
5411
1317
1318
1319
3370
5420
3372
5421
1326
1327
5424
3376
1329
5426
1332
3380
5428
5429
1333
1334
5431
3384
3386
3389
1341
5438
5439
5440
5441
1347
5444
3397
3398
3399
5447
5448
3400
1355
3403
5452
3405
5454
3410
1363
1365
1366
3415
3417
5468
3422
1377
5474
3428
1382
1384
1386
5483
1389
1393
1394
3443
5494
1398
5496
3456
1413
3465
1421
5521
1426
5524
3477
3478
1430
5528
1433
1434
1436
1437
3490
1443
5542
1446
3499
1451
1452
1453
5550
5551
1458
5555
5556
3510
5561
1471
1480
5578
3532
3533
1486
3536
3537
3539
3545
3548
3549
3551
3553
3558
3561
1519
3570
3571
1524
1527
3577
1530
3579
1532
1533
3581
3582
1535
1540
3590
1543
3593
3594
1550
1558
1562
1563
1571
3622
3626
3627
1580
3629
1587
3639
3644
1597
3645
1599
1602
1604
1606
3658
1614
1615
3663
3666
3668
1620
3672
1631
3680
1636
3684
1637
1644
3698
1656
3707
1660
1664
3719
1671
3722
3726
1680
3728
3730
1682
1683
3738
3745
1699
1700
1701
3750
3751
3757
1715
3763
1723
1726
1728
3777
1734
3786
1740
1741
3792
3800
1753
1760
1764
1766
3819
1775
3826
3828
3830
3832
1787
1789
3841
3847
1818
1823
3872
1824
3877
3878
3882
1840
3891
3895
3897
1851
3901
3902
3908
3914
1867
3917
1870
3920
1873
1875
1879
3930
3934
3939
1896
1903
1905
1909
3959
3962
1914
1920
1927
3982
1934
3983
3984
1936
1939
1950
3999
1954
4004
1960
1961
1966
4016
4017
4023
1980
1981
1983
4034
1986
4046
2007
4055
4056
4058
4060
2013
2014
2015
4066
4067
2020
2022
2025
4082
2035
2036
2037
2039
2043
2044
2046
16
0
68
100
261
139
79
240
19
86
24
57
90
26
251
316
350
