919
4098
4103
4106
2058
4113
2070
2071
2075
27
2078
4126
4127
2080
4130
4131
4133
39
41
45
4142
48
4145
4147
55
2104
4159
63
67
2117
2118
71
2122
2123
4175
4177
2130
4181
89
4187
2140
95
4192
97
4194
98
2149
4197
4203
4208
115
2165
4216
2168
122
2173
125
4223
128
4225
136
4236
142
147
4245
2204
2206
159
2208
166
168
2217
4265
2222
178
180
2230
2232
2234
2239
4293
217
4316
2270
4320
2272
2277
2284
4338
246
2296
249
253
2302
4350
4351
256
2306
260
2309
4357
4358
2313
270
273
2322
4374
2326
4376
4378
2334
289
290
4387
293
297
4394
2347
4396
4398
2351
303
2352
2355
313
2361
4412
316
317
4415
4417
2372
2375
327
4425
4431
4433
2386
4435
352
354
2403
357
2406
360
361
2410
2411
2413
2414
4463
367
2418
4466
4468
2422
2428
4476
4480
2432
2433
386
2435
4486
390
2440
2441
2443
2445
398
4496
404
4501
406
4504
409
410
4510
2462
414
416
418
420
4519
4520
432
2483
2485
2487
2488
2490
443
2491
2492
2493
4549
4551
456
4553
457
2505
4554
2508
4556
2509
4561
4562
4563
474
476
479
2527
2528
2529
2530
4580
2536
4585
4586
492
4590
2543
498
499
4595
4596
4598
4599
504
2556
4609
2564
4613
4615
2567
2568
4617
4622
530
532
536
2584
2592
549
4645
4647
4648
4649
4650
558
559
2607
4660
567
572
4669
2621
4672
582
4680
4681
589
2638
2641
593
2643
4693
603
4699
2652
4701
4702
4707
4712
4713
4714
2667
4715
619
2674
4723
2677
2678
634
2683
4732
637
2686
2689
4739
4741
647
4747
2704
4753
4756
662
2714
673
674
2723
2724
4777
2734
4782
687
4783
2737
4789
2742
2743
695
2745
4795
699
702
4800
4801
4803
2755
2756
2757
710
2764
4814
2767
4815
4818
2773
725
4828
732
733
735
2784
739
2789
4838
2790
2792
744
745
4843
753
2801
4859
765
4862
4863
772
2820
2821
777
786
4884
788
4886
4887
792
2841
2842
2848
803
804
806
807
2857
810
4906
2863
4913
4914
2867
821
4918
825
2873
2874
2877
2878
831
4928
4930
836
838
4935
4937
845
4946
4947
4949
856
2904
4952
4954
859
2908
2910
4963
868
4965
4967
4970
874
2932
2933
4982
889
4987
4990
896
4993
4995
4996
5000
2953
5003
907
911
2960
914
2963
2969
5022
2978
5026
2980
932
933
5031
5032
5035
941
942
950
2999
5048
952
3005
5058
962
967
3015
5064
971
3021
975
5074
980
981
3029
5078
984
3034
3035
3038
5086
5087
3039
994
3043
995
5093
1001
3054
5103
1010
5114
1023
5123
5125
1031
3084
5136
3089
3090
3091
3093
1050
3100
3102
1056
5153
3107
1059
1065
5165
1069
5166
5167
1074
5171
3124
1079
5175
3130
5180
1085
3133
1086
5182
3134
1088
1089
3139
1095
1096
3144
1097
5193
1098
5194
3158
5206
1111
3160
5211
3165
5214
5215
5216
5217
5219
5222
5223
5227
3181
1133
1139
5235
5238
3193
1147
1148
3200
5250
3204
3205
3208
1160
1162
1167
1168
3217
5266
3218
5267
3219
3223
1177
1180
3229
1182
1183
3234
3240
5291
3244
1201
3251
3254
1208
5307
3260
5309
5311
1217
1220
3270
1224
5320
3273
5323
3279
1235
3289
3292
3295
1251
3300
3302
1260
5359
1268
3316
3322
5372
3324
3325
1279
3327
1281
3329
5377
1284
5381
1286
5382
5385
3338
1290
3339
1292
3340
1293
5389
3342
1295
5391
5392
5395
1299
5396
3350
5400
3355
1309
1310
3358
3359
1315
3365
1317
1318
1320
5417
3369
3370
3372
5421
1326
3374
3377
3380
1333
5431
3384
5435
3388
5436
3389
1341
5438
5440
5441
3394
3396
3397
1352
3400
1353
1355
3405
5457
3410
1362
1363
1364
5461
3414
3417
3418
1370
3419
5468
5469
3424
1377
5477
1382
1383
1384
1389
5485
1394
1396
5496
3451
5500
3452
3456
1415
3466
5515
3468
3471
1424
3472
5524
3477
1430
3480
1433
1434
3482
1436
5534
5538
3490
1446
5546
3499
1452
5553
5555
5556
3510
5560
5561
3513
1468
5566
5569
1475
3523
5572
1478
3526
3532
3533
1486
3536
3537
1491
3539
1493
1496
3545
1497
3548
3551
3553
1507
3558
1513
1516
3566
3570
3571
1524
3577
1532
3580
1533
3581
1536
1540
1544
3593
3595
1548
1550
3599
1552
3602
1560
3609
1564
3614
1571
1575
3624
3626
3629
1581
3633
1587
1594
3643
1599
3650
3660
3666
3668
1620
3672
3674
3676
3677
3680
1635
3684
3693
1647
1648
1650
3705
3707
1660
1664
3715
1670
3719
1671
3726
3727
3730
1683
3738
1692
1699
1700
1701
3750
1703
3757
3758
3759
1715
3763
1717
1718
3777
3787
1740
3789
1741
3791
3792
1753
1756
3810
1766
1769
1770
1774
1775
3826
3830
1786
1789
3838
3847
3853
1807
1810
3859
3860
3861
1816
3865
1817
1820
3868
1823
3872
3873
3878
3882
1834
3886
1840
3891
3897
3901
3902
1857
3908
1864
1867
3919
3920
1873
1875
3937
3938
3939
3941
1895
3944
3954
1909
1910
3962
3963
3965
1920
3969
1927
3984
3985
3992
1948
4004
1959
1961
1966
4016
4020
4023
4032
4033
4034
1990
4041
1994
4045
1998
4046
4051
4056
4063
2017
4066
4067
2020
2022
4072
2025
2028
2029
2030
2033
4082
2037
4087
4090
4091
2044
2046
16
0
161
230
198
327
107
76
333
77
240
114
85
121
26
251
350
