932
4101
2053
4103
8
4107
4108
4112
4113
2075
27
29
4126
31
2081
4130
4131
4132
2085
4133
39
4137
46
2095
4145
2103
63
67
4166
70
2122
2124
2127
83
4181
4184
89
4186
4188
2141
95
96
2144
4193
97
2149
4197
102
4201
4203
2158
115
122
123
2172
124
2176
128
4225
2177
132
2183
136
2185
137
4238
142
2192
2194
147
4245
153
154
157
166
2214
168
4264
2220
2223
2225
178
179
4276
2232
184
2234
4284
2239
4288
2240
193
4291
2249
4298
205
4301
2254
2255
210
2261
217
2268
222
4319
4320
226
228
229
235
2284
2287
4336
241
2290
243
4339
4340
245
246
2296
2297
249
253
2302
4350
4354
2306
259
4358
2311
2315
270
2318
273
2322
2324
2334
2335
288
290
2342
295
2347
4396
2351
303
2352
4400
304
2354
4403
313
316
4412
317
2366
4415
4416
321
324
327
4424
4425
4430
4431
4433
4434
2386
342
4440
2399
352
2403
357
2410
2411
364
2414
367
4465
4466
4469
374
2422
2425
378
2428
4480
387
2435
4483
4485
4486
2443
2445
398
4496
2449
402
2452
2453
4501
4502
408
410
413
414
420
2468
2469
426
433
2484
2485
437
2488
2490
2491
2492
2493
446
4544
2496
4547
4551
456
2505
457
4554
2508
4556
2509
465
4561
4562
4567
2520
476
479
2528
2529
484
4586
496
499
4596
4597
2549
2552
4602
2556
509
4609
4610
516
4612
4616
4622
530
2579
532
2583
536
543
2591
2592
545
4641
4643
549
4648
4649
4650
562
4659
4660
2613
2614
4662
572
4669
2621
4672
4675
582
4680
2633
4681
589
2641
4689
593
2643
4691
4692
4693
603
2652
607
608
4704
611
4708
4714
2667
623
2671
4720
2673
4723
2676
2677
2679
4732
636
4736
2689
4739
2692
646
647
4743
4750
4751
4752
656
659
4756
666
2714
667
668
2717
674
675
2723
2724
4777
2732
2734
4783
2742
695
2743
4792
699
2750
702
703
4801
2755
4803
2757
4809
714
2762
2763
4813
4818
4819
2776
732
4830
734
4838
2792
4841
745
4843
4847
753
2805
761
765
2815
4863
4865
772
4869
4875
2828
784
786
2838
794
2842
2845
2846
798
800
2848
4896
801
802
804
805
806
808
2856
810
4906
2858
2861
2863
2867
821
824
825
2878
4926
2880
4928
834
2883
2885
4934
840
4936
4937
843
2892
845
4949
2901
856
4954
861
2910
865
2914
4967
872
4969
4970
874
875
879
4982
4987
4996
5000
2953
907
5004
914
5017
2970
5019
5022
2975
2978
931
2980
5031
935
2984
5035
2989
941
5038
5039
947
2999
953
957
959
960
5066
971
3020
3021
5073
5074
980
3029
5077
5081
3034
5087
3039
993
3043
3045
1000
3048
1001
5103
3057
1014
5112
1017
1023
1025
3075
1029
1032
3080
3082
5136
5139
3091
3092
3093
1047
5145
5147
3100
1056
3107
1065
5164
5165
5167
1071
5168
3122
5171
5172
1079
3130
5180
1085
3133
5182
3134
1086
1088
1089
1090
1094
3143
1096
1098
3148
5205
3158
5206
1111
3160
1118
5216
1120
5219
1124
5222
3174
3181
1134
1136
5235
1139
3188
3189
5239
5242
1147
3196
5250
3204
5252
5253
1166
1168
3217
5265
5266
5267
3219
3229
5277
1183
3234
5283
5287
1192
5291
3244
1196
5294
1200
1201
3251
3252
5301
5303
3256
1208
3257
5307
3261
5309
5311
1215
1221
3270
1224
5320
3274
1226
5323
3276
1235
5334
5335
1239
1241
3292
3295
1247
5346
1251
3300
1260
5358
5360
1268
5365
3320
5370
3325
1281
5377
3331
1284
5382
3338
3339
1292
3340
1293
5391
1295
1299
3348
5397
1302
3350
5398
5401
5403
3355
3356
1308
1310
3358
3359
5408
1314
1315
5413
1318
1319
1320
3370
3372
3374
1326
5422
5425
1332
3380
5428
1333
5429
1334
3388
5436
3389
1341
5438
3391
5440
5441
3394
1347
3396
3397
3400
3402
1355
5454
5456
3410
1362
3415
3418
1370
5469
1375
3424
3428
1382
1383
1387
5483
1389
5485
3439
5488
1396
5493
1398
5496
1409
1415
3465
5515
5516
1421
5519
3471
1424
3472
3477
1429
3478
1431
5528
1433
1434
1437
5542
1446
3498
1452
5550
5553
5555
5556
1461
3510
5560
5561
1468
5566
5569
5572
1477
3526
3532
1486
3535
3537
1492
1493
3545
3547
3551
3561
1522
3571
1524
1527
1530
3579
1532
3581
1533
1535
1536
3585
1544
3593
1547
3595
1550
3599
1556
1560
3609
1563
3624
3626
3629
3633
1594
3643
3644
1596
1601
3653
3660
3663
3666
3668
1620
3672
3677
1631
3680
1636
3684
1637
1644
1647
1656
1657
3707
1660
1664
3714
3719
1676
1678
3727
3728
3730
1683
3732
3737
3738
3745
1700
1701
3749
3752
3757
3758
3763
3765
1719
1720
1721
1723
1726
3777
3786
1741
3792
1744
3795
1748
1753
1757
1764
1766
1770
3818
3819
1775
3826
3828
1781
1784
1787
3837
3838
3841
3849
1803
1810
3860
3861
1815
1819
3868
1823
3873
3877
1834
1840
3891
1844
1847
1851
3901
3907
3908
1864
3913
3914
1867
1869
3920
1872
3927
1886
3934
3939
1902
1904
1905
1907
1909
1913
3962
1914
3965
1920
3970
1927
3983
3984
3987
3992
3997
3999
4001
1956
1960
1963
4016
4020
1972
4025
1979
1982
1983
4034
1986
4035
1989
1990
4041
4045
4051
4056
4066
4067
2020
2022
2028
2031
2033
4082
2036
2037
4086
4091
2044
2045
2047
16
224
100
132
300
76
77
79
175
16
401
121
123
251
316
350
254
