909
2049
4098
2057
4107
4108
2064
2071
2075
4126
31
4131
2083
4132
2085
4133
39
40
44
45
48
4145
55
4154
66
67
2118
78
4174
2128
4177
2130
4181
89
4186
95
98
99
2149
4203
2157
2158
4207
2165
2167
2168
4217
122
2175
4223
128
4225
134
2184
2188
4236
142
2192
147
148
4245
2197
4248
154
2204
2206
159
4257
166
2214
4265
173
175
4272
178
4274
2229
182
2230
4281
4284
4290
4291
4293
4296
201
4298
2252
4301
2255
212
4316
221
4320
2272
4321
226
229
2277
2280
2282
2284
4332
2286
4337
4338
243
248
2296
249
252
2300
2302
255
2306
4358
2312
2313
270
273
2322
276
4376
4385
289
290
293
2342
4394
4396
4397
4398
303
2351
2355
307
2357
313
316
4412
4413
2366
4415
4418
2372
2375
327
4425
333
4431
4432
2386
4434
2397
352
354
2403
2409
2410
2411
4461
4462
367
4466
371
4469
2423
2428
2432
4483
2436
2437
4486
2440
4489
2443
2444
2445
398
4496
2449
2452
404
4501
407
409
410
414
416
420
426
431
2485
437
4533
438
2487
2488
4536
2491
4544
448
456
457
2505
4554
2508
4561
4562
4563
2520
4568
2523
476
4573
4574
479
4576
2528
2530
4579
484
2532
485
4586
4588
494
4590
2543
496
4596
2549
4598
504
4603
508
512
513
515
4615
2567
4616
2569
4617
4620
4622
2579
532
536
4634
4636
4637
543
2592
4641
549
4648
4649
4650
2604
2607
4660
2621
4672
2624
578
2628
4677
2629
585
2640
593
2641
2643
4691
4692
4693
603
4699
2652
608
611
615
4711
4712
4713
619
4717
623
4723
627
2676
2677
632
2683
4732
2693
647
4747
2704
4752
4753
659
662
2714
666
668
2717
674
2723
2724
683
2734
4783
2741
2742
695
702
4801
4803
2755
708
2757
2760
2762
2763
717
4814
2768
724
2772
725
729
730
4826
4830
742
4838
745
4843
4844
749
2799
751
758
2809
767
771
772
2820
2821
777
4879
784
786
789
4887
792
2842
798
801
803
2851
804
4901
4904
2856
4906
4910
2863
4913
4917
824
825
4928
4930
2883
837
4934
4935
4936
840
4937
2891
843
845
4946
4947
4949
856
4954
2906
4956
861
2910
2914
2916
4967
4969
874
4970
875
4971
2927
879
2932
2933
4982
4983
889
4987
2941
4993
4995
5000
2953
911
914
5011
5013
5017
5019
5022
927
2975
928
931
2980
5029
934
5031
5032
938
5035
2988
2989
942
943
5039
2992
948
2998
950
953
5050
960
963
5061
967
3015
3023
976
981
5078
982
3033
3034
3035
5085
5087
3039
3043
995
5093
3048
3053
1007
3057
1010
1012
3060
3061
5114
1020
5125
5127
1031
3080
3083
1036
5134
3091
3092
3093
5141
5147
3100
5148
1055
1056
1057
5153
3107
1060
5158
1065
5165
1071
1073
1074
1076
5175
3129
5177
5180
1085
3134
1086
1088
1089
5187
3139
3140
1098
3148
1111
5207
3161
1114
1115
1116
5214
1118
5215
3167
5216
1121
5219
3175
5223
3181
3182
3183
5232
1137
1139
5235
5239
5241
5243
3200
5250
3204
1161
5262
3217
3219
3223
1177
1180
3229
1182
5278
3234
3238
1190
5287
3241
5289
1201
3252
3254
5307
3260
5308
1212
5309
5311
3267
3270
1224
5323
3278
5329
5334
1241
3289
3292
3295
5346
1251
3302
1260
3311
1268
5364
3316
3322
3324
3325
5374
3326
3327
5377
1281
3329
3330
3331
1284
5381
5382
3339
1292
1293
1296
5392
1297
1299
5398
1303
5400
1307
3358
1310
1311
5410
1315
3363
1318
1320
3370
5421
3374
1326
5422
5423
1327
5425
5427
1332
1335
5435
5436
5439
3392
5440
5441
3394
5443
1348
1349
5447
3400
3402
1355
1359
5456
5457
1362
3411
5461
3414
1367
1370
3419
5469
1375
1377
3425
1381
1382
3430
1383
1389
5485
1392
5488
5491
5493
1398
1399
5496
5499
3461
5509
1415
3466
5519
3471
1424
3475
3477
3480
1433
1434
3482
1436
1437
1441
1448
1452
5553
5555
1459
3507
3509
1461
1462
5560
5561
3513
3514
1467
5566
5569
3523
3526
5574
5575
5576
3530
3537
1489
1491
1492
1500
1505
1507
1513
3562
1518
1519
3569
1521
3571
3572
1528
3577
1531
1532
3580
1533
3583
3584
3585
1540
1543
3593
3595
1550
3599
1552
3602
1560
3611
3612
1564
1575
3626
3627
1581
1582
3633
1594
3643
3653
1614
3666
1620
3668
3672
3674
3677
1630
3680
1635
3686
3690
3692
1647
1648
3707
1660
1662
3711
1664
3719
3727
1680
3730
1683
3732
1689
3738
1690
1691
3742
3746
1699
1701
3749
3750
1704
3752
1707
3759
3763
3765
1720
1723
3777
1732
3781
3787
3791
3792
3793
3795
1756
3811
3816
1769
3818
3820
1775
1777
3826
1779
3832
3838
1795
3847
1802
3854
3859
1812
3860
3861
1815
1816
3865
1819
1823
1828
3877
3882
1838
1840
3891
3896
1851
3903
1858
3908
3914
1867
1872
1873
1874
3944
1902
1904
3954
1909
3958
1915
3963
3965
3969
3970
1925
3984
3987
1941
3992
1946
1948
3997
1956
4004
4005
1957
1959
4009
1963
1965
4020
1973
1977
1981
1982
4034
1989
1990
1999
2001
4051
2004
4052
4056
4058
2012
4062
4063
2017
4066
2020
2022
4071
2028
2029
2030
2036
2037
4086
4087
4088
2043
2045
4094
18
128
257
227
132
198
395
76
142
47
175
114
85
121
153
251
412
92
221
