1036
2
2051
2052
4101
4103
4106
4107
4108
12
2065
2066
18
2071
23
24
4121
26
2075
2076
4126
2080
2081
35
4133
40
2090
43
4142
2095
48
4145
2100
53
2103
55
56
4154
2107
4158
2112
67
2118
70
4167
78
4177
2131
4184
89
4185
90
2140
2141
94
2142
2143
95
4193
2147
4197
2149
102
107
4203
110
2158
2160
4213
121
122
2171
2172
4220
4223
128
4225
2178
2181
134
4236
142
2192
147
2197
4248
153
2204
2206
2211
166
2214
168
4264
4267
4268
2221
173
2222
4271
4272
4274
4276
2228
180
182
2230
4278
184
2234
4282
2240
4290
195
2243
4296
2251
207
2255
213
4316
2268
2270
223
4320
4321
226
4324
232
2282
235
4332
2284
4333
2286
239
4337
2290
242
4338
244
2296
248
249
2300
4350
2302
4351
4356
2309
4358
2311
264
2313
267
2316
270
273
2324
2327
4376
4378
289
4388
2342
4392
296
2345
4394
2347
4397
2352
2353
4406
4408
316
318
4415
2372
326
2375
4425
333
4430
2383
4432
2385
2386
4434
4438
342
4441
2394
2395
349
2397
352
2401
2402
2403
4453
4455
2410
2411
363
367
4463
2415
4465
4468
4475
2428
382
2432
385
2436
389
4485
390
4486
4487
2440
4489
2443
4493
2445
4494
398
4496
4499
408
4509
413
4510
418
2467
420
422
2474
433
436
2485
2487
2491
446
448
449
452
2501
4550
456
2504
2507
2508
465
4562
4563
2515
2522
476
4573
4574
479
2528
2530
484
2536
2541
494
4590
2543
4595
499
4596
504
506
4602
4603
2556
2564
4612
516
4614
2567
4615
4616
4617
4623
2575
4625
529
2579
2588
2591
2592
2593
4641
2595
4647
4648
4649
4650
4651
4660
4662
567
4664
569
570
4666
4668
2621
2624
4672
2626
578
4676
2628
2629
4679
4681
587
2641
594
4691
2643
4692
2645
4695
600
4699
4702
2655
609
2657
2666
2667
4716
4717
4719
623
2672
2675
627
4723
2677
4727
632
4728
2681
634
2683
4732
637
2686
2689
2690
643
4739
2692
4743
4746
650
4747
2700
4751
655
4752
2704
660
662
666
667
4763
4767
2722
2726
679
2734
686
689
4789
2742
695
4795
2751
4800
2754
4803
707
708
2756
4806
710
4809
2762
4814
719
2768
4818
4821
725
2776
4825
4830
735
4835
2788
4838
744
4842
746
4843
753
2801
4849
4851
758
760
762
4860
4863
2820
2821
2822
4872
4875
780
2829
786
4883
4896
801
803
2852
2853
805
2854
2856
2858
813
4910
2863
4913
819
821
4918
825
2875
827
828
4925
4926
2883
4931
2885
837
4934
2887
4937
4938
843
845
851
4949
2903
856
4954
861
2910
866
2915
4963
2916
4964
4965
872
4969
874
4970
2927
4977
882
2932
2933
4983
889
4987
2944
4992
4993
4994
901
5000
2953
5003
907
5009
5014
919
5016
921
5022
932
2980
933
934
935
5034
2987
5035
942
5039
2992
2993
5044
2999
5048
953
5053
959
5055
3008
5056
963
3015
5063
971
3021
5072
5074
982
3030
5078
3034
5083
5084
5085
3037
990
5087
992
3043
3044
996
5093
998
5094
3046
5095
3047
3048
1003
1004
5103
1010
3060
1013
1014
5111
5112
3067
5115
1019
1023
1025
1029
1031
5129
1033
3089
3090
3091
5141
3093
1049
3101
3102
1055
1056
5153
1057
5157
3111
1063
1068
1069
5165
1070
1071
3120
1073
5169
1078
5175
1079
3130
1085
1086
5182
3134
1088
1089
3139
3140
1096
1098
5197
5198
1104
1111
5207
3160
1112
5210
1115
5214
5219
1125
3174
5223
1128
5224
5226
5227
3179
1131
3181
1133
5235
1140
5237
3189
1143
1145
5248
5250
5252
5257
3211
5264
3217
5265
1174
5270
1177
3225
5275
1179
5277
1182
1186
3234
3241
3244
1196
1200
3252
5301
1207
3256
1209
3257
5309
3263
1215
1217
3267
1221
3270
1223
1224
3272
3273
1226
5323
3276
1235
5334
1241
5338
1243
3291
3292
5341
3295
1247
1251
3300
3302
5352
1256
3307
1260
1263
5359
1268
3316
5370
3326
5374
1281
3329
3330
1282
3331
1284
3332
5381
5382
1292
5389
5391
5392
1298
3348
5398
1302
1303
5400
5401
1308
1311
5411
5412
1317
3366
1320
3370
3371
5421
1326
5422
1327
5426
1332
5428
5429
5431
1338
5436
5440
3394
1347
3397
5447
1351
1355
5452
1358
3410
1362
5461
3414
3417
3419
3420
3422
1377
5474
1382
5478
1383
5480
5484
1393
5490
5491
1398
5494
5496
3448
1407
3456
5505
3458
3461
3465
3466
1420
1424
5520
5523
5524
1430
3481
1433
1434
3482
5536
1441
3493
1446
3499
1451
1452
5555
1461
1462
3510
3513
5561
3514
1467
5563
5566
5567
1473
1474
3523
5574
5576
5578
3530
3531
3532
3533
3536
1491
3539
1494
1497
3545
1500
3548
3551
1503
3553
3554
1510
1513
3562
1519
3569
3571
1524
1527
1528
3577
3580
1532
1533
3583
1540
3589
1543
1544
3593
3594
1548
1550
1551
1552
1554
3613
1569
1575
1576
1578
3626
3627
1581
1582
3633
3638
3639
1596
3645
3651
1609
3658
1614
3666
1619
1620
3668
3672
1626
3679
3680
3682
1635
1637
1644
3692
1649
1657
1659
3707
1660
1662
1663
1664
3717
3719
1680
1683
3738
1691
1700
3749
3750
1703
3752
3753
1706
1707
3757
3759
3765
1722
3778
1733
3785
3791
3792
3793
3796
1750
3798
1751
3800
1757
1760
1766
3814
3816
3819
1771
1775
3825
3826
1779
3830
1784
1788
3837
3838
1792
3841
3842
3848
1803
1810
3860
1816
3865
1823
3877
1829
1833
1834
1838
3890
1844
3894
3895
1849
1851
3902
3908
1864
1865
1867
3917
1870
3918
1873
1875
3928
3934
3950
1909
3958
1914
1915
1920
3978
3984
1936
1940
3991
1943
1948
3997
1950
4001
4004
1958
4007
1960
1961
4009
1963
4016
4017
1973
4023
4029
1982
4034
4035
1988
4039
1995
1999
2001
2003
2004
4052
4053
2007
4058
2011
4060
2014
4062
4063
4066
2019
2020
2022
4073
2030
2033
4082
2035
2036
4084
4085
2037
4086
4087
2039
2043
2046
2047
22
323
68
260
38
231
199
395
139
240
305
274
243
404
85
122
251
92
380
29
414
254
255
