1082
2
4098
2052
4101
2057
4105
4107
4108
24
25
2075
27
28
4126
31
2080
35
4132
2084
4133
2085
38
39
40
45
4145
2100
55
4154
2107
4156
4158
66
67
4164
2122
78
2132
4181
2134
4185
4186
94
4193
2149
102
4203
2157
2158
112
113
4210
2165
118
120
4217
2171
129
130
131
134
4236
2188
143
2191
144
2192
2193
4242
147
4245
154
164
4261
2214
167
2217
4269
173
2222
4272
177
178
4276
180
181
182
184
2234
4282
4284
2237
190
4290
195
4291
2244
4293
201
4298
203
4301
4306
212
4309
2265
220
221
2270
4321
226
229
2282
4331
4332
2286
4336
4337
2290
242
243
248
249
4346
250
252
2300
4350
4351
256
2306
4355
4356
4357
2309
4358
4359
2312
2313
266
2318
270
273
4370
2322
275
276
282
2332
2334
288
289
2337
290
2342
2347
4398
303
305
4403
307
309
4408
313
316
2366
325
328
4425
2379
4428
333
4434
2386
343
4443
2397
352
353
4451
357
2409
2410
2411
4461
2414
4463
4466
4468
4469
2422
4472
2425
379
2428
2432
4480
2434
2435
4483
2436
389
390
4489
4494
2449
405
410
4509
414
416
2465
418
420
2470
4521
426
427
4526
431
433
437
4533
2486
2491
444
2493
4543
448
4544
451
2501
2503
4551
456
2505
4556
2509
2513
4562
2515
469
2518
4567
2520
4569
2523
476
4573
4574
2528
2529
482
4579
484
2536
4586
494
2543
4592
496
4593
2545
2547
499
2549
502
504
506
2555
4603
512
515
2564
4615
2568
4616
4620
4621
530
2579
4628
532
535
4632
537
4634
4637
4638
4640
4641
4643
549
4647
4649
4650
554
4651
2604
4652
556
2605
2606
2608
561
4660
2613
567
4665
569
571
572
2621
4670
574
575
4673
578
2626
580
2628
2629
4679
4680
4681
2639
593
4690
595
4691
2646
4699
603
606
4702
609
2660
615
616
4714
2667
4716
4717
4719
623
627
2676
4728
632
4729
4732
637
2690
647
649
4747
651
4750
2704
4752
4753
4754
659
660
4756
668
4765
2718
673
2722
4777
2731
4781
685
2734
4783
692
2741
4789
695
697
698
699
701
2750
4800
2753
4801
2755
707
2756
708
2757
4806
710
2760
2762
2763
4814
4815
2768
720
4818
2772
725
2775
2777
4826
4830
735
2784
4838
2791
2792
4841
745
2796
751
2801
4849
758
2809
4861
765
2814
4863
2817
771
772
2820
2821
777
4875
4878
783
4883
787
789
2842
797
2848
2851
803
2853
2855
4904
2856
2857
2858
4906
811
814
4910
2863
2864
4913
4917
4918
824
825
2873
2875
2883
4932
837
4934
4936
843
844
845
4942
4947
4949
2903
856
861
864
2914
2915
4963
2916
870
4969
4970
874
875
2927
881
884
885
4982
887
4983
4987
2941
4992
901
4998
5001
906
5005
914
5011
5012
5013
5015
5017
2971
2972
5022
926
928
2977
931
2980
933
5029
934
5032
938
5036
2989
942
943
5039
2992
2995
948
2998
2999
5048
5049
953
958
5056
960
5058
963
5061
5064
973
3023
5072
3024
978
5074
980
3029
981
5078
982
5079
983
3033
986
5083
3035
988
5085
5087
3042
5094
3048
1004
3054
3057
1012
3060
3061
1015
3067
5117
5122
5125
5127
3079
3083
3084
5136
3089
3091
1043
5139
3092
3093
5141
5142
1047
5147
5148
3102
1055
3103
5153
1057
5155
1060
5158
3110
3111
1071
1073
3122
1076
5173
3125
1079
5176
3129
5177
3130
5180
3133
1086
5182
1088
1089
3138
1091
3139
5192
5195
3148
5197
5204
5206
5207
1111
3163
5213
1118
5214
3167
5216
1121
3169
5219
5225
3180
3181
1133
1134
5232
1137
5239
1147
5243
3204
1160
3210
5259
5264
3216
1168
3219
5270
1178
3228
3229
1182
5278
1183
3234
1186
5283
5285
1190
3239
5287
5289
3245
3246
1199
3247
1200
1201
3252
5301
3254
1206
5303
3259
3267
5317
1221
3270
5320
1224
3273
5323
5329
5330
1235
3283
5334
3287
1241
3292
3293
3295
5343
1248
5346
1251
5347
1255
3307
5355
5359
5363
1268
3319
3322
5372
3325
5373
3326
3327
1281
3329
5377
3330
3331
1284
5382
3339
3340
1293
3342
5391
3346
1298
1299
3348
5398
1302
3350
1303
5400
3353
1306
3355
1308
3359
1311
1315
5411
1317
1318
1319
1320
3370
3374
1326
5422
1327
3375
5425
3379
5428
1332
1333
5429
3382
5431
3384
5436
5439
5442
3394
3396
5447
3400
3402
1355
5452
3405
5454
5456
3410
3411
3412
3414
3417
1370
3418
3420
5469
3422
1375
1376
3424
1377
5474
1381
1382
1383
1385
3436
1389
5488
3443
1396
5493
1398
5494
5501
3456
1413
3461
5511
3466
5515
1421
5519
1424
3472
5524
3477
1430
3480
1434
1437
3487
1441
1446
3495
3499
3500
1453
5552
5553
5555
3507
1460
1461
3510
1462
1467
1468
5566
5569
3523
5571
1476
5572
5573
5574
3526
5576
3530
5578
3532
3533
1487
3536
3537
1491
1492
3541
3543
3545
1500
1501
3554
3559
1513
3562
1515
1516
1519
3567
3569
1525
1528
3577
3580
1533
1536
3585
1540
3593
3594
1550
3599
1552
3603
1559
3609
3611
3612
3613
3624
3626
3629
1582
3633
3641
3643
3644
3649
1605
3653
1614
3666
1620
1629
3692
3698
3709
1662
3711
3715
1669
1670
3719
3722
1678
3727
1680
3732
3738
1691
1693
3746
1699
1700
1701
3749
3750
1704
3752
1706
3755
1707
3757
3758
1712
3763
3765
1720
1723
3774
1729
3777
1732
3787
1742
3792
3793
3794
3795
3797
3806
3811
3813
3816
1770
3818
1771
1775
3824
1777
3826
1779
1781
3830
3832
3834
3837
3841
1795
1799
1802
3851
1803
1810
3858
1812
3860
3861
1815
1816
3865
1819
3868
3870
1823
3871
3873
1828
3877
3882
3886
1838
3887
3891
1844
1851
3901
3902
1854
1862
3914
3915
3917
1870
1872
1873
1874
1875
1881
3932
3941
3944
1902
1904
1906
3954
1909
3958
1915
1920
3970
1925
1931
3984
3987
1941
3992
3993
3996
1948
3997
1951
1955
4004
1956
4005
1960
1961
4009
1963
4015
4017
1972
4020
1973
4023
4028
1982
1984
4035
1989
1999
4050
4051
4052
2004
2007
4056
4057
4058
2010
4062
4064
2017
4066
4067
4071
2023
2031
2032
2033
2034
4082
2036
2037
4088
2043
4091
2045
25
256
257
3
68
132
395
76
77
81
344
153
219
92
30
286
229
40
235
175
240
242
371
58
62
190
