920
2048
2053
4101
4105
2057
14
2065
4113
2067
2071
23
25
27
2075
4126
2078
2080
4130
4131
2090
4145
2098
2100
55
2103
4151
56
4154
63
2112
2115
4166
2122
78
4177
82
2131
83
89
90
2140
2142
96
97
98
2147
102
110
2162
115
2166
2167
4215
122
2172
4226
130
4228
134
4231
136
2185
4234
4236
4239
4241
2194
147
2197
4251
4257
2214
2215
168
2217
4265
2220
2221
4272
177
178
4276
2231
4280
2232
185
2234
190
4293
2247
4296
2250
2261
217
2268
221
222
2270
223
4320
2272
4321
226
4324
229
4327
4329
2282
4332
2286
4337
4338
242
2290
243
246
4342
2296
249
2300
2306
4354
4356
4358
4359
2313
266
4364
4366
4378
2333
2334
2335
4384
288
2342
2347
4397
4398
303
2352
2355
309
2360
316
317
4417
2372
2374
327
2381
2382
4431
4432
2384
4433
2386
4434
2389
342
344
4440
2394
2395
2397
2398
4446
2399
352
354
2403
357
4457
4459
2411
4460
2414
372
2422
4472
4478
383
4480
2432
385
2434
386
2435
2437
390
4489
2443
2445
4499
2452
2453
409
4510
417
418
420
426
429
430
2478
431
4528
433
2484
4533
2486
2488
2491
2492
2493
446
2496
448
2499
452
2501
454
4550
2504
456
457
2505
4554
4556
2508
2509
4561
4562
2523
476
4573
4574
2529
483
484
485
4582
2536
493
496
4593
499
4595
501
4598
4600
504
2552
506
508
512
4610
2563
2572
4621
530
2579
2580
536
4637
543
4643
4645
4650
2606
2607
562
567
570
572
4669
2622
578
4675
2629
582
2631
4680
4681
4683
589
593
595
4694
2651
2652
605
4704
609
4706
4707
4712
2665
4713
4714
2667
619
4717
2673
2674
627
2676
4727
632
634
4732
2689
4738
4739
643
2692
645
646
4750
4751
4752
4753
2707
4756
663
2712
2714
2715
667
2717
2718
2726
679
4777
2730
683
2734
4783
4786
2741
694
695
4791
2743
2744
699
700
2750
4800
2754
707
4803
4810
4811
4814
721
4818
2772
4821
725
732
2781
2788
2790
4839
2792
748
4849
753
2801
4850
4851
2805
758
761
2812
765
766
4863
4865
772
2822
2823
4872
4874
778
4875
780
4880
784
2833
2834
2838
4887
2845
2848
800
801
4898
803
2852
4901
810
2859
4910
2863
4913
2867
825
4921
2878
2881
833
4930
4931
837
4937
2892
845
4946
2902
2903
856
4952
2910
2914
4970
4971
2930
4982
4984
2937
889
4987
891
4993
4995
2950
5003
907
917
919
921
2970
2972
5022
927
2979
932
933
934
5031
5035
941
5038
943
5039
2992
947
2995
5044
2999
5048
955
957
5056
963
3011
3013
965
5063
5065
971
3021
5074
980
3029
5078
982
5080
990
3039
3042
995
3044
996
3045
3046
3048
1001
5103
5104
1010
1014
5111
5115
1019
3070
1024
5125
1029
3085
5134
5136
3093
5141
5147
3100
1055
5153
5155
1061
1065
1069
3119
5167
5168
1076
1079
3130
1082
3133
3134
5182
1086
1088
1089
5192
1096
1097
1098
1101
5197
3154
3155
5206
3158
1111
5207
3160
5210
1119
5216
1124
5222
5226
3179
3181
3182
1134
3189
3191
1144
5242
1147
3200
5248
3204
5253
1160
1167
1168
5266
3219
5267
1174
3224
1177
1180
3229
1182
1183
5279
5283
1187
5285
5288
3241
5291
3244
3246
1200
3251
5301
3254
1208
3256
5309
5318
5320
1224
3274
5322
1235
5332
5334
3286
5335
1241
3289
3292
1245
5343
3299
1251
3301
1256
1260
5357
1262
1263
3313
1268
5365
3320
5370
5373
5374
3327
5376
1281
3331
3332
3338
3339
3340
1292
5391
1295
1296
1299
1302
3350
5401
3355
1310
3358
1311
1312
5410
1315
1317
1319
3367
3370
3372
5421
1326
5423
1327
3376
1330
3380
1332
1333
5429
1334
1335
3385
5434
3389
1341
5438
5441
3394
1347
1348
3396
1349
3397
5445
5447
3399
1351
3400
5453
5454
5457
5458
3415
3418
5466
1374
3424
3428
1382
1383
1384
5483
5484
5485
1392
5490
1396
3445
5494
1398
3448
5497
3453
3456
5505
1410
1413
1415
3466
5515
3468
1421
1424
3472
5524
3477
1430
3480
1434
3484
1436
1437
1440
5538
1446
5542
3495
3499
1452
1453
1458
5555
5556
3510
1462
1463
3514
1467
1468
1469
5566
5569
5572
3525
3530
5578
5579
3531
1483
3532
3533
1485
1486
1489
3539
1491
1493
3544
3545
3548
3549
3550
1513
1519
1521
1527
1530
3582
1535
1536
1540
1543
3593
1550
1551
1552
1558
1560
3609
1562
1563
1564
3612
1569
3624
3625
3627
3629
3641
1594
3643
3647
1604
3659
1614
3666
1619
1620
3670
3674
1629
3684
1636
1648
1656
3705
1663
1664
3714
3717
3719
1672
3722
3728
3730
3735
1688
3738
1699
1700
3750
3751
1706
3757
3758
1711
3763
1723
1728
3777
1731
1732
3786
1741
3792
3795
3798
3800
1753
3804
3808
1761
1763
1766
3816
1769
1770
1775
1779
1786
1792
3841
1796
3847
3854
1809
1810
3860
3868
1823
3877
1829
1838
1840
3890
3891
3898
3909
3917
3920
1879
3939
1895
3944
3951
3953
3954
1909
1913
3962
3963
1920
3969
3971
1927
3977
3978
3980
3983
3984
1939
1948
3999
1959
4007
1960
1963
4016
1973
1975
4029
4045
4047
2002
4051
2010
2014
4063
4064
4065
4066
4067
2022
4073
2029
2033
4082
4084
2036
2039
2043
4091
2044
19
290
323
36
100
74
203
395
77
142
242
114
276
341
217
57
189
350
351
255
