946
4096
4101
4103
2057
2058
4107
13
4118
2071
4121
4123
2075
2077
31
4127
2080
4131
36
4132
4133
2085
38
40
45
4142
4145
4146
2100
55
2103
61
4160
67
2115
4164
70
72
2121
2122
2123
75
4174
4184
89
4188
2141
4189
98
2147
4198
4199
4202
113
115
4217
125
2176
2177
129
4225
4227
2183
141
2192
145
4245
4248
153
154
2203
4251
158
4254
2208
164
4262
167
168
4264
2221
2222
4272
4275
180
2231
184
2234
187
2239
195
4293
4299
4301
2255
211
212
4309
2265
2268
222
2270
2272
4320
4321
226
235
4335
2290
242
243
4339
248
2296
249
252
4349
253
4350
4351
2304
256
2306
4355
2309
4358
2311
4359
4360
2313
4364
2318
274
4371
2324
276
279
2335
2337
4388
2341
4395
2347
4396
4397
303
2352
304
307
4403
4407
2360
4411
316
4415
324
327
4425
4431
2384
4434
2386
2388
341
4438
342
2391
344
2393
4443
2396
2399
352
2402
4451
2403
2406
361
2410
4460
4463
4465
4466
2418
372
4469
2424
379
4475
4476
4478
383
4483
4484
4485
389
390
2443
2445
4497
4502
2462
418
420
4517
4519
426
429
430
433
4535
2491
446
4544
451
4551
456
457
4554
2508
462
4562
476
4573
4574
482
4579
484
2536
4588
493
2542
2543
2545
499
500
2549
4599
4600
4602
2556
2557
4608
515
4612
516
2564
4615
2568
522
4622
2574
532
4628
2582
536
2584
537
4634
542
4638
2591
2592
2593
546
4643
4645
4647
4650
554
2604
4653
2605
2607
2608
561
4660
2613
4662
570
572
2621
4673
578
580
2629
582
2631
4681
2635
4683
589
593
4690
4693
4694
603
4699
4701
4702
4706
611
2665
4714
2667
4716
621
622
623
2671
627
2676
629
637
4736
2690
4739
2692
4741
4743
4745
2698
4746
650
4747
651
2700
653
4751
4753
659
2707
662
2712
2714
666
2715
674
2722
2723
2724
2734
4783
4785
689
4789
694
695
2744
4795
701
2750
702
2751
704
4800
4801
4803
2756
2758
4809
2762
2763
716
4814
4815
4818
4819
2776
728
2781
2784
2789
2796
751
2801
758
2810
762
4861
4863
2818
771
772
2821
4870
775
777
778
4875
786
2834
788
4886
2841
797
4896
801
803
2851
4899
804
805
807
2855
2858
2859
2863
2864
825
2873
827
4926
2878
4928
834
4933
2885
2887
2888
845
2901
4949
856
2908
861
864
2914
4963
869
4966
4967
872
4969
4970
874
4975
2927
4980
4982
2937
4987
2943
4996
2950
903
904
2953
906
5003
5005
2960
914
5011
2964
917
5013
5016
5017
5019
5022
926
927
2975
928
929
2978
5026
931
5029
933
935
5031
5032
938
5035
942
5039
950
5047
5048
959
5055
5056
960
3011
3012
3013
5061
967
5064
5065
5069
3021
5074
3029
5078
3033
5081
3035
5083
5086
5087
993
3042
5093
997
3045
5094
3048
3054
5103
3057
5106
3062
1014
1015
5112
3067
5120
1025
5121
1029
3080
1039
3089
3090
5139
3091
3093
5147
3100
5148
3102
1055
1056
3107
1060
3110
3113
1065
1069
3118
5166
1071
1074
5173
3127
5181
1086
3134
5182
3139
5193
5194
1100
3148
5197
3151
3155
5204
5207
1111
3163
5214
1121
3169
5225
5227
1133
1136
1139
3189
5237
5239
1144
5248
3204
5252
1160
1162
5259
3212
5261
1166
5265
5270
1175
5275
3228
5277
1182
5278
5279
3234
5289
1195
1196
3244
3245
1200
1201
3252
5301
3254
5303
3257
5307
3259
1211
3260
3262
1215
5314
1221
3270
1223
1224
3273
1226
3276
3279
1235
5334
3289
1241
5340
1247
5343
3295
5346
5347
3301
3302
1260
5357
5359
3312
3313
1268
5369
3322
3327
5377
1281
1289
5385
3338
1292
5391
5392
3345
3348
3350
5398
1302
3351
1306
1310
3358
3359
3360
5408
1315
1317
3365
1318
1319
3368
5417
3370
1326
5422
1327
3376
5425
5429
5431
3388
5436
5441
5442
3394
3397
5447
3399
3410
1362
1364
3417
3420
5469
1377
5477
5480
1385
1389
5485
3439
5488
3442
5493
5496
3456
1409
1410
5506
1413
1415
5519
1424
5520
5524
3477
1430
1434
1436
1437
5534
1446
1447
1449
5546
3499
1452
1453
1458
5555
5560
3512
3513
5566
5567
5569
5571
3523
5577
3530
5578
3532
1485
3533
3536
3539
3541
1496
3545
1497
1500
3549
3551
3554
3559
3561
1514
3565
3566
1524
3575
3577
1532
3581
1533
3582
1540
3590
1544
3595
1550
3599
1553
3606
1558
1559
1560
1562
3611
1566
1569
3625
3627
3629
3633
1587
1594
1596
3644
1599
3650
1604
3653
3660
1614
3664
3666
1620
3677
3680
3681
1636
3685
1648
3697
3698
1653
1655
1656
3711
1664
3716
3719
3722
1680
3728
3730
1684
3732
1688
3738
3740
3746
1699
3750
1703
3751
1707
3757
1711
1714
1721
1723
1725
1728
3776
3778
1731
1732
1733
3787
3788
1744
3792
3795
1757
1758
1766
3818
1775
3825
3826
3827
3830
1784
3832
1785
1786
3834
3841
1795
1797
1803
1810
3859
1812
1815
1816
3865
1818
1819
3870
1823
1828
3882
3886
1840
3889
3891
1843
3901
3907
1864
1870
3919
1872
3920
1874
1875
1881
1886
1909
3965
1920
3970
1925
1931
3981
1934
3984
3985
1939
1941
3998
1951
4001
1955
4004
1956
4005
1961
1963
4016
1972
4023
1984
4035
1989
1990
1995
4048
4050
2005
4058
2011
4060
2014
4067
2019
2022
2023
4071
4072
4074
2028
2031
2033
4082
2036
4084
2037
4085
4086
2039
4088
2043
2044
2047
4095
19
161
2
131
229
297
11
175
240
401
305
83
248
121
57
153
220
286
254
318
