938
4101
2057
10
12
2066
4118
2073
25
2074
2075
27
4126
4130
4131
2085
4133
40
45
4145
4146
2103
55
4158
2112
2115
4166
2121
2122
75
4177
83
4188
4189
95
2149
102
2156
2159
2160
115
2165
2166
120
4217
122
2172
128
4225
2177
129
4228
133
2183
2185
4234
2188
141
142
4238
4239
4241
2194
147
4244
4250
154
4251
4254
2206
4259
166
4262
2217
2220
174
4272
4276
4278
2234
187
2239
195
196
4293
201
2250
4303
211
212
2261
215
222
223
4320
4321
226
229
2284
2286
4335
2288
2290
242
2291
4339
2296
248
249
4346
252
253
2302
4350
2306
261
4358
2312
4364
273
276
280
2333
2334
2335
4383
4388
2341
293
2342
4392
4394
301
2351
303
304
4403
2355
307
4407
311
4408
316
4415
4417
324
327
4425
4431
4432
2384
4433
4434
2386
338
342
4440
344
2395
352
357
2409
361
2410
4459
4460
4461
366
2414
2418
372
4478
383
4480
2435
4486
4488
2443
2445
398
4496
400
402
4499
2452
2453
4502
4507
2467
420
2470
4519
424
2473
426
4523
430
431
433
2484
2485
4533
4534
2491
2493
4544
2497
2505
457
4554
4556
2509
4561
4562
467
468
4565
2523
476
4573
4574
479
2529
4579
484
4582
4583
493
2542
2543
500
4596
501
2552
504
4600
4601
506
2556
4610
515
4615
2568
2572
530
536
4634
2588
4637
543
4643
549
4645
4648
4649
4650
554
2604
558
562
4660
2613
572
4668
2622
4671
4672
578
4675
579
582
2631
4680
2635
4683
589
2641
593
4690
2643
4694
2647
601
2651
4699
2652
605
4704
4705
611
612
614
615
2665
4714
2671
2673
4723
2676
629
2677
630
2681
4732
2686
4736
2690
2692
646
4743
4745
2697
4747
2700
4748
653
654
4750
4751
4753
4756
662
2712
666
2714
667
2715
4777
4780
2734
4785
2742
694
695
2745
699
700
707
2755
4803
708
2758
2760
4810
4811
716
2767
721
2770
4819
4820
2776
4825
4830
736
4838
2792
4842
4843
748
751
2805
758
4856
760
2809
761
762
2811
765
4863
772
2820
2821
4870
2823
778
4874
4875
2829
784
2834
789
2838
4887
2847
2848
800
801
803
2858
2859
2863
4913
2869
825
4921
827
828
2878
834
4936
4937
4947
2901
4949
856
4952
4954
861
2914
4965
4966
4969
4970
4974
2927
2930
4982
4987
891
2941
4996
2949
2950
903
5000
2960
5011
5013
917
2967
5016
2970
5019
927
928
2979
2980
932
5029
933
5031
938
5035
940
942
5038
5039
943
947
2998
950
2999
3002
957
959
5056
3011
5061
3013
965
3017
971
3020
3023
980
5078
3033
5081
3034
3035
989
5087
3039
993
3042
3043
3045
998
5094
5097
5106
1012
1014
1017
5115
1022
3070
1023
1024
3083
3084
5132
5136
3091
5139
3093
1046
5148
3100
1056
5153
5157
1066
5165
1071
5167
1073
1074
1079
3129
5177
3130
1085
3133
5182
1086
3134
1088
1089
3139
1091
1094
5192
1097
1098
5194
5197
3150
3151
1105
3155
5206
1111
5207
5208
3160
1114
5214
3167
5216
1121
1124
1125
5227
3182
3183
1136
1137
5235
3189
5237
1143
3192
1144
5241
5242
1147
5248
5250
5252
3204
5253
3207
1160
1166
1167
5264
3217
5266
5268
1174
1178
1182
5278
1183
5279
3234
5289
5290
3243
3244
5294
1199
1200
3251
5303
3256
1211
1212
5309
1216
3270
1224
5320
3274
3275
1229
5329
1234
1235
5332
5334
5335
1241
3292
1247
3295
1251
3301
5355
1260
5357
3312
3313
1266
1268
5365
3320
3322
5370
5372
3327
3328
1281
3331
3338
3340
1292
5391
5398
5401
5403
3355
1307
3358
1310
3359
5408
3360
1315
1317
1319
1321
3370
1324
1327
3376
1332
1333
3382
1334
3389
5438
5439
3391
5440
5441
5442
1346
3396
3397
5445
5447
3399
1355
5453
3408
5458
1365
3415
5465
3418
5469
3422
1374
3424
1377
3428
1382
1383
3431
1384
1387
5483
5485
3439
1392
1396
1398
5494
5496
1401
1409
5505
1413
3465
5513
5515
1421
1424
3472
5523
3477
1433
1434
1436
1437
1442
5538
3493
5542
1452
1453
3504
1456
1458
5555
5557
3510
1463
5561
3513
1468
5566
5568
5569
3523
5572
1477
3526
1482
3530
5578
3532
3539
3547
1500
3548
3549
3551
3553
1514
1515
1520
1521
3571
1524
1527
3577
1532
1533
3581
3582
1536
1537
1540
3590
1543
1547
1548
1550
1554
1558
3609
1562
3611
1563
3612
1566
1569
3624
3625
3626
3629
1584
1587
3638
3639
1594
3643
1599
3650
1604
3660
1614
3666
1619
1620
3668
3670
3672
3676
3680
3681
1636
1648
1653
1656
1657
3706
3707
1660
3711
1664
3714
3719
1672
3728
3730
1683
1688
3738
3740
1700
1701
3750
3751
1704
3752
1707
3758
1715
1721
1723
1728
3776
1731
3784
3786
3787
3788
3791
3792
1744
3798
3811
1766
1770
1775
1777
3826
3832
1785
3841
1795
3844
1797
1799
3848
1802
3851
3854
1810
3859
1812
3860
3862
1816
1817
3868
1823
1828
3877
3878
3879
3882
1840
3890
1843
3894
3897
1851
3901
3902
3907
3908
1865
1867
1870
3919
3920
1874
1875
3924
1883
1886
3934
1891
3942
3951
1909
1913
1925
1926
3979
3980
3983
3984
1939
1941
3995
3999
4005
1960
4016
4017
1972
1984
4034
4035
1995
4047
2000
2004
4053
4055
4058
2011
4060
2014
2017
4066
2019
4067
2020
2022
4071
4075
2033
2036
2037
4086
2039
2040
2041
2043
4091
19
257
100
105
265
297
330
203
44
77
301
17
401
248
280
153
57
251
60
380
