940
4097
4098
3
4101
2057
12
14
2065
4113
2066
18
2067
23
25
4121
28
4126
4131
2084
4133
40
2089
2090
4142
2096
2100
55
4151
2103
56
2104
2107
60
4158
63
2112
4163
67
72
4169
74
79
4177
82
2131
89
90
2138
2140
94
97
2147
102
104
4200
2154
2160
115
4213
2166
122
2172
2176
2177
4228
133
136
139
2187
4236
4239
4240
145
4241
2194
2196
149
4248
2204
2205
2206
4256
2214
168
2217
2221
4270
4272
178
2231
4280
2232
2234
188
2237
2238
2241
195
2244
197
2246
4296
2250
207
2259
217
2268
221
223
4321
226
4324
234
4333
2286
4336
2290
4338
242
246
4342
4344
2296
249
250
4349
256
2306
2307
4358
4360
2313
2316
4364
4366
4367
4370
2322
275
277
279
4378
282
2333
288
289
2342
295
4392
2347
4396
4397
303
2352
2355
4403
309
4413
317
4414
2366
318
2369
4417
322
4422
327
330
4430
2383
2385
4433
4434
2386
341
2394
2395
2397
352
2403
2410
2411
4459
364
4462
4465
371
4468
2422
375
4472
2425
4477
2432
385
4487
2443
2445
398
4494
4497
4499
4512
2464
2467
420
4516
4519
423
424
4521
2478
433
2484
4533
2486
2491
2492
446
4543
4544
2496
449
2499
452
2501
4550
2507
2508
463
4559
2513
465
4562
466
4563
4567
471
4571
476
4573
4574
2528
482
484
4582
2535
501
2551
504
506
508
512
4608
2560
4609
4614
4615
2568
520
4619
2580
532
2582
534
536
2588
4637
543
545
2593
547
549
553
4649
4650
4653
4660
2614
4664
570
4666
4668
4669
2622
575
4673
578
2628
583
2632
4681
589
593
4690
4693
2649
4699
2651
604
605
2653
2655
609
2659
2661
2665
4714
2667
2673
2674
627
2676
4726
2681
4732
2686
641
2689
2690
4739
2692
645
2698
653
4750
2704
4753
4755
659
661
663
2712
667
2717
673
675
2724
2726
679
4776
4781
2734
686
4786
2741
695
2743
697
2745
4795
700
4800
2753
2754
707
2756
4806
2762
4810
4811
721
722
2772
4821
728
2776
729
4827
732
4839
743
748
4846
753
2801
2802
754
4851
2805
4856
760
762
2812
4863
2818
772
2821
2823
4872
777
4874
4875
780
2829
790
4887
2843
4894
801
803
808
810
4911
2863
4913
2867
820
825
4921
827
4925
2877
833
4937
2890
845
847
4949
2902
856
857
861
2910
4964
4965
4970
874
875
2927
2928
2930
2937
889
4987
891
2943
2946
4996
2948
5003
907
5004
5008
5009
919
5017
921
5022
927
929
2979
2980
932
934
5032
937
2987
941
942
5039
943
946
2995
5044
2997
2999
3002
955
5053
959
5056
963
5061
5063
5064
971
5067
5069
3021
5076
981
3029
5078
3030
5079
5080
5083
3035
988
996
3044
5093
5094
998
999
1001
1003
5103
5104
1010
5106
5110
5111
5115
1019
5117
5118
3070
1023
1024
3074
5125
3085
5133
5139
3093
3095
1047
1050
3101
5150
5153
5154
5157
1062
1065
5162
1068
1069
5169
1076
5172
1079
3127
1080
3128
5182
1086
3134
1089
3138
3139
5192
1096
1097
1101
1103
3152
1105
3158
5207
1111
3160
1112
5210
1119
1124
5222
3174
3177
5227
3179
1131
3181
1134
3187
1139
1140
5237
3189
1143
1144
5240
3199
5248
5252
3204
1160
5260
3219
5267
3221
1174
5271
3224
1177
1179
1180
3229
1182
5281
1186
5283
3239
3241
1196
3244
1197
3247
1200
5301
5303
1208
1209
3259
3260
3262
1217
5314
3270
5318
1222
1223
1224
3273
3274
5323
3277
1235
3283
5332
5334
1241
3292
5341
5343
3295
1248
1251
1256
1257
1260
1263
1268
3318
3325
5374
3327
1281
5380
5382
3338
1292
5389
5391
3343
1295
3346
3350
3351
5400
5401
3353
1310
1312
5410
3363
1315
3364
1317
1318
1319
5415
3370
3372
1326
3374
5425
5426
3380
1332
5428
5429
3384
5436
3389
1341
3390
5438
1347
3397
5445
3398
5447
3400
5450
1355
3403
1357
5453
5454
5458
3412
1370
5467
3420
5470
3422
1374
5471
1376
1378
1382
1383
1384
5484
1392
1393
3443
5494
3446
5501
5502
1407
5505
5506
5515
5519
1424
5523
3477
3478
1431
3480
1434
1436
3488
1440
5538
3493
1446
5542
5543
1447
1451
5555
5556
3510
1463
3512
5560
3513
5566
5569
3523
3525
5576
5577
5578
1483
3532
1486
3539
3544
3545
1501
3549
3558
1511
1516
1519
3569
3573
3577
1530
1533
1535
1540
1543
3593
1548
1550
1551
1553
1554
1562
1563
3612
3613
3614
1569
3621
1574
3626
3627
3631
3633
3638
3639
1594
1597
3645
1600
3658
1611
1614
3663
3666
1619
3670
3677
1632
3684
1643
1648
1652
1661
3715
3719
1671
1672
3722
3726
1680
1683
1685
3738
1697
1700
1701
1703
1706
3755
1707
3757
3760
3763
3774
3777
3780
1741
3791
3794
3800
1753
1758
1760
1763
1766
1767
3816
1775
1777
3829
1789
3841
3845
1804
1805
3854
1809
1810
3860
1813
3862
3873
3877
1829
1830
3890
3894
1847
3895
1851
3901
1853
3902
1854
3911
1865
3914
3916
3917
1870
3920
1873
1879
3930
1884
3934
3939
1892
3941
1895
3951
3953
3954
1909
3962
1916
1917
3965
1927
1931
3980
1933
3984
1936
1944
3996
3998
1950
1952
1953
4004
1963
4016
1972
1975
4025
4028
4029
4035
4036
1990
4045
4053
4055
4060
4066
2018
4067
2022
4076
2028
2029
2033
4083
2035
2036
4084
4086
4087
2039
4090
2043
2044
4092
4095
20
323
8
392
40
235
139
203
172
80
83
276
180
342
310
120
27
252
28
380
350
