968
2051
2052
4100
4101
4104
2057
13
14
15
2065
2067
23
25
4126
2078
2079
4130
4131
2083
2085
4135
2090
44
46
4142
4145
50
2100
55
4151
56
58
4154
4157
2110
2114
2115
2117
4166
2123
4177
2131
83
4183
4185
90
2140
94
96
4192
4193
2147
4197
102
4200
4202
4203
4206
2158
2160
113
120
122
4220
4225
2178
4227
4231
2183
135
2185
137
4236
2194
148
4245
2199
2200
4248
2201
2202
4251
2214
168
2217
2220
2221
4272
2225
178
4276
182
4280
4282
2239
193
197
4296
2251
204
2252
2261
2262
2268
222
223
4320
224
4321
2273
226
227
4324
228
229
2286
241
242
4338
2290
244
2296
249
2297
252
2303
2304
2306
4354
2307
260
4357
4358
2310
263
4359
2313
4366
2318
273
4378
2334
2335
4388
2342
296
4394
2348
4396
4398
303
2352
2355
309
4408
2360
316
4412
4415
320
4416
4417
2372
327
4424
336
2384
2385
4434
2387
344
4440
2393
2394
2395
2397
352
355
2403
360
2410
4458
2411
4460
364
2415
367
372
2422
4472
377
4478
383
385
386
2436
392
4489
394
2443
2444
2448
2452
2453
4501
2455
4509
4510
414
420
4519
426
430
2478
433
2482
2483
2484
446
4544
2499
452
454
4550
456
457
2505
4554
461
4560
465
4561
4562
2514
4563
2515
2516
4568
2521
474
2524
476
4573
4574
478
479
4576
2528
2532
484
486
4585
493
2543
501
4598
504
4600
2552
506
4604
512
4609
4610
4613
518
4614
2568
2569
523
2572
2574
534
4636
543
2593
4641
2594
546
4643
2595
2596
4645
4649
4650
562
4659
4660
2615
569
570
572
4669
578
2626
4675
2630
582
4679
2633
4683
4688
592
593
4689
594
2642
4692
2645
4694
2646
4695
2649
2652
605
4704
4705
609
4707
4708
613
2663
2665
4716
623
4720
2673
2674
627
628
2676
4728
4732
636
2686
4738
2690
2692
645
646
4742
4750
4751
2704
2707
660
663
2712
665
2714
666
2715
667
2717
4766
676
2726
679
2732
2734
4783
688
2737
4785
4786
691
4789
2741
694
695
2744
2745
699
2750
703
2754
4803
707
710
2762
2764
4814
723
2772
4821
729
730
2781
735
2786
741
2790
4838
4839
744
4840
2793
746
4844
2799
2801
753
4851
2805
758
761
2810
2812
4863
772
4869
4872
778
4875
780
782
783
784
2834
4883
2838
794
798
799
800
801
2851
2853
2855
2856
2857
2858
2859
4910
815
4913
821
4918
2875
833
4934
4935
4936
843
2892
4946
851
2901
854
856
4953
2905
4956
861
864
2914
2915
2917
4965
869
4966
874
4970
875
2927
882
4980
4982
4984
889
4987
2942
4992
2947
4996
901
2950
5000
2952
5003
908
5007
917
5017
921
2970
5022
2978
5027
932
934
5031
5035
942
5038
5039
947
5044
2997
2999
953
3003
955
3005
957
5056
3011
963
3012
3013
5063
5074
3027
3029
5078
982
5080
5084
3039
5089
3042
996
3044
5093
3045
3047
3054
5104
1010
5106
3060
5111
3066
5115
1019
1023
5123
5125
3078
1031
3080
1032
3082
5130
1036
3085
1041
3093
3100
3101
5153
1058
1060
1062
1065
1068
1069
5167
1071
3120
1074
3122
1075
5172
1078
1079
3130
5179
3131
5180
1085
1086
3134
1089
3140
1094
1096
3144
1098
5197
1102
3155
1108
5207
1111
5210
1118
1120
5219
1124
1128
5227
3182
1141
3190
5238
5239
1144
3193
5242
5248
5251
5253
5263
1167
5264
1168
5266
3221
1174
5270
3225
1177
1180
1182
5279
3234
1186
5282
5283
3238
5286
1192
3241
5289
5291
1195
3244
5294
1200
1201
3251
5299
3256
1212
5309
5311
1217
1224
3274
5323
5327
1235
5334
5335
1239
5337
1241
5338
3291
3292
5342
3294
5343
1251
3300
3301
1256
3307
1260
5356
5357
3310
1263
1266
1268
5364
5365
3320
5370
5372
1278
1279
5378
3331
1292
5389
5391
5392
3345
1298
3346
5395
3348
5398
1302
5401
1307
1308
3358
1310
5410
5411
1317
1318
1319
1320
1327
3376
3377
1332
5428
1333
3382
1334
3384
5441
3394
5442
3397
3399
5447
1355
5452
5454
3410
3414
3415
5466
5469
1377
5474
3428
5478
1382
1383
5484
3443
5493
1398
5494
5496
3461
1413
5509
1414
3468
1421
5519
1424
3473
3477
3480
1434
3482
1437
5536
1440
3490
5540
1446
5542
3497
1453
5550
1458
5555
1461
3509
1462
5569
1477
1478
5578
1483
3532
5580
1485
3535
3539
1497
3548
1501
3553
1505
3555
3559
3560
3561
3563
1519
1524
1527
3575
3577
1530
3580
3581
3582
1535
1540
3593
3594
3597
1550
1551
1558
1562
3612
1565
1569
3625
3626
3627
3629
1582
1583
3637
1594
3644
3646
3651
1604
1607
1610
3660
3661
1614
3663
3664
3665
3666
1619
1620
3668
1621
3672
3679
1631
1636
1637
3687
1648
1649
3698
1656
1657
3716
1671
3719
3722
1677
3726
1680
3728
3730
1683
1684
1688
1689
3738
1691
1693
3742
1697
3745
1699
1700
1701
3750
3751
3753
1707
3757
1711
1720
1723
3773
1726
1727
1728
1731
1732
1734
3785
3786
3791
3792
1753
1757
1762
1763
1766
3819
3820
1775
1781
1787
3836
3837
3841
1802
1803
3854
3855
1809
1810
3859
3861
1816
1823
3877
3879
1837
1840
3890
3891
1844
1847
3897
1851
3904
3911
3917
1870
1879
1882
1895
3950
3953
3957
1914
3964
3981
3983
3984
1936
1938
1939
1943
3999
1960
1961
1966
4014
4016
4017
1975
4029
1981
1982
1983
4031
1986
4035
4046
4047
2007
4055
4056
4058
4061
2014
4063
4066
2021
2022
2025
2031
2033
4082
2036
4084
2037
4086
2039
2043
2046
19
323
100
68
357
79
307
148
276
308
374
55
88
408
89
57
122
26
412
318
