964
4096
4101
4103
2058
4107
4110
2063
4113
2069
2070
2071
4121
27
2075
28
4126
2078
4127
4130
4131
2085
4133
39
2087
2091
45
4142
46
48
4145
50
55
63
4159
2113
4164
2118
71
2122
4177
2130
89
4187
95
97
98
4194
2149
4208
115
2165
2168
4216
122
4220
125
2173
4223
2176
128
4225
135
136
4236
142
145
147
2197
4248
2202
2204
2206
159
2208
166
168
2217
169
4265
173
2230
2231
2232
2234
2241
4290
4293
204
217
4316
2269
4320
2272
2277
232
4331
2284
2286
4338
2290
246
2296
249
252
4349
2302
256
2306
4358
263
4360
2313
269
270
273
274
2322
275
2326
279
4376
4378
4380
2334
289
4387
4392
297
4394
2346
2348
4397
4398
2350
303
2351
2352
2355
2361
316
4412
317
4414
4415
4417
322
2375
327
4425
2379
333
2382
4431
4432
337
4433
4434
2386
4435
348
2399
352
354
2403
357
2406
2411
4460
2413
2414
367
4468
2422
2428
4476
2432
4480
2433
386
2435
4486
2440
2441
2443
395
4494
398
4496
4497
404
4501
406
4504
408
409
4508
2462
415
416
420
4519
432
2485
2487
2488
4537
2491
2492
2493
4549
456
2506
2508
4556
2509
4561
4562
466
4563
471
474
476
2526
2527
479
2528
2529
2530
484
4580
4590
494
2543
498
4595
4596
501
4598
4599
504
4603
4605
4608
4613
519
2567
4615
4617
2576
530
532
536
2584
2587
2593
2594
2597
551
4648
4649
4650
4653
2607
559
2610
4660
2615
2616
2619
572
4669
4672
582
4680
589
2638
592
593
2641
2643
4699
604
2652
4701
4705
2657
4707
613
4712
4713
4714
619
4715
627
4723
2676
4724
2677
2678
632
2683
4732
2685
2689
4739
4741
4747
652
2704
4753
659
4756
662
664
4765
673
4777
4778
2734
4782
4783
2737
4787
2741
2742
695
2743
2745
4795
699
703
707
708
710
2762
2767
4815
2768
723
2773
725
732
4828
733
2790
4838
744
2792
2793
4843
2801
753
758
2807
4856
2808
4859
765
766
4863
2818
771
772
2820
2821
4870
777
4882
786
788
4884
4886
791
4887
792
2841
2845
2848
803
807
810
2863
4913
4914
819
2867
4918
825
2873
2881
4930
838
4935
840
4937
2890
845
2894
4946
4947
4949
856
2904
4954
4956
2908
2910
2912
4961
2916
2919
4970
874
875
2932
2933
4982
4983
4984
889
4987
4990
2943
4993
4995
5000
5003
907
911
2961
2962
918
5017
2969
5022
2974
2978
5026
2980
933
934
5032
936
941
942
2991
5039
2994
2997
950
2999
952
3005
962
3010
5058
963
3015
967
5064
971
972
3021
5069
975
5072
3026
980
5078
982
3030
984
3034
3035
3036
5085
5086
3038
3039
5087
994
995
3043
3048
1001
1004
3054
5106
1010
3060
5114
1023
5125
1031
3084
3085
5136
3090
3091
3093
5144
3098
1050
3101
1055
1056
5153
1057
1059
3107
3115
5165
1069
5166
1073
1075
1079
3127
5175
3130
3133
1085
3134
1086
5182
1088
3137
1089
3139
1093
1094
3142
1096
5193
1097
5194
1098
3150
5204
3158
5206
5207
1111
3159
3160
5211
5214
1118
5215
5216
5217
5219
5222
5223
1129
5226
5227
1131
3181
3182
3187
5238
3192
1146
1147
3200
5250
3205
1160
1162
3217
5266
3218
5267
3223
1177
1180
1182
5279
1183
3234
1192
3240
3241
3244
3245
1200
3251
3254
5303
1208
3260
5309
3262
5314
3267
3270
1224
5320
3279
1232
3289
3292
3293
3295
1251
3300
3302
1260
1268
3316
3322
5372
3324
1278
3326
1279
3327
3329
1281
5377
3330
3331
1284
5381
1286
5385
3338
1290
1292
3340
3341
3342
5391
1295
5392
5395
3350
3351
5400
3355
1314
1315
3365
5417
3369
3370
5418
3372
5421
1326
3376
3377
5425
3380
1332
1333
3386
5435
3388
5436
3389
1341
5438
5440
3394
3396
1352
3401
1355
3405
5457
1361
3410
1364
5461
1365
3414
3418
3419
3420
5469
3424
1377
3427
5477
1382
1383
5485
1390
1395
1396
1398
5496
5498
3451
5500
3452
5506
3461
1414
1415
5515
3468
5517
3469
5519
1424
3472
3477
3480
5529
1433
1434
3482
1436
5534
1441
3490
5538
1446
1447
5546
1452
5555
5556
1462
3510
3512
5560
3513
5561
1468
5566
3520
1475
3523
5572
1478
5574
3527
5576
5577
1481
5578
3530
5580
1486
1491
1493
1496
1497
1500
1501
3554
1507
1513
3562
1516
3566
1519
3569
3571
3572
1528
3577
3580
1532
3581
1533
1536
1537
3587
3590
1544
3595
1548
1550
3599
1552
1553
3602
1560
3609
1564
1565
3613
3614
1571
1575
3624
3626
3628
1581
3629
1582
3633
1587
1588
1594
3643
3646
3648
3650
1602
1609
3660
1614
3668
3672
1626
3674
3676
3680
1635
3683
3684
3692
3693
1647
1648
1649
3698
1653
3705
1657
3707
1660
1662
1664
3715
3719
1671
1680
1683
3733
1692
1699
1700
3750
1703
3751
3752
3758
3759
1712
1717
1718
3766
1720
1724
1734
3783
3787
1741
3789
3791
3792
3793
1753
1756
1758
3810
1769
1770
1774
1775
3826
1784
1786
3838
3840
3847
3853
3854
1807
1810
3859
3860
3862
1816
3865
3866
3868
1823
3877
1830
3878
3893
3902
1857
3908
1864
3913
1867
3919
3920
1873
1880
3937
3939
3941
1895
1896
3944
1903
3952
3954
1909
3958
1910
3962
1914
1915
3963
3965
3969
1927
1931
1934
3984
3985
1948
3998
4004
1959
1961
4009
4010
1963
4014
4016
4024
1983
4034
1990
4039
1994
4043
4045
1998
1999
4052
2004
4062
4063
2017
4066
2018
4067
2020
2022
4072
2028
2029
2030
2031
2033
2036
2037
4087
4091
2044
4095
19
161
98
261
230
198
102
103
327
77
333
114
83
116
85
277
374
251
92
350
