969
1
2050
4101
4103
2057
4107
4108
4118
25
27
4126
31
2081
4130
4131
2083
4132
4133
2085
39
40
2089
44
4142
46
2095
4145
4154
2110
4159
4161
67
4166
2119
71
4168
72
74
2122
4174
78
2127
83
4183
4186
4187
4188
94
2144
4194
102
4203
2158
2159
4208
119
4216
2172
124
4221
2173
2176
4227
132
134
2185
4234
2187
4236
2192
2194
147
4244
2197
4245
151
4248
2200
154
2204
2214
4264
2220
4270
174
4275
4276
182
2234
4284
2239
4288
2240
4291
4293
197
4296
4298
2252
4301
210
2261
218
4320
2272
226
229
2282
4332
237
2287
2288
4337
2290
243
4342
249
2300
2306
259
4356
4358
2315
270
273
4370
277
280
4378
2334
2335
289
4387
2342
295
297
4396
303
2352
2355
4409
2361
4411
316
4413
2366
320
4417
2369
2371
2372
4422
327
331
4430
4432
4434
2386
341
4440
2397
2398
352
2403
357
4454
2410
4461
4462
2414
4466
4468
4469
374
375
4473
377
2425
2428
384
4480
2432
2435
4483
2441
4489
4490
2443
2445
398
400
2449
2452
2453
406
4504
4507
4512
2464
420
2470
4519
426
431
432
433
4530
2484
437
4533
2488
2490
2491
2493
446
4544
448
4551
456
457
2505
4554
4556
2509
4561
465
4562
2517
4567
2520
4568
474
476
4574
2527
4576
2528
2529
4580
2532
484
4588
2541
495
496
498
499
4596
2549
4598
2552
504
4604
4609
4610
4613
2568
4616
2569
4622
530
2579
531
4627
532
536
2584
4636
4637
2591
543
2592
545
4641
2594
4643
2596
4649
4650
2603
558
562
4660
2614
4664
572
4669
2621
4671
4675
2628
2629
582
4680
2633
4681
2635
2638
593
4691
4692
4693
600
603
2652
4704
608
4707
2659
612
2661
4714
4717
623
2672
2673
627
2676
629
2678
630
632
4732
2685
4739
2692
646
653
4750
4751
4752
656
4753
659
4755
4756
2714
667
668
2717
671
674
2723
675
676
2724
4777
2732
4782
2734
4783
2737
695
2745
699
702
703
4800
4801
4803
707
2756
708
710
2759
2762
2763
4813
4814
2767
4818
2773
730
4828
733
4830
734
735
2783
2792
4841
2799
753
4849
2802
754
2805
759
2808
761
762
4859
765
4863
2815
4865
771
772
776
777
2827
783
784
786
4884
2838
2843
2845
2847
800
2848
801
803
804
806
808
2856
4910
2863
4911
4913
821
824
825
4925
2877
4926
4927
4928
834
2883
837
2885
838
4935
840
843
845
849
4946
4949
854
856
2904
4956
2909
864
2914
4967
4969
4970
874
875
4973
2928
4981
4982
2937
4987
4990
2944
2947
4996
2949
2953
5003
2956
5004
914
5012
5017
2969
2970
5022
929
931
2980
933
2983
5031
2984
5035
2989
942
5038
5040
2992
947
2999
3004
5053
959
960
962
5058
963
5061
5066
5067
5076
980
981
982
5078
5079
3035
3038
3039
994
5093
3045
999
3048
5097
5102
5103
3057
5114
5115
5118
3075
5125
5131
3084
1036
5136
5139
3091
3092
5141
3093
1050
3098
5147
3100
5154
3107
1060
1065
5165
5167
1079
3129
3130
3133
5182
3139
1094
5192
1097
1098
5194
3148
3150
1103
5199
1105
5206
1111
1114
5210
5211
3166
1119
5216
5219
1124
3174
3177
3179
5227
3181
3182
1134
1139
1141
5238
3190
1143
5239
5241
5242
1147
5246
3199
5249
5251
3204
5253
3210
3215
5264
3218
5266
5271
1182
1183
5283
3238
5287
3240
3243
5291
3244
1197
5294
1200
1201
3251
3252
5303
3256
5307
3259
3260
5309
3263
5311
1218
3270
5318
1223
1224
5320
3273
3274
5323
3277
1235
5334
5335
5337
1241
3292
5342
3295
5346
1251
3306
1260
5364
5365
3320
5370
3323
5372
3327
1279
5377
1281
3331
1284
1286
5382
1290
5387
3340
1292
5389
5391
5395
5397
1303
3353
5401
3355
3356
1308
1310
3358
1311
1312
1314
3364
1318
3366
1319
5415
1320
5416
5417
3370
5421
5422
1326
5425
3377
3380
1332
1333
5429
1334
5436
3388
5437
1343
5441
3394
1347
3396
5445
3397
1352
3402
3405
5456
1362
3410
3414
3415
3418
5466
5469
1375
3424
1377
3428
1383
3440
1392
5488
5490
5491
5492
1396
5493
5496
1401
3451
1407
1410
5509
1415
3464
5513
3466
5515
1421
5519
3471
1424
3472
3478
1431
1434
1436
1437
1442
1446
3494
5542
5543
5555
3509
1461
1462
3510
1463
5560
3513
1466
1467
5564
1468
5566
1472
1475
5572
1478
5578
3532
1491
1492
3541
3545
1505
3554
1507
3558
1511
3561
1513
1515
1516
1522
3572
1527
3577
1530
1535
1536
3585
1544
3593
3595
1550
3599
1552
1556
3609
1563
1565
1571
1572
3624
3626
3629
3631
3633
1586
1587
3637
1594
3643
3653
1611
3664
3666
1620
3676
3677
1630
1636
1638
3693
1648
1656
3715
3716
3719
1676
1678
3728
3730
3732
1689
3738
1691
1692
3742
1700
3749
3750
1703
1706
3757
3758
1712
3765
1718
1720
3770
1722
1723
1732
3786
3787
3789
3792
3795
1748
3809
3810
3815
1768
3816
1770
3818
3820
1774
1775
1779
1781
1789
3837
3838
3841
3845
3849
1804
3853
1807
1810
3860
1815
1817
1819
3868
3873
1827
3877
3878
1834
1838
1840
3890
3891
1844
1851
3899
3901
3902
1860
3911
3913
3914
1870
1872
1873
3924
3927
1883
1884
3934
1886
1889
3937
1892
1895
3944
1902
1904
1907
1910
3965
1920
3970
1926
3977
1931
3983
3987
1948
3997
3999
4004
1956
1958
1960
1963
1967
4016
4017
1973
1981
1982
1987
4036
1989
1990
1994
1998
4047
2001
2011
4066
4071
2028
4076
2029
2031
2033
4083
2036
4086
2041
4091
4092
2045
21
224
132
100
326
230
395
300
333
77
301
334
111
175
115
180
342
88
121
28
412
382
