932
4100
4101
4106
4107
2060
4108
2066
4116
2075
2078
31
4130
4131
4132
2085
4133
38
39
4142
2097
4145
4146
4147
55
4154
4160
67
4166
2123
4174
4175
83
4181
4186
95
2149
4197
102
4202
2157
2158
112
113
118
2167
2175
4223
128
129
131
2184
2185
4237
142
2192
2193
2194
147
148
4245
4248
154
157
2206
159
4255
4257
166
2214
169
2220
173
175
4272
178
4275
4276
181
184
2234
4284
4290
4291
195
4296
4298
204
4301
2261
4309
2262
2265
220
221
2271
4320
2272
4321
226
229
2284
2286
2289
4338
243
2296
248
2302
2306
4358
2318
2322
2334
2335
290
2339
293
4394
4396
4397
301
303
4399
305
2355
2357
4408
313
2361
316
4413
2366
4415
2367
4417
4418
327
328
4425
4428
333
4431
4432
4433
4434
2386
4440
4443
2397
352
353
4452
361
2410
2411
4462
4466
2419
4469
2424
379
2428
4483
2436
2437
4486
4489
2445
398
4496
2449
2452
2453
2455
407
410
4506
4508
414
4510
2465
420
4519
4520
426
4526
431
2485
437
2488
2490
443
446
4544
4551
456
457
2505
4553
4554
4561
4562
2514
4563
2518
2520
2521
2523
476
479
2528
484
485
4586
492
494
4596
2549
4598
504
2552
4603
508
2556
512
513
4610
518
4615
4616
2568
4620
4622
532
4628
536
4632
537
540
4638
543
2592
4641
4643
2596
549
4648
552
4649
4650
554
556
4652
2605
558
2608
562
4660
571
572
2621
4672
2624
4673
4675
580
582
2633
591
2641
593
2642
2643
4691
4692
4693
603
4699
2652
606
4704
4705
611
2661
2663
4712
4713
617
4714
2669
2673
4723
2676
2677
630
634
4732
4738
2692
646
647
4747
4750
4751
2704
659
4758
2714
667
668
2717
4765
674
2723
2724
683
2734
4783
687
692
2741
2742
695
699
702
4801
2755
4803
708
2757
710
2762
2763
4814
4815
720
2768
2772
725
729
4826
2780
4830
2784
4838
745
4843
753
756
2805
761
763
766
4862
772
2821
4873
4879
784
786
2838
2842
2845
797
798
799
800
801
2851
804
2852
4901
2855
4904
2856
4906
4910
2863
815
2864
821
4918
824
825
2874
827
831
4928
2883
4934
840
4937
2891
843
845
852
4949
2903
856
2905
4953
4954
2906
861
4957
864
2914
2916
868
4967
4969
874
4970
4971
875
2927
879
881
4980
4982
4983
2937
4987
896
4996
5000
2953
906
2960
914
2963
5016
5017
2970
2971
5019
5022
927
2977
931
2980
934
5031
5032
2985
5035
2989
942
5038
5039
2992
947
5050
958
960
963
976
5078
3030
3034
5085
5087
3039
3040
3043
5093
3045
5094
3048
5096
3053
3054
3056
3057
1010
3060
3061
1015
1020
3071
5120
5123
3078
5127
3080
5134
1041
3091
3092
3093
5147
3100
1055
1056
1057
5153
3107
1060
5158
1065
3116
1068
5165
1069
5167
1073
1074
1076
3125
5180
1085
1086
5182
1088
1089
5187
3139
1094
1098
5195
3148
1111
5207
3161
1115
1116
3165
5214
1118
5219
1124
3175
5225
3181
3182
5232
1139
5235
5239
5240
5242
5243
1148
3199
5250
3204
5253
1160
3208
1161
5259
5262
3216
3217
3219
3221
3228
3229
5277
1182
3234
1190
5287
1192
3241
1201
3251
3252
5301
1206
5303
3256
5307
3259
3260
5309
5311
3267
3270
3274
5323
3278
1235
5334
5335
1241
3292
3294
3295
3297
5346
1251
1255
1260
3311
3312
1268
5365
3320
5370
5372
3325
3326
5374
3327
1281
5377
3330
3331
1284
5382
3339
5389
1293
1296
1297
1299
3350
1303
5400
5401
3358
1310
1315
1317
1318
1319
3370
3372
5421
5422
1326
3374
5423
5425
5427
1332
1334
1335
5436
3392
5440
5441
3393
5443
1348
1349
3397
5447
3400
5449
1353
3402
1355
1359
5456
1362
3411
3413
3414
3415
1370
5469
1375
1377
3425
1379
3428
1381
1382
1383
1385
1389
5488
1392
1394
3443
5491
3444
5493
1398
5496
1403
3460
3461
3466
1421
5519
3471
1424
5529
1433
1434
1437
1441
1446
5542
3497
1452
5553
3507
5555
1459
1460
5560
5561
5566
5569
3523
3526
5574
5576
3530
5578
3537
1489
3539
1492
3541
1498
1500
3555
3559
3562
1519
3569
1521
3571
1523
1525
1527
1528
3577
1531
1532
3580
1533
3583
1535
3584
3585
1540
1543
3593
3595
3597
1550
3599
1552
1560
3626
3627
3629
1582
3633
3636
1594
3642
3644
1596
3653
1614
3665
3666
3668
1620
1621
3672
3674
3677
3680
1634
1636
3686
3687
3690
3691
3692
1647
3698
1650
1656
1657
3707
1660
1662
3711
1664
1670
3719
1671
3722
3727
3728
3730
1683
3732
3738
1691
1699
1700
1701
3749
3750
1703
3752
3753
1705
1707
3763
3765
1720
3769
3770
1723
1725
1727
3777
3786
1742
3792
3793
3795
1753
3802
3806
3813
3818
1775
3826
1783
3834
3836
3837
3838
3839
1797
1802
3855
3861
3862
1815
1816
3865
1817
1819
1820
1823
3873
3877
3879
1834
1837
3886
1840
3891
1848
3901
1858
3907
3908
3911
3914
3915
1867
1870
1872
1873
3938
1898
3947
1902
1904
3958
1914
1915
3964
3965
3970
3971
3983
1935
3984
1936
3987
3992
1946
3997
3999
1951
1955
1956
4004
1960
4009
1965
4016
4020
4025
1977
1982
4031
1984
4032
4033
4034
4035
1989
1990
1992
1993
1999
4051
2004
4052
4056
4062
4063
4066
2020
2021
2022
2023
2028
2031
2036
2037
4086
4090
2043
2045
4094
19
132
100
229
107
76
396
142
47
175
338
148
344
121
89
25
251
92
221
126
