1096
14337
14338
14339
10247
10257
8210
4114
4115
4120
14360
26
10267
14363
28
6175
35
10275
4132
8229
12326
8232
10282
2090
14381
4142
50
4147
6195
52
8250
2108
2110
14398
2112
14405
8262
2119
8264
2121
8265
10315
14412
8268
2125
6222
12366
82
12373
8278
2137
10329
8285
4190
14433
97
6242
99
8295
107
14444
110
4207
10352
8309
12407
8316
4221
2173
6272
12416
129
8322
10370
12419
6276
2180
4231
12425
142
14480
146
12434
2195
2196
6301
8349
159
2207
6304
4256
10402
14500
10404
14501
2213
10406
2215
12456
6314
171
8366
175
8371
14516
12469
6326
2234
4282
2237
14525
189
2238
193
12484
12488
14536
2249
6346
4299
14541
12494
12496
4304
2258
12498
4310
12504
4312
217
14560
224
10465
14563
4325
6373
14566
12519
14570
10475
12528
10483
14580
6389
12534
6392
14585
6393
8443
6396
14589
6397
10499
8453
14597
262
12552
14602
2315
14603
4367
10511
14610
10515
2325
4374
4375
12567
6424
8475
10525
10528
2338
10532
12580
10533
295
8490
12589
303
6447
14639
12592
14642
10547
4403
8505
314
8509
318
6463
10560
6466
4419
10563
4420
12614
10571
12619
331
14668
335
2384
2385
8531
10585
8537
12633
2395
6493
6496
12641
6498
8546
8548
356
12645
2406
12647
359
14697
4460
10609
6514
6519
12663
2425
2426
379
8571
8572
14716
383
6527
6528
14720
8578
6530
10627
388
10628
12679
12680
393
4490
6540
14733
6541
10639
12699
12709
8614
426
2478
8623
14767
10672
6577
12722
4532
14778
12734
14782
2495
8639
12737
4546
10691
10692
454
8648
4552
458
4565
14808
2528
6625
12770
2533
6630
2536
12777
2537
4586
493
8686
10734
14831
12783
8687
498
500
10740
12799
14847
14848
12802
4613
518
2567
8712
6665
527
14864
14865
4628
10772
8725
534
12822
2582
8728
10777
12827
6683
541
10782
10783
2591
12832
6693
6695
12839
14888
2600
14889
8745
6701
14893
4654
2607
8751
12848
2609
14898
8761
4666
12861
10815
8767
10818
14915
4676
581
4679
2632
10824
8777
585
2634
12876
12877
14926
4691
12884
597
14933
4695
4699
10846
2657
6753
14948
12900
8806
12904
2664
616
8809
4713
12906
2667
8811
10860
4717
12910
2670
2673
2678
10871
6778
12926
2688
4736
2689
642
6787
6789
2696
648
651
12940
653
8848
659
6806
6810
10907
6815
12960
4771
2724
10918
8870
679
4779
685
8878
8881
4790
12982
12985
702
8897
2754
706
4803
8901
8902
10952
2760
4810
6861
719
4815
8911
8912
2769
10963
4822
8918
13014
6872
10970
10973
4829
2782
8929
2793
13034
6892
10990
2798
750
752
4849
8947
756
10996
13047
759
8951
762
8954
764
2813
11007
4864
8961
6913
8962
8965
2824
4879
4880
784
6930
6932
6934
11031
4887
6940
11043
13091
11044
805
9008
818
11059
820
821
11062
823
9015
9016
827
2877
829
9022
13118
2879
834
6978
4940
11084
6990
2898
6994
851
852
4950
854
7000
2904
2905
9050
4954
858
859
7003
2909
13151
2913
7010
9062
13161
2927
13171
884
7029
11129
890
2940
11134
13184
9089
7042
899
900
2948
11142
2953
7052
11148
11150
11153
11154
7062
921
9116
7069
2973
11165
9119
9120
5027
11172
938
9132
7086
944
7088
945
946
7091
949
5045
9142
5048
7099
11198
964
9156
5061
3016
11209
7115
5069
13267
7124
9173
11221
7126
9178
994
7138
3044
13285
997
7142
5097
11243
5100
7149
7152
7153
1009
5109
5111
5112
11257
13311
3080
13321
1035
11279
11280
13329
5142
3097
9242
13342
9247
11296
9250
13348
9253
7208
13353
9259
5164
7215
9264
9265
9266
11315
13364
9269
13365
1078
5175
3129
11322
11326
9287
9290
7244
3148
3149
5200
7249
3154
13396
3156
7256
9304
1116
11359
5216
13410
1125
13415
13416
9322
1132
13420
5229
1134
9331
3188
7284
3190
9339
5244
3198
3201
13442
3203
13443
13444
13448
1164
1166
9358
13456
1169
5265
3220
3225
9369
9374
13472
5280
7328
9377
7330
1186
11428
1192
9386
3244
13486
13489
13491
3257
5307
7357
7362
11460
9414
9416
1225
5322
1226
5324
11470
3281
9425
7377
9426
13523
3286
9430
7389
3296
11489
3298
3299
7398
13542
13543
9452
13549
7407
5362
11507
7417
13563
11517
7422
11518
1279
3328
9473
9479
3340
7436
3341
13582
7438
7441
7444
5399
3352
5400
11545
7450
7451
7457
3364
1316
1320
9514
5418
3371
7468
1326
5426
3380
5430
1336
11576
13626
5435
13627
5436
9536
5442
3394
9539
5443
13636
5445
5446
11592
3401
7497
13642
7499
5452
13646
13647
11601
11603
1364
3415
9562
13659
5470
11616
1378
13667
7524
7525
9575
1387
3437
7535
7538
7539
11638
13686
3449
11641
3455
3456
3458
13704
5512
9610
11658
13707
9612
7566
11664
13713
11666
7571
1429
3492
9640
11688
5544
9642
1453
3502
11696
11697
1457
1458
11699
3508
7604
5557
7606
3511
3512
7609
13756
9660
5569
11718
9672
7627
1485
1492
11734
9691
13787
3548
9693
5599
3553
1505
9699
13796
3558
5608
13802
9706
11754
11755
13808
5620
1524
9717
9718
13816
13818
9723
13825
7683
13829
13831
9736
13834
7692
1551
11791
5647
1553
7700
1559
5662
13854
11810
7715
9764
13861
5671
1578
9773
11828
7736
7738
7748
11845
5702
7751
11847
5703
13897
13899
1612
9806
1621
7765
5724
3680
13920
9827
5732
7781
3686
13928
5738
5740
11887
11888
11892
11893
3701
13944
1658
1659
11900
5758
3721
9865
7819
9875
7828
7830
3734
3738
3740
7837
3747
13988
9894
5800
7848
9896
3753
11946
1710
5809
11955
5812
3767
1721
7865
11961
3769
11970
7874
11971
7876
7877
9926
5831
11976
9928
5832
7887
11987
1750
7895
7896
11993
7899
1757
7904
5857
7906
5858
14051
5859
14055
14062
12015
12016
9969
5874
12024
12028
9984
9987
5891
1797
12038
9992
7945
7946
14090
9995
3851
9999
12047
5908
12057
10018
1826
1828
10021
10022
7976
1845
1846
14137
3898
1852
5951
3905
10049
1858
14147
3909
5958
14154
14157
1872
10065
5970
5971
3924
1877
8021
14167
12120
10074
5980
14174
3936
1889
1892
3943
14187
5998
10096
6001
14195
1908
12158
1919
3968
12162
8067
3971
1925
8070
6025
6027
14220
6029
3981
14222
10128
3989
6039
10141
8095
1952
10146
4009
8108
6061
4013
12205
4014
1967
14258
14261
10167
8120
14266
6074
8124
12221
6077
8130
8131
4035
6085
8133
8138
10187
1996
8141
10191
12241
10194
6099
14291
14298
14299
6108
14307
10214
4073
14314
6125
2032
14324
2041
14334
6143
3
210
221
14
