5867
8194
3
16388
8197
6
24582
24583
7
16392
16395
12
8205
24589
24590
16399
16
24592
18
16402
20
24597
21
16407
24601
27
24605
24606
16414
16416
32
8225
24609
16418
35
8227
16419
36
8228
24613
24615
8231
8232
8236
24621
46
48
24625
50
16435
24628
52
16436
16437
54
16438
8246
57
58
8250
16443
8254
8255
63
64
16449
8258
8259
24644
8260
24648
16456
75
8268
24656
8272
16466
82
16467
24659
8275
16468
8279
16472
8281
8283
93
16477
8285
24674
16484
24677
16486
24680
105
24682
16490
24684
111
16495
24688
8307
16501
16503
120
24696
24697
16505
8316
125
126
8319
8320
128
129
16514
24707
8324
133
16517
8326
16518
16519
135
8329
140
24717
16525
24718
8335
8339
8340
24725
150
8343
152
8344
16536
8346
24732
156
158
8350
159
24736
16544
164
165
8358
24742
16551
24743
16552
168
24747
172
8364
24749
16558
8369
16562
8371
180
8374
8375
24759
8376
16569
8377
24761
186
187
8380
8382
24768
8384
16577
8386
8389
8392
24776
205
24782
8399
207
24784
16592
209
24785
211
8403
8404
8405
16600
216
24792
24795
16604
221
8414
24799
8415
16612
16613
24806
8422
8424
16616
24809
16617
233
234
8427
235
24811
24813
24814
16622
238
239
16624
24820
16628
248
8443
16639
256
257
8451
24836
264
16648
24840
16649
24843
269
271
24847
24850
16658
275
276
16661
8470
280
8474
8475
24859
16668
24860
284
24862
289
24865
290
24867
8484
16676
24870
8486
8487
24873
8491
24875
8492
8493
301
302
24878
303
8495
304
305
8498
8499
24883
24886
311
8504
313
16701
16702
8510
8512
8517
24901
16710
326
8520
24904
330
24907
332
16717
8525
334
16718
24912
8528
8529
24916
341
342
16726
24919
344
16730
24922
346
24928
16737
354
24930
24931
355
357
358
8551
360
24937
8555
16747
24940
365
16749
8557
16750
24943
16753
369
16757
24949
16758
24951
16760
379
16763
380
382
383
8577
385
8578
8580
16772
389
16773
16774
24968
16777
8586
16779
396
8588
16781
399
16784
24977
401
24978
16786
24980
404
16789
24982
407
8599
16793
410
24986
24987
8603
8607
8608
417
24993
419
16803
16805
16807
8615
25000
8623
432
16816
8626
25011
438
16823
441
16827
8636
25021
8637
16829
446
447
8640
25025
16838
25030
456
16841
459
25036
463
8655
25040
8656
25041
25043
16851
8662
16854
470
16856
16858
16859
25054
25055
16864
481
25058
8676
8677
16869
8678
25064
8681
16875
16876
25068
16879
16880
25073
25075
16885
8694
503
25081
505
16891
8699
8701
25085
16893
8703
8705
8706
25090
8707
16900
8708
25093
517
8710
8712
521
16907
16908
25100
525
16911
16912
25105
25108
16916
8726
16920
25112
25115
8732
8734
8735
544
25120
8741
8742
552
25129
16938
8749
25133
8750
16942
559
560
8754
16946
564
16948
565
16951
8760
568
25145
16953
16954
570
16956
8764
8768
25152
8773
586
25162
25163
25164
8781
8784
16976
25168
8786
8789
25174
598
16984
25177
16985
8794
25179
16987
8796
8799
25184
8801
16996
8804
8805
25193
8810
8816
626
8819
628
17013
8823
17015
8826
25213
17023
639
25216
8834
17029
17030
17033
8841
25228
17038
25230
8848
25232
660
17044
661
8853
17046
17048
666
8858
17051
667
668
8860
17052
17054
8862
17055
25250
8867
25252
677
17061
17062
678
8873
682
8875
8877
17070
687
8880
25264
8881
17074
25266
17075
8884
25270
694
17079
25272
697
17082
17084
25277
701
17087
8895
705
8898
17092
709
17094
25287
8904
25288
17096
17098
25290
25291
17100
716
717
719
17103
720
17104
8913
723
17110
25304
25309
734
736
25313
25315
17124
741
8934
25324
8940
751
25329
754
25330
8948
756
25334
758
8951
17144
760
761
8957
17149
8958
8959
17153
769
8961
8962
770
773
775
776
25353
779
17163
780
8973
17166
25359
17169
785
25362
8981
25366
8982
791
25370
8988
25372
17182
799
25376
8994
25379
17187
17188
804
17189
17192
17194
9003
25388
815
816
17200
9010
25394
821
822
17209
25402
827
830
9022
17216
832
25409
17218
25410
9030
9031
839
9033
9034
25419
844
9037
847
25424
17233
25425
851
17235
17236
25428
9046
17239
25431
855
17240
9048
9049
857
17241
9050
25435
17243
859
9051
9052
860
17244
25437
861
25438
25441
9057
866
9058
17255
25449
17259
17263
25458
883
9075
17267
9076
25460
25466
9083
892
17276
896
9088
9089
9090
17283
9091
901
9093
9096
904
905
9097
9098
25484
25485
17297
17298
25492
25493
917
25497
25500
926
25504
17312
17313
930
25508
9124
933
25509
17317
9125
9129
17321
17322
939
9138
9139
25524
25525
9141
951
952
9144
9146
9147
17339
957
9151
959
961
9153
17345
9156
965
25542
9158
968
970
972
25549
973
974
975
17360
977
17361
9169
25553
979
9171
25556
25557
17368
984
9177
987
9179
25564
25566
991
993
17381
999
17383
25576
25579
17390
25582
17391
25583
25584
1009
9202
17395
1013
25590
1015
9207
17400
17401
17402
1019
25596
9212
25598
1023
9215
9216
25600
9217
17410
1026
17411
1028
17415
25607
17416
9224
9225
1033
25611
1035
9228
1041
17426
1042
9235
1043
25621
1046
17431
17434
25626
9242
17435
17437
17438
25631
17439
1056
25632
17441
25635
25641
9258
25646
17454
1070
1071
17455
1072
1073
1074
25650
17458
9266
17460
1076
25653
9271
25660
9278
25663
9281
17474
25668
17477
17479
9289
25673
9290
25674
17482
1099
17485
9294
17487
17492
25686
17496
9305
25689
17498
1116
25694
17502
9312
1120
25697
9314
9315
1127
25704
17513
25710
9327
25711
1136
9329
25714
17527
1146
1147
17531
25723
17532
25726
17534
17536
1154
25731
25732
17541
9350
17542
25734
1159
9351
9352
25736
9353
9355
1163
25740
1164
9357
17552
25747
17555
25749
25752
25753
9370
17564
1180
25757
17565
17566
1183
9376
9377
25762
9379
25763
17572
17574
9383
9385
17578
25770
9387
25773
17581
1198
17583
9391
1199
9393
1202
25781
9398
9401
25785
9404
1213
25790
25791
1217
17602
1219
9411
17604
9413
25799
1225
9417
1227
25804
25808
1234
25811
17620
9428
9430
17622
1238
17624
25817
1242
1243
9436
9439
9441
9445
25830
25833
9451
17644
9455
25840
1264
9458
9459
1268
1270
9464
1273
9469
25855
9472
17665
25858
17669
25862
9479
17671
25863
17677
25871
25872
9488
17680
25873
25875
1300
25876
17686
1305
25882
17690
1307
9500
25886
25888
25889
1314
25894
9510
17704
1321
9514
17707
9516
9517
1327
1329
17713
9522
17715
17716
9524
1335
25911
17720
9529
25913
25914
9530
9531
25917
17725
1341
25921
9538
25922
1348
25924
9542
17735
17737
17740
9550
25934
9551
25935
9553
25938
1367
17753
17754
9567
17763
25956
9573
1383
25961
1386
17772
9584
17776
9585
1393
9587
25973
1398
17782
1402
17788
17791
1408
9601
9602
25986
1410
17795
17796
1414
9608
25992
17801
1417
25994
17803
25997
25998
26000
26001
9618
1426
26003
26005
26006
17815
17818
17821
17822
9632
17825
9634
26018
17826
9636
26023
9641
17833
1450
17834
26026
1453
1455
17842
9650
17843
9651
1459
1461
9655
26039
17848
26041
26043
9662
26046
1470
1472
9666
9667
26052
17860
9669
1480
1483
1485
26061
1487
9679
26065
26066
1491
17876
9684
17877
26070
9686
9688
26072
1497
1500
1501
17887
17891
9699
1509
17895
9703
26089
17899
1516
26095
17903
17905
9714
1526
26102
26103
1528
9722
26108
17916
26109
17919
26114
1539
9731
1540
17925
26117
17926
9734
9735
17929
9737
1545
9742
17935
26127
1551
26129
9746
17938
1555
26132
17943
17944
17945
17946
17950
17952
1568
26145
17954
9764
1572
1576
9769
9770
26156
17964
1581
26161
1585
17970
26163
9779
1589
9781
9782
9783
9784
17979
9787
1596
1597
1598
9791
17984
9793
17985
1602
9794
1603
26185
17993
26187
26189
26190
1617
9809
9812
9813
18005
26198
26200
1625
9817
1628
26204
18013
26207
9825
18018
26210
9828
18020
1638
26215
18024
1641
18025
26219
26220
1644
18031
9839
9840
18033
9842
1650
26226
26227
1653
18038
26233
18041
26235
1659
26238
1662
26239
18047
26242
9858
9861
18054
1670
9862
26247
9863
1672
9865
26251
18059
9867
26254
18062
18063
9871
1681
26259
1683
9876
1686
18071
18073
1693
26270
1695
26272
26273
9890
18082
9891
26275
26276
18085
9894
1704
9896
9897
1707
9903
1712
18096
18097
18100
9908
9909
18102
1721
18106
9915
1725
18110
26302
1726
26305
26311
1737
1738
18123
1742
26318
9934
1746
9941
1749
1750
9942
18136
1752
18137
26330
1758
26334
18143
18144
26340
18148
18149
18150
9960
26345
9961
1769
9964
18159
1776
26356
1781
26357
18168
9979
18172
26368
18177
18178
1794
9987
18182
9991
1799
26376
1800
18184
9994
18187
9996
18189
9997
1806
18190
10000
10001
18194
1811
18195
18199
26392
1817
1819
10012
1821
18205
10013
18206
26398
18207
10015
26400
1825
1827
26404
18213
26406
18216
26409
10027
18219
26413
10031
1839
26415
18224
26418
10036
1845
26421
1846
18230
10039
26424
18232
1848
26426
1853
1858
18242
1859
10051
18246
10054
26438
26440
18248
26441
1866
26442
18250
1867
18251
26443
10061
18253
1869
26446
18257
10066
18258
18259
26451
18260
26454
18263
18264
10072
26456
1882
10076
26460
26461
10077
10078
26464
18273
10081
1890
18275
1892
26468
26470
18279
26472
18280
18281
10090
26474
18282
10091
26476
1901
1903
10096
26480
10099
18296
1912
10104
18298
10107
26492
18300
10108
1918
26495
18306
26500
18309
1925
10118
26503
18312
1929
26506
10124
10127
18319
1936
1937
10129
26513
18322
26514
10132
26516
18324
1941
1942
10136
1945
10138
10141
18334
1952
18336
18339
10148
10149
1959
1964
26540
10158
18353
10161
26545
26548
10165
1975
10168
1979
26555
18363
10172
18368
1985
1987
10180
1989
10183
18375
26568
18376
1993
10187
26574
1998
18383
26578
10195
18387
10198
26582
2007
10200
2008
10201
26585
26586
26589
26590
2015
10208
18401
10210
18404
2020
18405
10214
10215
10216
26600
26601
2028
18412
26605
2029
2030
18415
26608
18416
18417
10225
18418
26610
10228
2036
18420
26612
2037
18421
10232
10233
2042
26619
26620
2044
10237
18430
26622
10238
10242
18434
18437
18438
2055
18439
10247
10249
26635
2061
10255
10258
18451
10259
18454
10262
18457
10266
2076
18461
10270
26657
26658
26659
18467
2084
2085
10277
26665
18473
2090
18476
2092
26672
2096
26673
18482
2100
10293
18485
10296
2105
26682
26683
18491
2108
10302
10304
26690
18500
10308
2116
2117
18502
18503
10313
2121
2122
2123
18508
18510
18513
2130
26706
18516
10324
2132
10325
2134
10329
18527
26723
18531
2147
10341
2150
2151
10344
2153
26730
2155
10347
10351
2161
10355
10357
2165
2167
2170
2171
26748
10364
2173
26753
2178
2179
10371
26757
18565
10377
2185
18569
18570
26762
2186
18571
10379
18578
10387
26771
18583
26779
18587
26781
10398
18590
26784
26786
26787
10405
10406
26790
2216
18600
10409
2220
2224
18609
10419
2228
26812
2237
26815
18624
2241
26818
18627
18629
2245
2246
26822
18632
10440
26824
26832
18640
10448
18643
2261
26838
2263
2267
18651
26844
2269
10463
18655
26848
26850
18658
10467
2275
10471
26856
2281
18667
26859
2284
18668
26861
10478
18670
26863
10480
18672
2288
2290
26869
10488
10489
26876
18685
2302
2304
2306
18690
26884
2309
10503
2311
18697
18700
18703
10513
10515
10517
26902
18710
26903
26907
26911
10528
2336
18721
18722
10532
2342
2343
10535
2344
26920
18732
10541
26928
2353
26929
26931
2357
10549
18742
26934
18743
2359
26935
26936
10553
2362
18747
10555
2368
26944
18754
2371
18756
18759
18760
26955
2380
2381
18766
26958
10576
2385
10578
18771
18773
26965
26966
26967
2392
26968
2393
10586
2396
10589
10590
18783
18784
2401
10595
26979
2404
10597
2405
2408
10603
26988
26989
18797
10606
18798
26992
18802
2419
18805
2422
27000
2424
2425
27001
27002
27005
10623
27007
2434
10628
2437
18822
10631
2440
27017
18826
18827
2443
10635
27021
27023
10640
18833
10641
10646
27032
27033
27034
2459
18843
10652
27037
2463
2464
18848
27041
2466
27042
2467
10667
10668
10670
10672
2480
10673
2482
10674
2485
18870
18871
2489
27066
2490
18875
18876
10684
2492
27070
2498
10691
2499
18884
27077
2501
18886
10696
27081
10698
2506
10699
10700
2510
18894
18897
27091
18899
10707
2515
18900
18902
10710
10711
2519
10713
10714
2523
18907
2524
10716
18908
18910
27102
27104
18916
2535
27112
2536
18920
10731
2540
27117
2543
18927
27121
27122
18930
10739
18932
2550
27128
18937
2555
27134
10750
18944
27138
10755
18948
10756
2568
18952
18956
27149
10766
18959
2576
27155
18963
18964
27156
2580
2582
2583
27160
18969
2585
27163
2588
10780
18973
2590
27167
10784
18977
2594
18979
10788
27172
2596
18981
2599
18984
27176
2602
27179
10796
10797
27181
2606
10800
2609
2612
18997
2613
2618
10810
19002
19004
2620
10813
19005
10816
2625
27201
10818
27202
10821
27206
10823
27208
19016
2636
27214
19023
2641
27218
10835
19028
27220
19029
10840
2648
19032
10841
2649
10844
10845
27230
2655
2656
10849
19042
2659
19045
19047
27240
27241
10858
27244
10861
27245
19054
19055
10864
27249
27250
2675
19059
2676
27253
10871
2679
2681
10873
10874
2682
2685
2687
27263
10879
10880
19074
2692
27268
10884
19081
10890
10891
10892
10893
2701
2702
19088
10897
2705
27281
27283
2708
2709
2710
10903
2712
10905
19097
2717
19102
27295
10912
27297
10914
2722
27299
10915
19107
10917
19109
10919
10920
27304
19113
2729
27307
19116
10924
19117
2733
10925
27312
10928
10930
2740
2742
27319
2744
2745
19129
27323
27324
10941
2752
19137
10946
27331
2755
19142
27335
27336
19144
10953
19149
2767
27344
19152
2768
10961
2769
2770
19154
10962
2771
19156
10964
19158
2774
10966
2776
19162
27354
19163
10971
2780
19165
27358
2783
19168
27360
10978
2786
10979
19171
27364
10980
19175
2791
10984
27369
19178
27370
10987
2795
27374
27376
19185
2804
27381
19191
27383
27384
19192
11002
27386
11003
19197
11013
19205
2823
19209
27402
19210
11020
2835
27411
11031
2839
2840
27417
2841
19225
2843
27419
27420
19228
19230
19231
11040
19232
27425
19233
11042
2851
27428
19237
11046
19239
19247
27441
11057
27442
19250
11063
2871
27447
11064
2872
19256
19257
19258
27450
27451
19260
11068
2877
2880
11072
11073
19266
11074
11076
27461
27462
11079
27464
19272
11081
19273
19274
2891
11084
19277
19278
27470
19279
27472
2900
19284
19285
19288
2904
19289
2905
2906
27489
11105
27490
2914
11107
19299
27492
19301
19304
27498
27499
11115
27501
11120
19312
27504
27505
2929
11121
27508
2934
27511
19323
2940
19325
11133
2942
19327
11137
2946
11140
19332
2948
11142
11143
19335
11144
2954
19338
11147
11149
19341
2958
27535
11151
19343
11152
2960
19347
11156
11158
11159
27545
11163
27549
11167
11168
2979
27556
27557
11174
11177
27561
19369
2986
27562
19373
11182
27567
11184
19378
2995
11187
19380
19381
27577
27579
19388
27580
3004
19390
27583
3011
19396
11205
3016
27592
3017
3018
19402
3020
27598
27602
11220
27604
11223
19417
27609
27613
3037
3038
11231
3039
11233
27617
3041
3043
27619
11236
19429
11237
3047
27624
11241
27629
19437
11247
3055
11248
19444
3061
11254
11255
11256
19449
3065
27642
19454
3073
11267
3075
19464
3083
3084
27661
19469
19470
3087
19471
19473
19474
3091
27667
3092
19476
19477
11287
11288
27672
11289
3098
27675
11294
19487
27679
27680
19489
27681
3106
19491
11302
3112
19496
3113
19499
19500
19501
27694
27699
27700
3124
19508
27701
19510
3126
19511
3127
3130
11323
11325
11326
11327
27712
19523
27715
19525
11334
11335
27721
11338
27722
3148
3149
19536
11345
3154
19539
27731
27732
11350
27735
27737
11353
3161
3162
3163
27739
19548
11357
11360
27744
19553
3169
19555
3171
27748
3172
3173
3174
3175
11367
19559
19561
11371
19563
11373
27758
11378
27763
11379
3187
27766
19577
3193
19582
27776
19584
27778
27779
3205
27782
11399
27784
11401
19593
27786
19596
3213
11405
27789
19598
19599
11407
11409
3218
11410
19603
3219
27797
19607
19608
27801
27803
19613
11424
19616
11425
11426
3238
19623
3240
27817
3241
11435
11436
11437
27822
11438
19631
3247
27826
11444
3254
3259
11451
19646
19647
11458
3267
27845
3270
3272
27848
19658
27852
11469
19662
11470
3278
11472
27857
27860
11476
11479
3287
11480
3288
27864
3292
19677
3294
27870
19679
27872
27873
19682
11490
3298
27875
3301
11494
3303
11496
3304
27881
11498
11499
3307
19692
11501
27885
11502
19695
19696
27890
19698
11508
27892
27893
27897
3322
19707
11515
27900
3327
27903
19712
11521
3331
27907
3332
19725
27918
3344
19728
19729
11538
27924
27925
3349
3351
19735
11544
3352
27929
19738
3356
19740
27938
3362
19747
3363
11559
27944
19752
27946
11562
27952
11568
19762
11571
27955
27956
19764
27958
27959
3384
27962
11579
19772
11583
27970
3394
3395
27971
27972
19783
27976
3401
19787
11597
19789
11598
27982
27983
11602
27986
27987
27988
19796
19797
27990
19802
11611
11615
28000
19808
11618
28005
3431
28008
19816
11624
19817
19818
3434
28011
19819
3435
19822
11633
3443
11635
28019
28020
19828
11637
19829
11639
28024
3449
19834
3450
28028
3454
19838
11647
19841
19842
3459
11651
28037
3462
19846
11654
28039
11656
11657
28042
28043
3468
28049
11666
11667
19859
3476
11668
11669
19864
19866
3484
11678
3486
28063
28065
28066
19877
11685
28071
3495
28072
11691
28079
28080
28081
11697
19891
19894
19896
11705
19898
19900
3518
11712
3521
11715
19908
11716
3524
3525
11717
11718
19911
3527
11720
19912
3531
19916
11725
28112
28114
19923
11733
11734
28118
11736
19931
3548
11740
28127
19937
3553
11752
28136
11753
28137
11758
11759
19952
28144
11763
28148
28150
19960
28153
11771
3580
11772
3581
11777
11778
19971
19972
19977
3597
28175
3599
28176
19985
3603
19988
28180
11797
19991
11800
19993
19995
11803
28188
11804
19997
11807
20000
11809
3618
11812
20004
20007
20009
28204
20013
3629
28206
20015
20016
28208
3636
11828
20022
28214
11830
3638
11831
28217
11833
28218
20028
3645
20030
11838
20039
28232
28233
20041
11850
11851
28236
3660
11853
3663
20047
28240
20048
3664
11857
20050
3671
20056
3673
20057
3675
11867
20064
11873
20066
28259
28260
3684
11879
20076
20077
3699
11894
20086
11895
20090
3707
20092
20093
11901
3709
20096
20100
11909
20106
11914
11915
20111
11922
20115
3732
3733
3734
20121
20123
11932
11934
11935
20128
11936
3745
11937
20130
3748
11945
11947
3756
20140
3758
20146
20150
20151
11959
3767
3769
3774
3775
20160
3777
11971
3780
3782
20168
11978
3786
11979
11980
20172
20173
3790
20174
3791
11987
11989
20181
20182
11990
3800
20184
11993
3801
20186
3803
11996
3807
3809
20194
12005
20199
3816
12008
12009
12011
3822
3823
12015
12017
3826
20211
12021
3830
20215
20216
12024
12025
3834
20219
20220
3838
12030
3841
20227
20231
20235
12044
3852
20236
20241
12051
20244
3861
12055
3864
3865
20251
20252
12066
20259
20260
20263
3881
3883
20270
3888
12081
20274
20276
3893
20277
12086
3895
20284
20286
12094
12095
3904
3905
12098
20291
3909
12102
20295
12103
20296
3913
20297
12106
20300
20301
12113
20306
12115
12117
3925
3926
3933
12127
3937
12132
12135
3944
20329
12137
3945
12138
12141
20333
12142
20337
3955
20339
3956
20340
12148
12151
20343
20344
12152
12153
20346
3969
3972
12164
12167
20360
3976
12173
20366
3983
12175
3988
3989
20373
12181
12182
20376
12184
12186
20382
4003
4006
4008
20394
4014
12206
4016
12210
4021
12213
12214
20409
4026
4029
20413
4030
4031
20415
12226
20421
4038
20423
4039
4046
20431
20432
12241
4049
20433
4052
12245
12246
4054
20440
4057
12253
20449
20450
12260
4068
4070
12264
4072
12266
4074
20460
4080
12274
12276
4085
20471
12279
12281
20473
12282
20474
12283
12285
12291
12294
20488
12296
4105
20489
12300
12301
20501
4118
12310
12315
4124
20509
4126
20513
4132
4134
4135
20520
20521
4139
12331
12334
4143
12338
4146
12339
4147
4148
4149
20534
20535
20538
12346
12347
4155
20540
20541
20542
20545
4161
4165
4166
12358
20553
4170
20558
12366
4175
20559
20560
12369
4178
20563
4179
20565
12375
20569
4186
20570
12378
4188
12382
4194
4197
20581
12389
12390
4201
20585
4202
4204
4206
4207
12402
12403
12404
4213
4215
4217
12411
4223
12416
4227
4228
4229
12422
20615
4232
12428
12429
4239
20624
4242
20630
4247
20631
4248
12441
20634
4251
20635
4253
4255
12447
20640
12450
12452
4266
12464
20659
12469
20662
4280
12472
12474
20667
20668
12477
12479
12481
20673
20675
20676
12488
4296
12489
12491
20683
4300
4302
12497
12510
4319
20705
4322
12514
20708
12518
12519
20712
4328
12521
12522
20716
4334
12526
12528
4337
20722
4338
4340
20725
12535
4343
20727
4347
12541
20735
4351
4352
12544
20736
12546
20738
20743
4360
20745
20747
12556
12559
12562
4370
12563
20757
12566
4375
4377
4388
12581
20775
4392
20777
20779
12590
12591
20784
4400
20785
20788
20789
12597
4407
12600
12602
4411
12603
4412
20796
20797
4413
20798
12607
4416
12610
4418
4419
4420
12615
20807
12616
4425
12618
4427
4430
4432
12627
12629
4437
12631
12633
4442
4444
12640
12641
20834
20835
20836
4452
12644
12645
20839
4455
4457
12649
12650
12655
4464
20850
4467
4468
4469
12662
4472
20857
12665
20858
4478
4479
20863
20864
4484
4488
20873
20875
20878
20879
12690
20887
4503
12697
12698
4507
20891
12699
4509
4511
4516
4517
20906
20910
12718
4526
12720
20916
20917
4535
12727
20922
20923
12732
4542
20926
20927
4545
12739
20932
4550
12744
12746
20939
4558
12751
4560
20944
12754
12755
20948
20950
20955
4578
20962
20966
12775
4586
12781
4589
20977
12787
4597
20982
4599
12791
12793
12798
12801
20995
20997
12805
21000
4618
12812
4622
4626
12819
21012
4629
12822
12823
21015
12824
12826
21018
4634
12828
4636
4637
4639
21024
4640
12832
21029
21030
12838
4647
4649
4650
4653
21039
12848
4659
12853
12854
21052
21055
12863
4672
21057
12865
12866
21058
12868
21063
21066
4682
21067
12876
21068
4686
21071
12881
4690
21075
4692
21076
21078
4696
21082
4700
12897
4707
12900
21095
4711
21097
4714
4715
21102
4718
4719
21103
12912
12913
21107
4723
4724
4726
21111
4729
4731
12924
4732
12927
4736
12934
12935
21128
12938
21132
4748
12941
4749
4750
4752
4754
12946
12947
12948
21142
12952
21144
12953
4762
12955
21149
12958
4766
21150
12959
21155
4772
4774
12970
4779
4781
4783
12975
12977
4785
21169
4786
12978
12979
21172
21173
4790
21177
12985
12988
21183
4801
12994
12996
12997
21189
12999
4812
13005
13009
21201
21202
21207
13018
21210
4827
21212
4828
13020
21213
21214
21215
13023
4832
21217
13026
13027
13028
13030
4840
21226
13035
4844
13037
21231
4851
4852
21237
4853
13046
4856
13048
21242
4859
21246
4862
21248
21249
4865
21252
13061
4871
21257
4876
4877
21261
13069
4878
13072
4881
13073
21266
13076
21270
13078
4887
21274
13084
4893
4895
4897
4898
13091
13093
13103
13104
13109
21301
4917
13110
21303
13111
4920
13112
4922
13114
13115
4923
13118
4927
13119
4928
13121
13122
4934
4938
13134
13136
4944
21328
13137
4946
13138
21335
21336
4953
13146
4960
13152
13154
21346
4962
4967
21352
21355
4971
13165
13169
21363
13172
21365
4982
13177
4985
13179
4987
21371
13180
21374
4991
13185
4996
21381
13190
21383
4999
13191
13193
21387
13195
5004
5006
13198
21391
13201
5011
13204
13208
13209
13212
21405
13213
5024
13220
5028
21413
5036
13232
13233
13234
13238
5047
13240
21434
13242
5051
21438
21440
13253
21448
5065
5066
21451
13261
21458
5075
13267
21460
21463
5079
21465
5082
21471
5087
21472
13281
5089
5092
5095
13289
21481
5099
21484
13293
21485
21486
21490
13299
5110
21496
5113
13306
5117
21502
5119
21506
13319
21511
21513
13326
13327
21520
5137
13329
5140
13332
13334
13335
13336
13337
21530
5147
21531
13339
5148
21534
5151
21536
5156
13351
5159
5161
13355
5165
21552
21553
13361
21555
5173
21560
5178
5179
13373
13374
13376
5188
13380
5189
21574
13382
21575
21577
5193
21580
21582
21583
5199
5204
21589
5206
21590
5207
13400
21593
21594
13402
13403
5213
13406
13407
21600
13411
5220
13413
5224
13418
5230
13423
21618
13426
13427
13428
13429
13430
5241
21627
21629
21631
5248
13440
5251
21635
13445
5254
13446
5255
21639
13449
13451
13452
5261
21647
21649
5265
21651
13459
5268
5271
5275
13470
5278
21665
5282
5283
13475
13476
5284
21671
5290
21678
13486
13487
13488
5296
5297
21682
5299
21688
13498
5309
13505
21699
21701
5317
13510
5320
21704
5322
13514
13518
13522
21716
13526
21718
13527
21721
13529
21722
21724
5341
21726
13539
21731
21734
5350
5351
5353
5355
13548
5358
13550
21742
13551
21743
21746
5363
13557
13559
13561
13564
5373
5377
21761
13569
21762
21763
13571
13572
5383
21772
5391
13583
13584
13586
5396
13589
21783
13593
21786
13596
5410
21794
13602
5411
5413
21799
21800
21801
21802
5418
5419
13612
21805
21807
5424
13618
21811
5427
21812
5428
21813
5430
5431
21817
21820
5436
5438
21822
21823
5439
21824
5441
21825
13634
21829
5447
13639
13640
21834
21837
21840
5458
21845
13653
21847
21848
21849
5468
21853
13663
13665
21859
13667
21860
5481
13673
21866
5482
13676
5486
21870
21872
13680
21874
5492
5496
21885
5502
21887
5506
13699
5507
13703
5512
5513
13706
21898
13707
21900
5518
21904
13714
21909
13717
21912
5532
5533
5534
21919
13728
5536
21921
5538
21922
5539
21925
13733
13735
5545
21929
13742
5551
5553
13746
13749
13752
21944
5560
13754
5565
21951
5568
21957
21958
5576
5577
5578
13770
5579
21963
13774
13776
21970
21973
5592
5593
21982
5600
21984
5602
13797
21989
13798
21991
13800
13801
5613
13808
22001
22002
13812
22004
5627
5628
22013
13823
13824
22018
22019
5636
5638
22023
5641
22027
5644
13840
22032
5648
22034
13843
5651
5655
5656
13852
5660
5661
13854
22047
5663
13856
13857
22049
22056
13867
22059
5675
13868
22060
5678
22062
5682
13874
22066
22068
13876
22069
13879
5687
5690
22074
5691
5693
22082
5698
13891
5700
22084
13892
5704
22088
13896
5705
22089
13900
5712
5713
13909
5720
13913
22107
5723
13917
5726
5727
13920
22112
5729
13922
13924
13926
5735
22122
22123
13932
13933
13934
13935
5745
5746
13938
22131
22132
13940
5749
22133
13943
22140
13948
13949
5757
13950
22142
5760
22145
13957
5766
5767
13962
5775
13969
5780
22165
22166
13975
5784
22170
5787
22175
22176
13985
13986
13988
22180
22183
5799
22184
5800
22186
5808
14002
22196
14005
5816
5817
22202
14011
5819
5822
22206
14015
22209
14017
22210
14019
14022
5830
5831
14024
14025
5834
22219
22221
22222
5839
14032
22225
5843
14036
5847
5848
14041
22233
5849
22240
5858
14050
5859
5863
5866
5867
22255
22256
22257
14065
22258
14067
22261
14069
5879
22266
14074
14076
22271
14080
5889
22276
14086
5895
14088
22281
14090
22284
22285
5903
5909
5911
22296
5913
14106
14110
14111
22306
22311
14119
5927
5928
14120
5930
14126
5934
5936
5938
14133
5941
5943
14135
5944
22330
14139
14145
22339
5955
5958
22344
22346
22349
5966
14158
5968
14160
5970
22356
5973
22357
5975
5979
5981
5988
22373
5991
22376
14185
14187
14189
5998
22383
14191
6000
6002
6003
14199
6007
6008
14203
14204
6012
14206
22403
14213
6022
22406
14214
14215
14216
22411
14220
14223
6033
6034
6036
14229
22422
6038
6040
14233
22427
22428
14236
6045
22431
6048
22434
14246
22440
22441
14252
6060
6062
14254
14256
6065
22451
14259
6067
6070
6071
22456
6072
14265
6073
22459
6075
22460
6077
22465
22466
14274
14275
14277
6091
14285
22478
14289
22482
14291
6106
6107
14300
14303
14305
6113
14306
6116
14309
14310
22503
22504
14312
14315
14318
14323
6133
22518
14329
6139
14331
6142
14334
6143
6144
6145
6149
6153
22542
14350
22544
6161
22546
6163
6165
14357
6168
14363
14364
22556
14366
14369
14371
22563
6180
14373
22565
6183
22567
22569
22570
14379
22572
14380
22573
22574
14384
14390
6199
14391
14392
22585
14394
22586
22588
22589
14397
22590
14398
14400
22592
6211
22601
6221
6223
6225
6226
14419
6228
6229
14422
6231
22615
22617
6236
22621
14431
6241
22625
6246
6247
14439
6253
22641
14451
6260
22644
14454
14455
14456
22649
22650
6266
6268
14461
22654
22655
6271
6273
6284
22668
6285
6288
6291
14484
14485
6294
14491
22683
14492
22690
14498
6306
14507
6320
14512
6321
6323
14516
6326
14519
6329
6330
22716
22718
22722
14531
14532
14533
14534
22730
14538
14540
6348
14542
6352
6355
6359
22743
14552
14553
6362
6364
22749
14558
6367
14560
14561
6373
6375
6379
14574
14576
14577
14578
22774
14583
14592
22786
14596
22788
14597
22789
22790
6407
14603
22796
6412
6419
22806
22807
14615
22808
6426
6427
22812
22815
22817
6435
6436
6438
22822
14630
6439
14631
6440
22825
22831
22832
6449
14641
14642
14643
6453
14645
22839
22841
6462
14657
6466
22851
22852
6469
14662
22854
6470
6472
6474
6475
14667
14673
22865
6483
22871
14680
6489
14683
6491
14685
22880
14689
14690
22885
14696
6515
22901
14709
6517
22905
6523
22908
6524
6525
22912
14721
6529
22913
22914
14723
22915
14727
22922
6544
6545
22931
22933
6551
6552
14745
14746
14747
6557
22945
14754
6565
14757
6567
14763
14765
22957
14766
14768
22967
14775
6586
14782
6591
22976
6595
14787
6601
14793
14795
6603
14798
6612
22997
6616
6618
14810
23002
14815
14820
6628
6630
14825
14826
6634
23019
23022
14832
23029
14838
14841
14844
23040
6656
14849
23042
6658
14853
23049
6665
6666
6667
23052
6673
14866
6675
6676
6679
23064
14873
14874
6682
6688
23072
6689
6693
23077
6694
14886
14887
6697
6698
14892
14893
6702
23086
14897
23090
23091
23092
14901
23094
6711
23095
6713
14907
14909
23102
14911
23104
23105
6722
14916
6725
14917
14918
14920
14925
23118
14927
23120
23122
23124
6741
6743
23130
14939
23131
6749
14944
23136
23138
6755
14948
14949
23143
6759
14952
14954
23147
23149
14957
14958
23152
23154
14964
14965
6776
23160
14968
14969
6777
6778
6779
14971
14976
6784
23174
6790
6792
6795
14990
6799
6800
6801
14995
14996
14999
23191
6808
15001
6810
23194
15003
23196
15004
6815
6816
15010
6818
23202
15011
15014
23206
6823
15015
23207
6825
15019
6830
15026
15027
6837
23222
15033
23228
6844
15040
23233
23234
15046
15048
6859
6866
15060
6868
15061
6870
6872
23259
15067
23262
15070
6879
23265
23269
15077
6886
23271
6889
23277
23284
6901
23286
6902
15097
6906
6909
23296
6914
15107
23300
6916
23302
6919
23305
15116
23310
15120
6928
15121
15122
6934
23323
15132
15133
23325
6942
6943
23328
23331
23332
15141
6950
23335
6953
23337
15147
6955
23339
6957
23343
6961
23345
15154
23347
15155
15160
15161
15162
6971
23360
23363
15171
6979
6980
23365
6981
15174
23370
23371
15181
15182
15183
15184
6993
15186
23380
15191
7002
23387
15196
7006
23391
23392
15201
23394
23395
15204
7013
15205
15206
15208
23400
7017
7018
15210
23403
15211
7020
23404
7024
15217
23409
23411
23416
7034
23420
15229
15230
7042
7043
7044
23431
15248
7056
15249
7059
7063
23447
15256
15259
23452
23458
7076
23460
23461
7079
15272
7080
23466
15277
23470
23472
7088
23473
15281
7090
15284
7092
15285
23478
15286
15287
23483
7102
7103
15296
23489
7106
23490
7110
15305
23497
15306
7115
23500
7118
15310
23508
7130
15325
15329
23523
7140
7141
15337
23531
15342
23535
7153
15345
15346
15347
23541
15352
7160
23545
23547
15355
7165
23550
7167
23552
7169
23555
7172
7178
7180
7181
15375
7185
15383
7191
7194
23578
7195
23582
15391
7199
23583
23585
15399
23594
23597
7216
23606
15415
23608
7227
23616
7232
23621
23622
15435
23628
15437
15439
7250
23635
23638
23639
15448
7256
23641
15450
7260
7261
15456
23649
15457
7265
7267
15462
7271
23655
15464
15466
7275
23661
23665
23667
15475
7287
15480
23673
15482
23679
7296
7297
15491
23684
7300
15493
23687
15496
7304
15498
7308
15500
23694
7311
15503
23696
7315
15509
23701
7320
7321
7322
7323
7324
7326
23710
7327
15521
23714
15525
7335
7336
7338
23723
15532
15535
15537
15538
7347
23733
7349
7350
23737
23739
15551
7360
15552
23745
7361
15555
15556
15558
15559
23751
23752
23753
7371
23757
7374
23759
7377
23766
23767
7385
15577
7386
23772
15580
7389
23773
23775
7393
15587
7397
23781
23786
15594
7403
15597
23789
7405
23791
7409
23793
23794
7411
23795
7414
15607
7417
15609
23802
23804
15613
7421
7422
23809
7426
23812
15622
23817
7433
7434
15631
23824
15636
7445
23832
7451
7452
23839
23840
15648
15653
7462
23846
15655
7463
23848
7467
15660
15661
7469
23856
15666
7475
15668
15670
23864
7481
7482
23869
23870
7487
23872
7488
15681
23875
23876
7492
23878
7501
23887
15695
15697
15703
7514
7518
7520
15712
7522
15716
7524
23910
23912
15721
23913
23915
7532
23917
7533
23918
15726
7536
23921
23923
15735
23928
15738
15744
23937
15747
23941
23944
7561
23946
7565
15757
15758
15759
23953
15764
23957
7575
15768
7576
15774
15776
7585
23969
15779
23972
15783
15786
7594
15787
23980
7596
15789
15794
7603
23988
15797
23989
15799
7607
23992
15802
15805
23998
24002
7623
24010
15819
24013
7633
15826
24018
7634
15827
7635
24020
7638
24024
15835
24028
7645
7646
24031
15840
24036
7656
24040
7657
15849
15851
24043
24044
7660
15854
7663
24048
7664
24051
15862
7670
15864
7672
24057
24061
24064
7680
15873
15874
7683
24068
7685
15878
7687
15879
15880
24075
15884
7693
7694
15886
15889
15890
15893
7701
15894
24087
24088
7706
15899
7707
24092
15903
15904
7717
7718
24103
7722
15914
24108
15916
15921
7731
24115
24118
24119
24121
15932
15933
7742
24126
7744
24129
15937
15938
7747
15942
15943
7751
7752
15946
24138
24141
15949
24143
15952
24147
7765
15958
24152
15961
24155
15963
15964
24156
15966
24159
15970
24165
24167
15978
24173
7790
15985
15988
7796
7797
7798
24185
24186
24188
24190
15998
15999
16000
7809
24194
24196
16005
7814
24205
7821
7822
16014
7824
16021
7829
7831
7832
7833
24218
16026
7837
16031
7841
24226
24228
7845
16038
16040
24234
24238
16046
7854
16049
7857
24241
16050
24243
7860
16054
24247
7864
16058
16060
24253
24254
7870
24257
7874
7878
7880
24264
7882
7883
24270
7891
16084
7892
16085
7893
16086
16087
16088
7896
16089
7898
7899
16092
24286
24290
16099
24291
16100
16101
16102
7912
7914
24299
7915
16108
16111
7920
7923
16116
24312
16121
24314
7931
16123
24317
16125
24321
24322
24326
24327
16135
24328
7945
16137
16138
24330
7948
16141
24334
7951
7954
24338
7956
7960
16152
7962
7963
16155
7965
24351
7970
16163
16164
7972
16166
16167
24362
7979
24366
16176
7985
16179
16180
24374
7993
16186
7994
24379
7995
24381
24382
16190
16193
24387
8008
24392
16200
24395
8011
8012
16206
8016
16211
8020
16212
8025
16218
8028
8029
16223
24415
8031
24416
8034
24424
8040
16233
24425
16234
16239
24432
8050
16245
8054
24439
8055
16247
16248
16249
8058
8060
24446
16254
24449
16257
8066
8067
16259
8072
24460
16268
8076
16269
24468
8086
24473
8091
16283
24476
16285
8093
8095
24483
24485
16294
24487
8109
8112
24497
16306
24501
8118
24506
24507
16316
16322
24514
8132
8133
8136
8138
24523
8139
8140
16333
24527
16336
8150
24539
16348
24541
24543
16351
8163
24550
8167
16364
24556
8174
24558
8180
16374
8184
16379
24573
16381
16383
24575
12
99
230
167
184
264
457
203
285
14
478
223
383
