162
1280
0
1027
1283
516
1541
2053
1800
521
1289
10
269
1040
1810
2067
20
22
1559
1303
282
2075
28
1821
285
1825
801
1314
1315
1571
2084
1828
1830
296
41
809
1321
1834
1835
558
303
304
2099
51
1589
1848
1595
575
1344
1090
1347
583
1609
1865
331
588
1101
845
2125
2126
1360
336
1361
82
1874
83
1365
92
1884
1374
1887
1119
96
352
608
1376
1122
868
1640
1385
106
874
1645
1133
1395
1142
637
381
893
1406
639
1919
896
1152
640
385
1922
1156
1669
903
1673
650
1162
1167
145
1425
658
1428
917
920
409
154
671
1954
164
932
420
165
1703
936
1962
1707
1967
1458
1719
185
1466
1978
187
1980
1212
1469
190
1984
193
705
707
1735
201
1481
459
464
1746
2003
1237
2006
472
217
1763
227
1764
232
489
746
2026
1516
755
1781
1269
2038
1784
1530
1789
10
131
85
5
21
134
8
75
46
31
111
