269
1537
1542
1544
10
527
1039
529
1555
534
1048
1562
1565
29
31
1056
1569
1058
548
549
550
551
1063
552
553
1068
1581
559
54
1590
55
1079
569
572
573
1086
63
1601
1100
1612
1613
591
1105
84
85
1624
1626
1627
93
95
1633
1123
612
1637
1638
615
105
1129
1648
1649
114
1650
1143
1144
122
1146
126
638
1664
640
641
1155
1670
135
136
1160
1674
140
1165
1678
1167
144
657
1171
659
1683
1173
1175
665
155
1691
1692
669
1185
1697
1698
1186
1187
165
166
1194
1201
180
692
181
1206
1719
184
697
187
1212
1726
1729
706
1219
201
1737
1738
1226
1739
203
717
719
1743
1745
1749
1752
730
220
733
734
735
1247
738
739
740
230
1768
748
237
1774
240
1777
1778
1781
1271
1786
1274
258
1794
262
1798
776
1800
264
266
1293
1294
1808
277
1302
1814
1303
1819
1820
798
286
1822
1311
288
1313
1826
1317
296
297
1843
821
1847
1848
316
317
1854
320
1346
835
1348
838
1352
1355
844
333
1360
1361
1364
341
342
343
858
860
349
1373
1374
355
1387
877
878
881
1394
1396
888
1400
378
894
895
896
905
396
1422
910
911
917
920
921
409
1434
1437
1441
1444
420
425
432
1457
1458
948
953
1466
443
1469
447
960
450
1477
969
459
1485
974
976
977
978
1490
1497
985
988
990
1502
1503
479
995
1509
1003
492
1517
1006
499
1012
1531
1019
509
1535
1023
18
97
33
99
5
134
136
73
9
42
109
45
111
19
85
150
120
122
59
