4243
32769
16387
24580
4
32772
16391
32775
24584
8200
9
11
24590
14
32783
32784
16
18
16403
32789
8213
8215
24
32794
16416
8226
8227
32803
37
32805
38
32808
8235
8236
24622
8240
49
8243
51
16438
56
32824
16441
61
8253
8254
32831
24641
24645
32838
72
73
24649
32842
24651
24654
8270
8272
16467
24660
86
24662
24663
32858
8285
94
16479
32863
8287
8288
32865
8291
16485
24679
32871
104
32873
24684
8301
113
16500
118
8311
8312
8313
32897
24707
32899
16516
8325
8327
8334
144
147
148
32917
32920
24730
16538
24733
8350
32929
162
170
32939
173
16560
177
24754
32948
8382
190
32961
8386
195
16579
8388
16582
8390
32967
24779
203
8397
16592
24787
16597
8406
16598
16603
24796
8413
221
223
16609
24804
8422
24807
16616
33002
237
24813
33009
16628
245
16629
24823
8440
8441
16635
33019
33022
16639
8447
24832
16641
8450
8451
260
24836
8453
33032
16650
267
24845
16654
272
8475
8479
8480
8484
297
16682
8493
8499
313
24889
8507
8512
24896
33088
321
8515
24901
333
33101
24910
335
336
8535
347
33116
33118
33119
8550
8551
33129
24937
33130
24938
24941
369
16753
16761
379
16765
8573
8576
16769
8578
387
8584
24972
16785
24979
24984
408
33181
8606
418
8610
8611
16807
33192
33193
425
427
33196
429
434
436
16824
25016
25027
454
8648
461
462
463
33231
33232
25043
16852
33237
8665
33241
25050
25051
33243
8668
33247
25059
8675
486
25063
25064
489
33257
16873
8688
25073
8689
33267
8695
25080
504
8699
16896
25089
8705
25090
516
8709
518
8711
520
8712
33295
16912
16913
8721
16914
25106
33300
16916
8725
8728
537
16924
8734
33317
16934
8742
33319
16936
25128
555
16940
16941
8749
558
8751
16946
8755
33340
573
575
8768
577
8771
25156
25159
588
16974
16975
33361
8787
599
16985
601
25180
33373
25181
16990
33376
16992
25185
16993
33379
615
16999
8807
33384
25193
33387
620
25198
622
625
8821
25206
631
632
633
8826
17020
8829
33407
17023
8832
33408
33410
17026
33411
8837
25221
33414
8839
17032
650
651
33420
17036
25228
33421
8846
8849
33426
33428
8856
17049
33433
17054
8864
672
33441
673
8866
674
675
33444
8871
679
8873
33450
17066
8875
25260
8881
690
33459
8883
17081
17082
25275
25276
8895
704
705
706
25283
709
8908
17103
8913
8914
25303
8922
33501
33511
8936
33513
33514
33515
17133
33520
8944
8947
33523
25331
17140
8955
763
25340
764
8959
768
25345
8962
25350
777
17164
17165
782
33551
8975
783
8980
25364
25365
17174
33559
25368
793
33563
8988
33564
8991
17184
33570
25379
8997
17190
808
17196
17197
9010
25395
33588
821
822
17207
824
17211
9021
33599
17218
9028
33606
17222
25415
17224
840
841
33611
9035
846
17231
849
850
17234
9044
853
9046
25432
33624
9051
33629
33632
33633
17249
9058
17250
33637
9063
9064
9066
9069
25454
879
9073
9074
17267
25459
25461
33653
17272
33657
25465
890
17276
17277
893
897
33668
25477
901
902
17286
25478
25482
17294
33679
25489
25491
17299
25492
9110
17304
25498
9115
9116
25500
9123
17322
939
943
33711
17330
33716
25524
17332
17333
9142
33724
17342
25534
9150
33727
960
17347
25541
9157
966
33738
17359
9171
17364
25557
17366
25564
25565
9181
989
17373
990
991
9186
17379
25572
1002
33770
33772
25580
33774
17391
17392
9201
33777
25586
17396
25588
33781
9205
1017
1019
9211
17405
1022
17408
1026
9219
1028
33797
9224
25608
1034
9226
17419
33804
17422
9232
1042
9239
1049
1050
9242
1051
17436
25633
9253
17447
1064
25640
9259
1067
9260
1069
25646
25648
33845
9270
1079
1080
25659
17467
1083
1085
33857
17478
25673
9290
1099
9292
17489
25685
33879
1111
17495
33881
1115
1116
33886
17504
9313
1122
1123
1125
33895
17511
1127
17514
1131
17516
1133
33901
1134
17521
17522
1138
25718
33911
9337
1149
25726
25727
33920
33921
9351
25736
9356
17548
25741
33937
9364
33940
1174
33947
25755
9376
25761
33954
9383
1192
9384
9385
17581
17584
9392
9393
25779
33973
1206
33974
33975
1210
9405
1213
17598
9408
25793
17601
17602
9413
17606
9415
1227
25804
1230
33998
34001
25809
34002
9427
9429
34007
17624
25818
34012
9436
17629
17631
1248
25827
1252
9444
25829
1253
17638
1254
34023
9448
1256
9449
9453
34033
1265
17651
9461
34039
17658
9472
34050
9478
25862
9479
1288
25865
17675
34061
9488
25872
9491
34067
25876
9493
25878
34071
25879
17689
9497
9499
17692
17695
1312
25888
17697
17699
9507
1316
17701
34087
17703
9513
34089
25897
34093
9521
25906
9523
34099
34102
9526
17719
1340
25918
1342
17727
34111
25920
34112
9540
34116
34117
25927
17736
25928
17738
25932
9549
17741
34130
34131
17749
17751
9560
34137
25946
34141
1379
9577
34154
9582
1398
25975
9594
9595
17788
34177
1409
25986
17796
9607
17801
1418
9612
9615
9616
9617
1428
34196
34198
34200
17819
26018
34213
34215
26023
1448
1449
17835
1451
9645
26031
9650
1462
1466
1471
9668
17860
17865
9674
26062
17872
9682
26066
26071
9688
17880
34264
9692
1503
9699
26086
9706
26092
34285
34287
26096
17904
34291
9716
9718
17911
1529
26110
34306
1539
34309
17929
26122
17930
1547
17932
26125
17937
26135
34327
17945
1561
26137
34334
9760
17953
34340
34342
34343
1576
17960
26157
26162
26163
17977
17979
17980
9788
9790
1599
34369
34371
1603
17991
34376
17993
9802
9805
17997
26192
1619
1621
1622
26202
34394
1627
9821
34397
34398
9822
26207
18015
1632
18017
34401
26209
34402
9827
1635
34404
18021
34407
9832
9833
1643
26220
26227
1653
26229
18037
1657
34427
9852
18045
9858
9859
18053
1670
18059
1675
1677
34446
1680
34448
1681
34450
18067
18068
26260
18072
9883
1692
9886
18083
18084
26280
18088
9896
1708
34478
9908
1716
1718
18102
34487
26297
1721
26298
9919
26305
34498
9923
9926
18118
9928
26315
26316
34510
9936
18129
9939
34516
1749
9941
9942
9945
18137
9947
34523
34525
18142
1759
26336
34530
18146
18151
26344
34536
1769
9963
34544
9971
1779
26355
18164
1782
34552
18174
34558
34561
18178
1795
18182
1798
1801
26384
10002
34582
26394
26395
34590
1824
10023
1832
10026
34603
10028
18221
18224
18225
26418
10036
1845
26423
1848
1850
1851
26430
34628
26437
1861
34630
10055
10061
10063
1876
1877
18261
18269
1885
26465
10082
34661
34662
1896
18281
26478
34670
10095
34672
10098
26483
26485
34684
1920
18304
10113
34689
1923
34691
34694
26503
1928
10122
1934
34703
18321
34707
26517
26519
26522
34715
34716
18334
1952
26529
34723
10148
1956
34726
34727
10151
18345
34731
26542
1966
34736
34739
18356
1975
18359
18360
1978
1979
10171
18372
34761
10186
1994
18378
34764
26573
34768
18385
2002
26582
2008
2009
26585
26588
10204
34781
10205
18400
10209
34787
26597
10218
34801
18417
18418
10227
18420
34805
34806
18422
2039
10234
26619
34814
10238
18431
26624
2051
26629
2057
10249
26634
26636
34830
26639
18453
18454
2072
18458
10268
18463
10274
34850
34852
26663
18471
18472
18474
34858
10283
18476
2094
26671
2099
10292
2100
26683
2111
2113
18501
2118
10311
2119
10316
18508
18509
26703
26705
18517
34901
10327
2137
10330
26720
26722
34914
10340
2148
2150
26727
18536
26729
10345
2156
2158
2160
18545
34929
10354
26743
2167
18551
2171
34941
18559
18562
18569
10377
26762
18572
34957
2192
18578
34964
2197
18583
10395
26780
18588
18590
2209
10401
26787
2211
26789
34984
18601
26794
18603
34992
2225
10417
26801
26802
26806
35002
35003
10429
18621
10432
2240
10434
18628
26821
26822
2247
35016
26824
35022
2254
35026
18643
2260
10455
35035
2267
10461
35038
18655
26848
2279
35048
2282
18667
10478
2286
18670
10481
18674
10486
2294
26872
35064
10489
10490
35068
35071
2305
2308
26886
26887
2312
18697
2314
26892
18701
18702
2320
26900
26903
10519
10520
26906
35098
2331
10524
18716
35106
2343
35114
2351
10544
18737
26929
10547
2355
18740
35125
26934
18746
10555
26942
18750
26943
10560
18754
2370
18755
18756
26949
10567
10568
2377
35145
26955
18764
10573
18766
35150
2385
10578
26962
10580
35157
2390
26974
26978
26979
18788
26983
18793
2413
18800
18806
35192
27001
10617
2425
2427
10621
35198
35199
2433
35201
2434
27010
18818
10627
2437
27015
18828
27022
2447
35216
18834
10642
2451
35219
35220
10644
2453
2454
27030
2455
10649
35225
18842
35226
2460
10655
35232
2465
18850
10659
35236
10660
27045
35237
10665
27049
27050
10669
10673
18867
10677
18870
27062
27064
27066
35259
2492
35262
18879
2497
18881
2498
10693
27078
2503
2504
35273
18889
35274
27082
18892
27084
27094
2518
10710
27098
27099
10718
10722
35300
10728
27114
18923
2541
10733
35310
10734
35313
27121
35316
10744
18937
10747
2556
2559
35328
27138
2562
35331
18951
2568
35336
27146
10762
18957
27150
27151
2578
27155
18965
10775
18971
10786
2595
10788
10789
10790
18983
35368
27177
18985
10794
18987
35375
27184
10803
10813
10817
19009
35398
35402
10827
2635
19022
35407
27215
19024
2640
27219
19028
10839
2648
27229
10854
27240
19051
35436
27246
10863
35443
10867
19059
10869
35446
2683
10879
19076
10885
2698
35470
10896
27282
10901
2710
2712
10904
35481
2715
19099
19100
10910
2723
10916
2726
35494
27302
27303
10924
35500
2732
2736
27314
19122
2741
19125
35510
10934
10936
27323
27325
10942
2751
27331
27332
27333
35525
10949
27334
10952
27337
19145
35530
2767
35536
2774
10973
19169
2786
2788
35557
10982
10983
10984
27368
2792
10985
19178
2794
2798
2801
27380
2805
2808
27384
35578
35579
2814
19198
11006
11015
19208
11017
19212
27405
19214
19215
11024
27409
35604
19222
35607
35611
27419
11037
11038
19232
2849
11042
19235
11044
35622
11046
27431
2855
2859
27438
19246
2862
2863
35638
2874
11067
2875
2876
11069
11071
19267
19268
2885
2886
19272
35656
2892
19277
11086
27470
2897
27474
35671
35675
2909
2913
27490
19299
11111
11112
27497
35689
19308
2926
11120
19312
35697
11121
35699
27510
19318
2935
35704
11128
2936
11129
11131
35708
11136
27520
2944
19329
35716
11142
35720
27529
35723
2955
11150
19343
2960
2962
27539
35732
2964
27544
35738
11163
11167
11172
27556
19365
35750
35754
11180
27564
35759
19376
2995
35765
2997
11191
3011
35781
11206
27592
11211
3022
27599
3025
3030
27606
19415
11224
3032
27608
3035
11229
27614
19423
11233
27618
35810
3043
3044
19428
27622
3046
3047
3050
27627
27634
3060
35829
19445
19448
35832
27642
35835
3067
35841
35843
35844
19460
3077
19461
3079
11274
35853
3088
27665
35858
19474
11283
35861
35862
35864
27673
11290
27682
11305
3116
27692
11309
11312
35889
27700
35895
35897
3133
3135
19524
11334
19528
11336
3149
19536
3154
11346
19540
3160
19547
19548
35932
27742
27743
11361
27747
19555
35940
27748
11364
35943
3175
19559
11369
35949
11377
3185
19578
35962
11389
27775
3200
3201
11393
27780
3208
19594
35980
3212
11405
19599
27793
27794
3218
35987
11412
27796
3222
27799
27800
11418
35995
3229
35998
11422
11425
36002
36005
11431
27816
19625
3243
19630
36014
19632
36018
27827
11444
11445
19639
36024
11448
11449
27835
11455
36032
19650
36034
19654
3270
3271
36039
19656
36042
27852
36045
27853
11469
19662
36046
3281
11474
27859
27862
3287
27864
19673
19674
36060
27870
36063
11490
11491
27878
11497
27882
3306
36075
27884
3308
3309
19693
36081
27891
3315
36086
3318
36088
11512
3323
11520
36097
27906
3336
27912
27915
19723
3339
27916
11532
3342
11539
36116
3349
27925
27927
27929
3357
27936
19747
11556
27941
11558
19752
11560
27946
19754
11563
19758
3376
36145
36146
11570
19764
27957
27958
11577
19769
27962
19772
36160
3393
27969
11586
11587
19779
3398
11592
19784
27978
11594
36172
19789
36173
27983
19792
3408
36177
27986
3417
19802
3420
36188
36189
36194
11618
36195
11619
28004
36199
19824
3443
19830
3454
3457
19841
19843
36228
11655
36231
11658
28043
3467
3469
36239
28050
3474
19858
36243
11668
19861
3478
36251
11677
19870
3488
36257
11682
28071
11688
11692
19885
11693
3503
3504
19888
3506
19891
36275
28086
28091
36285
3518
3519
19903
19904
11713
3522
11722
28107
36300
19917
19920
28117
19927
19928
36316
28124
19934
11743
36319
3551
19941
28140
19951
28143
28144
11760
3569
3570
28150
11766
36344
28152
28153
36347
11771
19964
36360
19979
36363
11793
28177
3603
11796
28181
36373
28182
3606
19990
11802
36379
3611
11804
11806
28190
28194
11815
3624
11820
3637
20023
28215
36411
3647
20031
36419
11848
20042
20043
11851
3659
28238
11855
11856
11861
36438
11862
11863
3676
36445
3678
20064
3681
28264
11880
3689
11886
36463
3698
36467
20083
36469
20086
28278
20088
36472
3706
20091
36475
28288
3713
20097
3714
36488
20104
3721
36490
28301
20110
36495
20111
3728
20117
11933
36509
36510
3742
20127
36514
20132
11946
28330
36523
11947
36525
20142
11951
11954
20147
3766
36535
36536
11961
20153
11962
20155
3776
28353
11969
36547
3784
36553
28362
3787
36555
20175
20176
20177
11987
11988
28374
36570
11994
36575
20193
36577
3810
28386
3811
12005
36583
36587
20205
20209
28401
20210
28402
20212
3832
36600
12025
28413
3837
12029
3840
36609
36610
28419
36613
28424
28426
3851
3857
28434
3858
3859
12054
20247
36632
12056
28441
12059
28444
28447
20256
20257
36642
36647
3882
36650
20275
3893
3894
36662
28470
36664
12089
36666
28474
36668
3903
3904
3906
3908
28487
3911
28488
3913
12112
3922
12114
20309
36694
28504
28506
36701
28510
12128
3937
20324
20326
12135
12136
3945
12138
20332
20333
3950
28531
20340
20342
28535
36729
3961
12154
12156
20349
12158
3967
20351
3968
28544
12161
36739
28550
3975
36745
20363
12171
28556
3981
36750
36753
12184
20377
28571
3998
20384
20386
20388
28584
4010
4011
28588
20397
12206
20399
20400
4018
20403
28597
20406
28602
36795
20413
28606
36799
36802
12228
36804
36806
4040
36809
28617
4044
36812
12238
36816
28625
36820
28629
4056
28634
12254
36831
20448
4068
36837
12262
12263
12264
4073
12265
4075
12273
12277
4085
12280
20472
12286
28673
36867
28676
20485
36869
28678
12297
12298
4107
28687
4112
36885
12311
12312
20506
12317
36896
28705
28713
12330
4139
4141
28718
36912
4145
36915
4147
20533
4149
28726
28727
20538
28734
36927
4161
12358
12362
20558
4175
12368
36946
36950
4182
20568
36954
28767
12385
36963
20584
12392
36969
28777
20586
4202
12394
20591
28786
12403
4215
28792
12409
28793
28796
36989
12414
12419
12420
20613
20614
20618
28812
4237
12432
12433
28822
37016
4253
28829
28832
12449
12450
28837
37029
12454
37031
37032
4266
12459
28843
4269
4270
12463
20655
28849
12466
28851
4276
12472
4282
12477
20669
4285
20672
20673
37057
20679
4299
37067
28876
28877
37069
20686
4302
37071
28882
12499
20692
12502
37080
12508
12514
28899
28900
37094
37095
28904
4329
28907
37101
12526
12530
4340
12532
4341
20726
4350
12543
12550
4358
28935
12552
4362
12555
20748
12556
12558
4370
20755
12567
37143
37144
12572
28958
12577
37155
28966
4394
28971
20781
4399
37167
37168
20784
12593
28978
20787
37172
37173
12598
4407
4409
37178
4412
37182
37183
37184
20802
28994
12613
29000
12617
12618
29003
4428
4429
4430
20814
37200
4434
4438
37206
29014
29017
12636
4445
37213
37216
20836
12646
4454
4455
4456
12649
20842
12658
37236
4468
4469
37238
29046
12663
4471
12664
4474
29052
29053
20865
29067
37264
12688
12689
37269
37272
37274
20890
29085
4509
20894
4514
37282
37283
29093
20904
4521
4525
4527
12721
37298
29106
29108
29109
37303
20919
12729
20927
20928
20929
4548
37317
29125
20934
37320
37327
4565
12758
37334
29146
37338
20954
4575
4576
29152
37344
4578
20963
20964
20969
20975
12785
29171
12788
29174
20982
37367
37368
12792
37369
12793
12795
20988
29185
4609
20994
4611
20998
29191
12810
37386
21005
29201
37394
29209
4635
4637
29213
29217
21027
37411
21028
21030
12839
37416
12842
29228
4652
21037
29230
12848
37425
29234
21042
12853
29240
12860
4668
12861
29246
12862
12864
12865
12866
21061
4678
21062
12871
21064
37451
29259
37452
4684
29262
29263
12880
4691
37459
4692
21076
21078
37463
29272
4698
21083
4704
12897
37474
29287
37479
29288
4712
12906
37482
21101
21102
21104
12912
12913
37492
4726
4728
29306
4738
12930
29314
37517
37519
12946
29330
12947
37523
21140
37525
12949
21142
21145
37533
12957
4766
4770
12962
21156
29348
21158
12968
29352
4777
29354
29356
37548
29357
21168
37553
37555
4787
21172
21175
12987
37564
12989
29374
4800
37568
12996
37573
12997
29385
13002
29387
37584
29394
4818
4819
21206
37591
13018
37597
29408
21217
29410
4842
37610
29421
21230
4847
29424
29430
4857
29433
21242
4859
21243
21247
21248
37633
29444
21255
21260
4877
29457
37650
21270
21272
29468
13088
21283
37669
13095
13099
21293
4911
21295
21297
4914
37694
13123
29513
13134
29520
4946
37716
4952
29530
4956
4958
29535
29540
4965
37735
29543
21352
13160
4973
29550
21360
29552
29553
4980
21365
21366
4983
37752
21370
4986
13179
13180
37758
37759
29567
4991
13184
37761
13185
21381
37766
13191
29578
21390
21391
13200
5008
21393
5011
37780
13205
29590
37784
29595
5019
13212
21406
5023
37794
29603
37796
13222
37800
37802
37803
13228
37805
13232
5042
13235
37812
13237
29623
29626
21435
13243
37819
5052
29629
29631
37825
21442
21445
5063
13259
5070
13262
13264
37842
13267
37844
21460
37846
37849
13273
13274
5082
13276
29665
13283
21479
37866
13292
29677
13296
29680
37872
13298
29683
5107
21494
13303
13305
21498
13307
37883
37886
29696
29697
13313
5124
5125
13317
29703
13320
37901
13325
13326
5137
37905
37906
37907
29715
13331
5140
29716
13335
21529
21535
37920
37922
13348
37926
13351
29741
13358
13359
29745
5170
5173
29749
29752
37945
21561
37946
29757
21567
5185
13379
5190
29771
37965
5198
37967
21583
37968
37981
37983
21599
29792
5216
5221
29798
21608
13416
21609
5226
29803
13421
13422
29808
13426
29811
5235
5237
29813
38006
21624
21626
21627
29823
38015
38019
13445
29831
29832
38030
29842
38034
13459
38042
13470
21662
38048
38049
29861
21678
5296
29873
21682
5298
29876
29878
29879
21688
21691
13502
21696
29889
5315
13508
38087
21705
5323
29903
38096
5329
13521
21717
5333
21720
21722
38107
21724
29917
29920
13537
38116
13542
13543
38126
21744
5365
5366
29942
38136
21754
13565
13566
5375
29956
5380
5383
38152
13577
38154
5387
5388
21774
38162
38163
5397
29974
13596
21791
5407
29983
38176
13601
13603
38181
5415
5417
38185
21804
5421
13617
13621
30005
5431
13628
21822
5442
5444
30020
13641
13643
13646
13648
13650
30035
5460
21844
13653
13657
13659
21853
21854
30047
30049
30051
21860
30053
5477
21862
21864
13672
21866
30058
21867
30063
21872
13680
30072
5498
13691
30075
21884
5506
21890
30083
13699
30085
21900
21902
21906
30102
5527
13721
21915
5533
21919
30112
21928
13737
30129
13749
30135
30136
30139
13756
30141
13758
5566
30142
13761
30147
5571
5582
30159
21967
21973
30170
5596
30173
30177
5602
21990
5611
21996
5618
30200
22009
5627
13825
5639
5640
22024
13834
30224
22032
13841
22034
5650
13842
30228
13845
13847
13848
22042
5660
22045
22047
30243
22053
30251
22061
22063
5681
30257
5683
22068
22071
22074
5690
13883
5691
5698
30277
5702
30279
13896
13898
13901
22095
5713
13908
22103
30297
5723
30303
30304
22112
30309
13928
5739
22124
22129
30322
13940
5751
13943
22136
22139
5756
22140
22141
30334
13953
13955
13956
22149
22150
30343
5774
13967
5777
30355
22164
22167
5786
13978
22170
30365
5791
30368
30369
30370
13986
5794
5795
13987
14002
22198
30392
22208
14018
30408
5834
14028
14031
22225
30419
5844
30424
14040
14043
14046
5856
14048
22242
14050
14052
22245
30438
14055
30441
22249
5866
22257
5876
14069
14074
22272
14081
14085
5898
30474
5899
5900
22286
5908
14102
5911
22295
5912
22300
14117
22309
30507
30512
30516
14137
14138
5947
14140
5957
14149
30533
30539
30540
14161
22356
30549
22358
30550
14167
30553
22362
22364
14173
30568
30569
14186
22379
22384
14192
30579
30583
14201
6011
14213
22407
6027
6030
22415
22417
22419
30617
30626
14243
22439
6056
30634
6065
14258
6066
22452
14260
6070
22460
6077
14274
30661
30663
22472
6091
22475
30669
22478
30671
30673
14289
6098
22483
22484
30678
14298
14301
6113
30689
22498
30690
22501
30693
22502
6121
6124
6129
22517
30709
30712
22520
22521
6139
22524
6142
14334
30719
14337
14339
6150
14348
22544
6161
6162
30738
30739
6164
22554
22558
6175
30752
14369
6177
22561
14371
14372
6182
14374
22572
30764
6193
22578
6196
22580
14389
14392
30778
14398
22591
30785
6211
14404
14405
30790
22598
30792
6224
22609
6225
30802
14419
22613
14422
30816
14433
30821
14437
6256
6260
6262
22646
6269
22654
30850
22660
14473
30861
22671
22673
14481
22675
14485
22678
14487
6301
22685
14494
30879
30883
6310
6311
22696
6313
14506
22700
6317
22701
6322
14518
22713
14522
30913
30915
14533
14535
22727
22731
6351
22737
30930
30932
22741
6361
30939
6363
30940
14556
6366
14561
14562
22756
14566
22758
6375
30951
6376
22763
14572
30959
14577
30963
6389
30975
30980
14598
30983
6407
6410
30989
14605
14606
6414
30990
6415
6417
30993
31001
31002
6426
22811
14620
6434
14628
14629
14638
22832
31024
6448
14641
6449
31026
31027
14645
31031
6456
31034
14650
6458
14651
22846
6469
22854
22857
6476
14669
22865
6488
6489
14686
6496
31073
6500
31077
14693
14698
22893
31087
31088
14704
22896
6518
22907
31100
6531
6532
22926
31119
22928
31120
14737
22931
31135
22943
22944
31142
22953
22957
6573
6575
14769
14771
31160
6586
22970
6587
31163
22974
14782
22975
14786
6594
22979
22988
31186
6614
31192
6620
23007
6624
6626
14819
6627
6629
6634
23023
31216
31219
6646
23035
23036
31234
31237
31241
14860
23057
6682
31259
31261
6685
23079
14887
6700
31282
31284
14902
31288
23099
14909
23101
31294
31295
6720
31301
6726
6730
14922
14924
23125
6745
31324
6748
6749
31326
14946
14950
14951
31336
6760
6762
31338
31340
14957
14961
23156
14973
6787
6788
31366
31367
6794
31373
6798
14993
14998
6807
6810
31388
23197
6814
23199
6819
15011
31397
31401
15018
6829
31410
31415
6841
15034
6842
15043
6851
15044
31429
6853
31430
15049
15050
23250
31442
6867
15059
15061
31446
15062
6873
15065
31452
31453
15069
6877
6878
23264
15073
31459
6885
31464
31466
31467
31468
31469
15086
15088
31475
15094
31479
23287
15095
31485
23293
15103
31489
6914
6924
23309
23316
6932
15133
23329
23330
23334
23335
23337
15145
15147
31531
15152
6960
31537
15153
15157
23353
6970
31547
31550
31551
23361
6977
15171
6982
23370
31562
15178
15180
6989
23374
15184
15185
31570
15186
23378
15192
31577
15194
31582
7007
23392
31586
15214
7023
23409
15219
7028
7030
31609
31611
15229
23422
31616
31618
7047
15239
7051
23437
7054
7055
31631
23440
31634
7061
31637
15254
7063
15256
31640
31641
7066
7069
15261
15264
23456
7073
7075
7080
31662
23470
23471
15280
31665
15284
31668
31669
7100
23485
7104
31685
23493
31687
15303
31688
7113
31691
31692
15309
7118
7122
7123
15326
31710
23519
23522
7138
7139
15334
15335
15336
31725
15344
7154
31730
23548
7164
23549
23554
15363
23557
31749
7177
31755
15374
31760
31763
15379
31766
23578
7194
23579
31773
7198
31775
15391
31776
31777
7203
31781
7211
15403
23596
31789
23599
23600
31794
7218
31798
31807
15424
15426
7240
7249
23638
23643
7261
15454
23650
23655
7271
23657
15467
31852
23661
15469
7279
23664
31860
15481
15482
23681
15493
31880
31882
23697
7316
7318
31898
15519
31904
7329
23715
31912
7336
7340
15533
7343
15537
15539
31924
15541
15542
23734
15545
7356
31934
23743
31937
7364
7366
23755
31954
15574
7382
31959
15576
7384
31963
23774
23775
15589
15593
15600
23792
7409
15601
31990
15607
7425
23812
32007
15635
7447
7451
15648
32032
32035
15651
23844
32036
32037
23849
23850
15661
15667
32052
7479
15673
23865
7482
32059
15677
32064
23874
7491
23876
32069
7493
7494
32071
23883
32078
23887
15697
23891
23900
32093
15714
15716
7525
15718
23912
15724
15727
15729
23926
7544
23929
15738
15740
15746
32130
32138
7563
7565
7572
7579
23964
23966
32164
7595
7596
32177
7601
23988
32185
32189
23997
7619
15811
24004
7621
15814
32203
15822
15823
32209
24018
7634
24019
7635
32219
24029
32221
7648
7651
7653
15845
15848
24041
15850
24045
7665
32248
15865
24059
32252
24064
32256
24069
24078
15887
15895
24088
15902
24097
32290
15908
24115
15923
32309
15927
32313
32316
24127
7747
32324
24133
24138
7754
7756
32332
7758
15952
7760
32341
24150
32342
7770
15963
32349
7774
15967
24159
24161
7777
15970
32354
7779
24167
7784
15977
32364
7788
24173
7793
32373
15990
24182
32374
32378
7803
15995
7804
32382
24190
7810
24195
32398
32399
16016
24208
7826
7827
7828
16023
16028
24221
16030
7843
24234
16044
32428
24239
16049
32433
24241
7858
16050
16052
24246
16057
7869
16064
24258
7876
16069
32454
7879
24267
16076
24270
7887
16080
24274
16082
16085
32474
7898
24287
24294
16104
7913
32490
32492
7917
24306
16116
24308
24309
16119
7933
32510
16132
32517
16135
7946
32523
7950
7955
24344
16152
7961
32540
7964
32541
7968
7973
7975
7977
7979
24365
32567
16185
24383
24384
8002
24388
8004
16197
24390
24394
32586
8012
32588
24400
32595
24404
16213
16214
8025
24409
32601
16219
16220
16224
8033
8035
24424
8041
16235
24428
24430
32624
24433
8050
32626
16247
16248
8058
24444
32638
8067
32646
8070
8071
32648
8075
32661
24473
32667
16286
24480
32674
24482
16292
32677
16303
24496
24499
24507
32699
16316
8125
16323
32708
24517
8133
32719
24529
32725
32728
16345
16346
16347
24539
24544
24545
32743
32747
32749
8176
8181
16375
24568
32762
8191
6
448
20
469
365
175
383
