2873
0
4097
4099
8197
4101
4103
8
8201
4107
4112
8209
19
4115
21
22
8215
8216
25
8220
4125
32
4128
8227
4135
40
43
4139
44
45
8240
48
4144
4146
4148
8246
4150
8247
56
57
8250
4154
59
4157
66
8263
4167
8265
4171
77
8270
8272
80
4176
81
4180
4182
8278
87
88
8282
91
8285
8286
94
4192
4194
4196
8292
8293
102
8294
103
8296
8297
4202
8298
8299
4204
110
112
113
4210
8306
8307
8308
117
4214
8312
4217
8314
8315
8317
125
4221
4222
8318
4226
8322
131
4232
8329
137
138
8331
140
4237
8333
4239
8337
4241
8338
8340
148
8341
4246
151
153
4251
159
8352
4258
4260
164
4261
8357
166
4263
8360
4265
171
8363
172
173
8366
175
4271
177
4275
179
8373
4277
182
4283
4286
8383
4287
194
8387
195
4291
4292
196
4294
4295
8392
8394
8395
203
8396
205
8397
206
207
4303
8401
209
4306
211
8403
213
214
4310
8409
4315
4316
8413
222
4319
4322
228
4325
8421
232
4328
237
8433
8435
243
246
8438
4343
250
251
4348
253
254
258
259
4356
261
8454
262
264
8457
266
8460
268
4364
271
272
8464
274
4371
276
4374
278
8470
4375
8472
282
283
284
4380
8477
8478
287
288
4384
4385
8481
4386
291
292
4390
4391
4392
8488
4395
8492
4398
4402
8503
4407
8505
4409
314
4410
4411
8508
319
8512
4417
321
8516
8518
4422
8520
4427
4428
8527
8529
4436
8533
4438
343
344
8537
4442
347
348
4444
349
8541
352
8548
8550
359
4456
8552
8553
4458
363
4461
8558
4464
8560
4465
8564
4468
372
373
8567
4471
8568
377
378
4475
379
4478
383
8577
387
8579
8584
393
395
4492
4493
397
400
401
8593
402
405
4508
8604
4509
4510
8606
4511
8607
416
4512
4514
4515
8612
420
8613
421
423
4520
424
4521
8618
4522
426
4523
427
8619
4524
428
8621
4525
4527
432
4529
8626
4530
4531
8627
8630
4535
440
441
443
8635
445
4542
4547
452
453
4550
454
4551
8648
4552
4553
457
458
4554
459
4558
462
4559
464
8656
466
4562
467
4566
471
8666
8668
8671
8674
8675
4580
8679
8680
8682
4586
8684
8688
8689
8690
4596
4597
8693
4599
504
8698
508
4605
4606
8704
4609
8705
4613
8710
4614
522
4620
4622
526
8720
528
8722
4630
4634
4635
8732
8733
542
8735
546
8738
547
548
8740
8741
8746
4650
8747
557
4653
8749
559
8751
8752
561
4658
8754
8755
4659
563
564
4661
566
4663
8759
4666
4669
8766
4672
579
8771
8772
4676
4678
8775
8777
8780
4688
593
8785
8787
4691
4696
601
4697
8793
4699
4700
605
4702
607
8799
608
8800
611
612
8806
4711
615
4714
8811
8814
4720
8818
4726
4727
4728
639
4737
8834
4738
642
4741
645
8838
646
8839
8840
651
652
655
8850
658
659
4755
4757
8859
8860
668
8861
4767
672
673
4769
4770
674
8869
8870
8873
681
682
4779
689
4787
8883
8885
693
8886
4791
696
4792
8890
8891
4796
8893
707
708
8901
4806
4807
8903
713
8908
4813
8913
722
4819
8916
4823
4826
4828
733
8927
736
4832
4835
8931
4836
743
4840
744
8937
4843
747
4846
753
4851
4852
8951
760
4857
4858
769
771
772
4868
4869
8966
4870
8968
8969
777
4874
4876
8973
4879
8976
784
8980
790
8982
8984
8985
4890
794
796
4895
8992
801
8993
4898
8995
805
808
811
9004
9009
4915
819
820
9012
4918
4920
4922
827
829
4927
4929
833
4930
4932
4933
9030
9034
9036
4940
9037
848
9041
4946
9042
4947
853
9045
9046
4955
9054
863
864
9056
9060
868
869
4968
872
4969
875
876
877
4973
9070
4974
879
9071
9072
881
9075
9076
4980
9077
886
4983
9082
4987
891
4988
9084
4990
9087
4991
895
9089
898
899
9091
5000
904
5001
9097
9098
9099
907
5004
5006
5007
9103
9104
912
5009
9107
918
5014
919
9112
923
5019
925
5022
9120
930
931
5028
933
935
5031
936
937
938
5034
5035
9131
943
9136
945
946
948
5046
950
9143
5047
9144
5049
954
5051
5052
5053
9150
5056
5057
962
9155
965
5061
5062
9159
967
5064
9160
9162
971
5069
974
5070
975
978
5076
981
5078
983
5080
9177
986
5083
987
9180
9182
9185
5090
9186
9187
5093
9192
1000
1001
5097
5098
9195
1003
5099
1006
9199
5103
5104
1008
1009
5106
5109
1014
5111
5112
1018
1020
1021
9214
1022
9215
1026
5125
9222
1030
9224
1033
1034
5132
1042
5138
5140
9236
1046
1048
9240
9241
1053
5151
5153
5155
5156
1062
1063
5160
1066
5168
1072
1073
1074
5170
5172
1076
1077
1078
5174
5180
9278
5182
5183
5184
9280
5185
9282
1091
5187
9284
1092
1093
5189
5190
9287
9289
5194
1099
9292
5196
9297
5202
9299
5204
9302
5208
5209
1114
5212
9308
5214
5215
9312
9313
5217
5220
5221
1126
5222
1127
9320
1130
9324
1133
9325
9326
5230
1134
1136
1137
5234
1140
9338
1146
1147
5245
1149
1154
9346
9349
5253
1158
1162
9354
5258
1164
1166
1167
5264
1168
1172
9365
1175
1179
1180
9373
9375
5279
9377
1186
5282
9379
5283
1188
9380
9381
5285
1191
5287
1192
5288
9386
9390
1198
9393
5298
1203
9396
9397
5301
5302
9399
5306
1212
9408
1217
9410
1219
9412
9414
9416
5321
5322
1226
5323
1228
1229
9422
1230
5328
5330
1235
5333
1237
9429
9430
1240
5336
1241
5338
5339
5340
1244
5341
1248
5345
1250
5347
5348
5349
1253
5351
1257
9450
1259
1260
5359
9456
1264
1267
9461
9462
5368
5370
1274
5371
1277
9474
9475
1285
9477
9478
5386
5387
9484
9485
1294
1300
5397
5400
9498
9500
5404
5407
5408
5410
1315
5412
9508
1316
5413
9512
5418
9516
1325
1327
5423
5424
1329
5425
5426
1333
9525
5434
1340
1343
9536
5440
1346
1347
5443
9543
5447
9545
1354
5454
9551
5455
1362
5458
9555
1364
1365
9558
5463
9560
1368
5466
1370
1371
9564
1372
5469
5470
1376
1377
5474
9571
9572
5476
9573
1383
5479
1385
1387
5483
5484
1388
5487
1393
5490
1394
1395
9591
1399
9592
5497
1401
9593
1404
9597
5502
1406
1407
1408
5504
5505
5508
1415
9608
1417
5513
9610
5521
1425
9617
5523
1428
5525
1430
1431
5527
9630
1438
1439
1440
1441
1445
5543
9639
1448
5545
1449
5546
5548
1454
9647
5552
9649
5554
5555
1460
9653
9654
1463
5560
9658
9659
5564
1469
9662
5568
1473
9672
1480
5578
1482
9675
9677
9680
1488
5585
1490
5589
9686
1497
5593
5594
1499
5596
1501
5599
9696
1504
1505
5603
9699
5607
1511
1512
9704
1514
9708
1518
5615
9711
1519
1520
9714
5619
9716
1525
5621
9719
1528
5626
9722
1532
9724
9725
5631
5633
1537
9729
5634
9732
9733
5638
9735
5639
9736
5640
1545
5647
9743
5648
9745
9747
1556
5652
1557
9750
5659
5660
9756
9757
9758
1566
9759
1568
9760
1571
5668
5671
9768
9770
1580
9772
5676
9774
5678
9776
5680
1584
1586
5683
1588
5684
9781
1591
9785
1594
5690
5692
9789
9790
1599
5697
1601
5698
9794
5703
1607
5704
5705
9801
1611
5709
1614
9806
1615
5711
5713
5715
1620
9813
5721
1625
9817
5722
9819
1627
5726
9824
9825
1633
5730
1635
5731
9830
9833
1641
1642
1643
9836
5743
1650
5747
1652
9845
1655
9850
1659
1660
5757
9853
5758
5761
1666
1667
5763
9860
1668
9861
9862
9865
5770
9866
9867
1676
1680
9873
9874
1682
5778
1683
9875
5783
5784
5785
1689
1690
1691
1692
9885
5789
1694
9888
9889
5793
5796
1700
5800
5801
1709
9904
1715
9908
1716
5813
5815
1719
1724
9920
9921
5825
9922
1731
5829
9925
1736
1738
9932
9934
5842
9940
5844
1749
9941
5845
1751
5849
1753
5850
5853
5855
9954
1764
9958
1768
1769
1770
1771
9963
1772
1773
5870
1774
1775
5872
1777
5874
1778
9972
1783
5882
9979
1788
9981
5886
9982
5889
1793
5890
9987
9989
1798
9990
9991
9993
9994
1803
1804
5901
5903
10001
5907
5909
5910
5912
10009
10014
10016
1824
10018
1828
5925
5927
1834
10026
1836
5933
10029
1838
1839
1840
10032
1841
10034
5938
10037
5942
10042
5946
1852
10047
10050
5955
1859
1860
10053
5957
10055
5962
10061
10062
5966
10064
5971
1875
10068
10069
5973
10070
5976
10072
5978
1882
1883
5980
5981
1885
10079
10080
5984
1891
1894
5991
10089
5995
1901
1903
6000
1905
1907
6003
10100
10103
10106
10109
6014
1922
6020
10118
6026
6028
10124
1933
1937
10132
1941
10133
10134
1943
6040
1944
10140
1949
1951
1952
1955
6051
6052
1956
1960
10154
10155
10159
6065
10161
1970
6066
1971
10163
1972
10166
10167
10169
10172
1980
6077
1982
6080
10178
6083
6087
1991
10184
10185
6090
1995
6091
10187
6092
6093
1997
1998
10190
6095
6096
10193
6098
10194
2003
10196
2006
2007
6104
2009
2010
2013
6110
6112
10209
6114
2021
6120
10216
6121
6123
2027
10220
2028
10222
6127
6129
2033
6130
10226
10227
2035
2036
6133
2039
6135
6136
2040
6137
2041
2042
6140
2044
2045
10238
6142
6143
2048
10240
6145
10241
2050
6147
2051
2053
2055
10249
6153
2058
10253
10255
2064
10257
2066
6164
2068
10261
6167
6168
2075
2078
2080
6181
10279
10280
2088
10283
10285
10286
2095
10287
10288
10290
2099
10292
2100
2101
6200
2105
6201
6203
6205
6209
10305
6211
10308
2117
6213
6214
2124
2125
10317
10318
2127
6224
6225
2130
10324
2133
2136
10329
6236
2144
6241
6242
2146
6243
10343
6248
10345
6250
10347
2157
6257
6260
2164
2165
10358
6263
10359
6265
6267
10364
6268
10365
2173
10367
2176
6274
2178
6276
2181
10374
10377
2187
6283
2188
10381
10382
2191
6289
6292
2196
10388
6295
10392
6300
2205
10399
2207
10401
10403
6307
6308
6311
10408
2218
6318
6324
10423
6329
6330
10426
10429
6333
2237
6336
2241
2242
10435
2244
6341
2245
2246
10440
10442
10443
2253
10446
6351
10448
2257
10449
6353
2259
10451
2260
6357
10454
6359
2265
10461
2270
10462
2274
2278
10470
2279
6376
10473
2282
6378
6379
2285
10477
6381
10480
6384
6385
6386
6389
10486
10487
6391
2295
6392
10488
2297
2300
2303
10495
2305
6402
6405
10501
10503
6409
6412
2316
10511
6415
10512
10513
6417
6419
2326
10520
6426
2330
6427
10523
6428
10525
6429
6430
10528
2336
6433
2337
2339
10531
10533
2342
10536
2346
10539
6443
2349
10542
2351
2352
6449
2354
2355
6451
2356
10549
10551
6455
6456
10552
2361
6457
6461
2366
6462
6464
6465
6466
2370
6467
2372
2373
2375
2376
6472
10569
6473
2378
2384
2385
10577
10578
6483
10582
6488
2393
6490
10587
6496
6498
2403
10597
10598
10600
6505
2410
2411
6508
10604
10605
10607
10608
6514
10610
6515
6516
6518
2424
6520
10617
2425
10621
6526
10623
6527
10625
2433
6530
2434
10628
10629
2445
6541
2448
10640
6546
10643
2452
6548
10645
6549
10646
6552
2456
6553
10649
6556
10653
6558
10655
2464
2465
10657
6562
6563
2470
6568
10665
10667
6576
10676
2485
10677
10678
2487
6583
2488
6584
6587
2491
6588
6589
6590
2494
10687
10688
6592
10691
10692
10693
2503
2504
6600
10700
6605
10702
2511
10704
10706
6612
10708
2517
10710
6614
6615
6616
6617
6619
2524
2526
2528
2529
10723
6627
6630
2534
2537
6633
2538
10730
10731
10732
6638
6640
10738
6643
2549
6646
10743
6648
6649
10749
10752
2560
2562
6658
6659
10757
6663
2568
6667
2571
10764
2573
6670
6671
2576
10769
2579
6676
6677
6678
10774
10776
2585
10779
6684
2589
6685
10783
10784
2596
10789
2598
10790
2599
2601
10794
10796
10801
6707
10806
10807
2615
2617
2618
10814
10815
6720
6721
2627
6723
6725
10823
6727
2632
10827
10829
2639
10832
6736
2642
2643
6741
2647
6744
10842
6747
10844
10845
6751
2656
10850
6756
6757
10853
2662
10854
10855
10859
6763
10860
6766
10864
10869
6774
10873
10874
2683
10875
2685
6782
2687
10880
6784
10884
10885
10886
2695
2696
2697
10890
2699
10891
10892
2700
6797
6798
10895
6800
2704
6802
10899
6805
2711
6808
10905
10906
6810
6811
10908
2718
10912
2720
2721
10914
2723
6820
10916
10917
2728
10920
10922
2730
10923
10924
2732
6830
10926
2737
10933
6838
6840
2744
6841
2745
10939
6845
6846
6847
2751
10945
6850
2756
2760
2761
10954
10956
10958
2767
2771
6867
2773
2774
10967
6872
2776
10971
10978
6883
2788
10982
6886
2790
10983
2791
10985
6890
6892
2799
10992
2800
6900
10998
6903
10999
2809
11002
2810
11005
11007
6912
11009
6914
2819
11012
2822
6918
6919
2823
6921
2825
11017
11019
11021
11022
2830
6926
6927
11027
11028
11029
6934
6936
6941
2845
6942
11040
2848
6945
2850
6947
6948
2852
6949
2853
6950
2854
11047
2858
11050
2859
6955
6957
11054
2863
6959
11055
11056
6962
6963
11059
2872
6971
2877
2880
6976
11074
11077
11079
11080
11081
2890
6987
2892
11085
6992
2900
11092
6997
2903
7001
11098
11099
11100
11102
11103
2913
11105
11106
11109
7014
7017
11114
7019
2923
11117
2926
7023
11119
2927
11120
2929
2930
2931
11123
11126
7030
2935
7034
7035
7038
2944
7041
7042
2947
2948
11141
2950
2952
7051
11147
7052
11148
2960
11152
7059
2964
7060
11157
2966
2968
7066
11162
2971
11164
2972
7069
7070
2974
11166
2976
7072
7073
7074
11173
2981
7080
11177
2985
7081
11178
7083
7085
2989
11182
7091
11187
11191
3000
3002
11195
11196
11199
3008
11201
3010
11203
7107
7108
11204
7109
3014
3019
11213
3021
3025
3028
7124
7127
3032
11224
7130
11226
7131
3037
7137
11234
11236
7141
11239
7144
3050
11243
3051
7148
7149
11246
11247
7152
11248
11249
7154
11250
11254
3062
3064
7164
11262
3070
7170
11266
11267
7171
3079
11271
11273
3081
11274
11275
3083
11276
7181
3085
11280
11281
3089
7186
11287
3097
7194
11290
7199
11296
3104
3105
7202
7203
7204
3109
3110
11302
11305
7211
3118
11312
11315
3123
7219
3127
11319
7224
7225
7226
3130
3131
3132
7229
3134
7230
7231
3136
7232
3141
3142
3143
7240
7242
7243
3147
7245
3149
3150
3153
7253
7256
7258
3162
7259
3165
7262
3168
3172
3173
3175
3178
7274
7279
7280
3184
7282
3188
3193
7290
3197
7294
3200
3201
3204
3205
3211
3213
3216
3218
7316
3220
7320
3225
3226
7322
7325
7326
7327
3231
7329
7338
3243
3247
3248
7344
7351
3256
7352
3257
3258
3264
7363
7364
3272
3276
7374
3284
3289
7386
3290
7389
3295
7391
7392
7398
7400
7402
3307
7403
3311
7407
3315
3319
3322
3326
3328
7425
7427
3332
7431
3338
7434
7436
7437
3341
3342
3343
7440
3347
3349
7449
3353
3354
3355
7453
3359
3361
7458
7460
7461
3366
7462
7465
7466
3372
7472
3376
3377
7475
3382
7480
7484
7485
3389
7486
3390
3391
7491
3396
7496
3401
3404
3409
7506
3411
3412
3413
3414
7515
3419
7518
3424
3426
7522
3428
7524
3430
3431
3432
3433
7531
7532
3437
7535
3439
3440
7547
3455
7552
3456
7556
3460
3462
7558
7559
3463
3466
3469
7565
7566
3471
7569
7570
7571
3476
3479
7582
3487
3488
3490
3492
7590
3494
7592
7593
3503
3505
7601
7602
7603
3509
3511
7609
3516
3518
7617
3524
3526
7623
7628
7629
3534
7631
3543
7643
3547
3549
7645
7649
3560
3562
7662
3571
3574
3576
3579
7678
3584
7682
7683
7684
7693
3598
7695
7698
3604
7701
3606
7704
7705
3612
3613
3618
3619
7715
3623
7722
7727
3633
3635
3636
7735
3642
3644
7741
7749
3655
7751
7753
3659
7756
3661
3663
7759
7761
7765
7767
7768
7770
3677
7773
3680
7777
3681
7779
7780
7781
3686
3688
7785
3690
3692
7790
7791
3695
3697
7793
3699
7795
3704
3706
7809
3714
7813
3717
7814
7822
3726
3727
7823
7824
7827
7828
3733
7835
7836
3741
3745
7852
7856
7857
3761
7858
7859
7861
7863
3773
3778
7876
3783
7881
7882
3788
3789
7887
7888
3793
3794
3795
7893
7894
3799
3800
3801
3802
3804
7903
3809
7905
3810
3812
7912
7915
3820
7916
7917
7918
3823
7920
3825
3828
7931
3838
7937
7938
3843
3845
7946
3852
7950
3856
3857
7955
3861
7960
3864
3869
3872
7970
7975
7977
3881
7978
3884
3887
7984
7986
7988
3893
3895
3896
7995
7996
3901
3902
3904
8002
3908
8004
8006
3911
3912
8012
3920
8017
8020
3926
8028
8029
3935
8034
3942
8039
3944
3946
8042
8047
3951
8049
3953
8051
3958
8057
3962
8059
8060
8064
3970
8068
3974
3976
8073
3980
8076
3982
3984
3985
8082
8086
8087
3991
3993
8092
3996
4000
8100
4004
4010
4014
8110
8111
8112
8114
8115
8116
4022
4023
8123
4030
4033
4038
8135
4040
8140
4046
4048
8145
8146
4050
4054
4055
4058
8156
4062
8160
8161
4067
4068
4070
8168
4073
8170
4075
4078
4083
8182
4088
8185
4090
8188
4095
11
48
65
17
50
179
21
150
7
104
92
46
