5860
32768
16384
8192
32771
6
32775
7
8206
32783
24592
8209
24594
32788
20
24598
32790
16406
23
8217
16409
8220
29
32798
24608
24609
33
16418
24610
24611
32805
32806
16422
8232
32810
8235
44
46
24622
8239
32816
8244
24631
32824
24634
32827
32828
24638
24639
24640
64
16448
8257
32837
70
16455
8264
24651
32846
24654
32848
8273
8274
24659
16469
86
8279
24663
16472
24668
92
93
32862
32865
16483
8291
16486
32871
16487
32873
16491
8299
8301
16494
112
24688
32880
113
8305
8308
116
8310
24694
118
32887
8311
8315
24699
125
32893
32894
8319
32896
16512
16513
8323
32900
16516
24709
24711
8327
136
16521
138
16523
32908
8333
32910
32911
143
16527
32912
144
16529
32913
24721
32914
32915
148
32919
32920
16537
153
156
158
8351
161
8355
16548
16549
24741
24744
32937
24745
8363
16556
32942
16559
176
24754
179
24757
16566
32950
24759
32951
8375
16571
24763
16572
32957
8384
32962
196
24772
8390
16582
8391
24776
8394
32971
24781
16590
32975
16591
24783
32976
16594
16595
211
8404
24788
8407
24792
8409
24797
8413
24800
32992
224
24803
8427
24812
238
16623
8432
24817
242
24821
245
8438
24823
24828
33020
24829
24831
255
8447
16643
33027
8454
8455
33033
8457
33034
16650
24843
16651
24844
273
33042
8467
16660
8468
33047
279
8475
33056
16675
292
16677
293
24869
33061
33063
8488
296
24874
8491
8495
304
24880
8497
24884
8500
312
8504
16701
24894
33086
8513
24898
16707
16709
16710
8519
327
8520
24905
16714
16715
333
8527
16720
24913
340
24916
33109
8537
24924
8543
24927
24930
356
8549
33126
358
24936
24937
16746
8555
364
16753
24946
33139
33142
8566
8570
16764
16765
16766
24959
385
387
8579
24964
8581
8582
391
392
24969
16778
24971
8591
400
401
8595
16788
33174
24983
8599
16792
16793
410
24987
411
8605
33181
8606
416
418
8610
16803
8612
16804
421
16806
33191
423
424
16808
16810
16811
16812
25005
33198
25007
8627
435
25011
25012
8635
16827
25021
33214
16831
33216
16833
449
451
8645
455
33225
458
25037
25039
33232
25040
25042
25045
16855
8664
16858
8667
16859
16860
33244
33245
8669
16862
25058
482
16866
484
16868
25061
33255
488
33256
25069
493
25070
495
25073
8689
33266
16882
16883
16885
16886
16887
25080
8699
25084
33276
25085
16896
33285
16903
16904
8712
8714
523
16907
33294
16913
8721
16915
8726
8728
536
16922
8731
540
33308
25118
542
16927
25119
546
33315
16931
16935
551
8744
33321
33322
8746
25130
16939
555
557
8749
558
16945
8753
33334
571
25148
16956
33341
16957
574
8767
16961
577
8770
16964
25158
8776
585
8778
8779
8780
33356
8782
33358
590
16974
592
16976
8785
16978
33362
25170
33363
25171
16980
596
25176
16985
25177
16987
603
16988
16991
608
8800
8803
33379
611
33383
17000
33386
25194
17003
25196
8814
25198
17007
25200
33392
17009
25204
8821
8822
25206
17016
33402
17019
17021
25214
17023
33409
17025
17026
8838
17031
25226
17034
17035
652
25228
655
8847
656
25232
8849
8850
17042
25237
17045
8853
33431
25239
17049
8859
33435
17052
25248
33442
25251
25255
682
8874
684
17072
688
25266
17075
33460
33461
17078
695
17079
8888
25272
697
33466
33467
8891
33468
25277
17086
33471
706
17090
17092
8901
17094
8902
25287
8904
8905
8906
714
715
17100
8911
33488
8912
33490
25298
722
33493
17109
17110
17111
33496
729
25305
25306
731
8929
739
17124
8933
33511
25320
33512
33513
8940
25326
751
17136
8948
33525
33526
25337
17146
25341
17149
766
33534
17151
33535
25345
25346
33538
771
772
17156
8964
8965
17161
777
25354
33546
25355
25356
25357
8973
33552
17168
25361
33553
8978
787
8979
25363
17172
790
791
8984
8985
794
25370
8987
795
798
25377
802
33570
33572
805
25381
806
25384
25385
33578
25387
25388
9004
813
815
17199
25392
9009
33585
817
17201
9010
33586
17203
33588
25396
17207
9015
33592
9016
33596
17213
25405
9022
33603
25412
17221
838
839
25415
17224
840
25417
842
17226
9036
845
17230
9038
33614
847
17232
9040
849
850
17235
9044
25428
33621
33623
25434
17242
860
17245
9053
33630
9055
25440
25442
9058
9062
33639
25448
17256
872
17257
17260
17261
881
886
33654
9079
25463
892
33661
25470
9086
17279
17280
897
25474
33666
17283
9092
17284
25479
17288
17292
910
17298
915
916
9108
917
25497
33690
17306
17307
17311
33696
17314
9123
17316
933
25510
9129
33706
33709
25518
25519
9135
33712
17329
33713
9140
33716
33717
9142
17335
25528
953
33721
9145
954
17338
9147
33729
25537
33730
25540
33732
9156
9159
17351
9160
9163
33740
17357
33745
33746
9170
25554
33747
25557
982
17367
984
17369
33754
33756
988
33757
990
9183
17375
33761
17377
25570
17379
33763
25573
999
33768
33769
9194
25579
33771
9196
25582
9198
33774
25583
25588
25590
1016
1024
17408
17410
1027
9223
25607
33800
9224
9225
25610
33804
1039
17424
33812
17428
17429
25624
9241
1049
1050
17441
9251
25637
25640
25642
25643
1067
33836
25645
1070
33838
9262
9264
33842
33844
1076
33846
33848
33849
25657
1081
33850
25661
17470
25663
9282
33861
17478
9287
1095
25675
25678
17488
33873
17489
1106
33877
17493
17496
17497
1114
33883
9311
17504
9312
9314
25698
33891
17510
25704
1130
17515
33901
17518
17520
25713
25714
9331
1139
25716
1140
33912
33914
1146
9338
9342
25729
33922
9347
33923
17540
33924
1157
33926
17542
1158
1159
33931
33933
33934
1167
25744
9363
9364
17559
17561
1178
1180
17567
33952
1185
33953
25761
17570
1186
1188
1191
17575
1194
17578
17579
9388
25772
17580
1200
25777
1202
9394
33970
17587
17588
1204
1206
33978
17595
33979
33981
25790
25792
33986
1218
1219
17604
25797
33990
9414
1223
9416
25802
1227
33998
17615
25809
1233
9425
9428
17621
25813
1238
25814
17622
25816
1240
34008
34009
9433
9434
34013
9437
34015
34016
17633
9442
25831
1256
34024
17640
25833
1260
9455
34032
1265
34033
34037
1271
17657
1276
17660
25854
34050
25858
1285
1286
34055
1287
17672
25866
9482
34061
1295
1298
34068
9492
25878
17686
34071
25879
9497
25883
34075
25885
9503
34081
25890
9506
17698
1314
9509
25894
34086
34087
17704
1321
9514
17706
17707
25899
9518
34094
1328
17713
17714
34099
34102
25910
34103
9529
9531
1340
17724
17725
17727
34111
1346
17730
1347
17732
1350
1352
17738
9546
25933
1358
25936
1360
9553
25937
25938
17746
25940
1367
25945
25950
17758
9569
17761
17763
25956
17765
9573
25959
25960
9577
17771
25968
9586
34162
17778
1394
25973
17781
25975
34169
1402
25979
34171
17789
34173
17791
34176
17796
1413
34183
1417
1419
25995
17804
34188
17805
34190
17806
34191
9616
34193
17811
34195
26004
9620
34199
17820
1437
1442
9635
1446
26022
34215
26023
17831
9640
34216
26025
26027
9644
26029
26030
1455
34224
17841
9651
1461
9653
1462
9656
17850
34235
1467
9660
17854
9668
17861
1479
17864
1481
17866
26059
9676
9677
9678
26062
26063
17871
26066
9683
34260
34261
26070
1494
17879
9687
34264
9689
26074
17883
17884
1501
26078
9696
34274
9698
17890
1508
9701
1510
26092
1517
17901
34285
26094
1519
17903
9712
34289
26098
9715
26100
34293
1527
34296
9720
26104
1529
17914
9725
17918
34303
9727
1535
17921
9730
9732
9733
26118
1543
34311
34312
1546
9738
17930
17931
34318
17934
34320
9744
9745
34321
9746
34325
26133
17942
34326
26134
26135
17943
17944
1561
34329
26138
9755
9756
26141
17952
26145
34337
34338
17957
17958
1581
9773
34351
1584
17970
34355
17973
34358
1593
9786
17981
9791
26177
9794
9796
26180
17989
26183
26185
26187
34379
17996
9808
1616
9809
34385
1618
1619
26196
9812
1620
9813
18007
9815
18009
34393
1633
18017
26210
9828
18022
9830
9831
34407
26219
1644
9837
26221
1645
26223
1648
34417
34418
26230
18038
9849
34427
34428
1661
26238
26240
26242
18050
18055
9865
18058
1674
18059
26251
9868
9869
34447
9871
34448
18066
9875
9876
26261
9878
26263
9881
18075
26269
1693
26271
1696
18081
1698
26274
18083
34470
1703
18088
1704
9897
1705
18090
9899
9901
26285
18094
9902
26287
1711
9906
26291
18101
9910
26294
34486
1719
26295
18104
9913
34489
26298
9914
26299
26301
1726
18112
1730
9923
1733
34502
26313
1739
34508
26320
18128
1746
26322
1747
9940
26325
18134
18135
34520
34522
34526
26335
18144
34529
18145
34530
26339
18147
1763
1766
18151
9960
18152
9961
1771
9964
1774
34542
9966
34543
18159
1776
34546
18162
34549
26359
26361
9977
26364
9985
34562
26372
9991
34568
34569
9993
1805
9999
26384
10000
26390
1814
18198
18201
26394
34591
18207
34592
10017
26401
34596
26405
1831
10024
26408
26409
34608
1842
18227
1843
18230
10039
1848
34616
34617
10042
18234
34620
10048
34625
18242
1863
26440
10061
1871
34639
34641
26450
1875
18261
18263
34648
18267
26463
26464
18273
18274
18275
34659
18277
18281
18283
26478
18286
1904
34672
1906
26483
1909
10103
1911
10104
10105
1913
1914
34685
26494
34687
1921
34690
1923
18308
1924
34692
34693
18313
34697
26506
18314
1930
26508
1932
34700
1934
26513
10132
26516
34710
1944
26521
1948
34717
26526
10143
10144
1952
1955
26531
1957
1958
10151
10153
1962
26539
1964
26541
10158
34736
18355
10165
34743
26553
18364
18365
26559
10178
1986
1987
18371
1989
18373
10181
26565
18374
34758
26567
26568
18379
34764
26572
2000
34768
10194
34774
18390
10200
26587
10203
34782
26592
2017
26593
10210
26595
2019
2020
18405
2022
18409
2028
2032
26608
34802
34803
2035
18421
2037
18422
2038
10230
18427
2045
26623
2047
10240
26624
18434
26627
34820
10245
26629
18438
18439
26634
2058
10251
34828
2062
10256
34833
34837
34838
10263
2071
18455
26649
2075
26652
10269
18463
26657
10273
26659
10276
10277
26662
34855
18474
2090
18475
18476
10285
18477
18478
2095
10289
18481
2098
10291
26676
2100
2101
10297
26682
18490
2107
18491
10303
2112
26689
18498
26691
10307
18502
10312
34889
26700
34892
10317
26701
26702
2126
2128
26705
18513
34897
10324
26708
34900
18518
2136
18520
26712
18521
18522
2139
18525
26717
34910
2143
34911
26720
18531
2147
18532
10340
18534
18535
18537
26730
18538
2156
2157
18541
18543
26736
10352
26739
2163
10356
18549
18550
18551
10360
2168
2170
10363
2171
2172
26750
26751
34943
34944
10368
2177
10372
18564
18565
10373
34954
26762
10379
10381
2189
18574
34959
2192
10384
18578
26770
10387
10388
18581
34966
18582
10391
18584
18586
10395
2205
10399
2207
34976
18592
34977
26786
26790
10406
2216
10409
2219
2221
10414
26801
18609
10418
18610
10421
2229
18614
10422
34999
18616
26811
10427
18623
10432
35009
18626
2243
35012
18631
26823
35017
35018
18635
26828
18636
18641
18642
35027
18644
26838
35031
10456
10459
18653
35038
2271
10463
10464
18656
10466
26853
10470
26854
18663
10474
26859
18669
2285
26868
35060
2293
10486
18679
35063
26872
2296
10488
26874
2299
26875
26876
2300
26877
10494
26879
10495
2304
2305
10499
26883
10502
2312
18697
10505
2318
26895
2320
26898
35091
18708
35093
26903
2328
35098
10522
26906
35099
26908
18716
10526
18718
26912
26914
2339
18726
35110
26919
18727
2343
18728
18730
26922
2348
26924
2351
35119
35120
26928
10545
2353
2354
18739
35123
2357
18744
10552
26936
18745
26937
35130
10556
10557
18751
10560
26947
2373
10566
2375
10568
2376
35149
10577
35155
2387
10580
2388
18773
10585
10588
2397
26974
18782
2405
2407
26985
18794
10603
10604
18796
26992
18802
26996
2424
27000
18810
10618
10619
10623
35199
35200
2433
27009
18817
18818
35206
18823
27016
2441
18826
35212
2446
18830
2447
10641
2451
18835
18836
10645
10646
27031
27034
35226
27036
35230
10654
27039
35234
27042
2467
27047
10663
10666
27052
10668
10670
27054
35248
35250
2483
35253
18871
35255
18872
2489
35257
2490
2491
27071
10687
35264
18880
10688
27073
10689
35267
35268
10696
27080
27081
10699
35278
10703
35279
2513
27089
2516
10709
2521
27097
35290
18907
2525
10718
35296
27104
10721
18913
2532
18916
10728
18921
35305
18922
35306
27119
2544
27120
10737
35313
10739
35316
27127
35319
18936
35321
18937
10745
10746
27130
10747
10748
10750
2559
27137
35329
35331
18947
35332
18950
10761
35337
18954
18955
18956
35341
27149
18957
2574
18960
10769
27154
2578
35349
35350
35351
10775
10777
2585
10778
2586
35354
27164
27165
10781
35359
35360
2592
27169
10785
2594
18979
10787
35365
18981
27175
35368
10793
18987
27180
27181
18992
35376
10800
35377
2609
27185
2610
2612
2613
2614
10807
18999
27191
19000
10808
27193
19001
10809
35386
10810
2619
35389
10813
2621
2625
27204
19014
10822
19015
2632
2635
27211
35403
19020
2637
10831
10832
27217
2644
10838
10840
27228
19036
19038
2657
2659
2662
19048
2666
2670
2671
19056
27250
27251
10870
19062
19065
35451
2689
35458
27266
10884
27270
2696
35465
2698
2699
35467
19085
35473
27281
2708
10901
27288
2713
27289
19097
2716
19101
10909
35490
27298
10916
10918
19111
19113
2730
2731
19116
35502
10927
27312
19120
35505
19124
2740
19125
10934
2745
10937
27323
10939
2750
19135
27328
2754
19139
19140
35525
10950
27335
10952
19146
27341
27342
19151
19152
19154
19155
35539
19156
35540
2773
10968
35544
27353
35545
2778
35546
27354
19162
27357
27358
19166
35552
27361
27362
19170
10978
2786
2788
19173
2790
35558
19174
10984
27371
2796
2797
19184
10992
35570
35573
35574
35577
27387
11004
2812
27389
35582
19205
35590
19207
35592
2825
19209
11019
27404
2830
19214
27407
35600
35601
2834
11030
2840
19225
35612
27420
27422
19230
11040
2849
11041
2851
19236
27428
2852
2853
11048
35624
2857
19241
19243
11053
2861
27437
27439
27442
35634
2870
11063
27447
27448
35641
11065
2874
11066
35645
2883
35657
2892
2893
19279
27471
11089
35665
35667
2905
19290
35675
11100
2909
19293
11103
2911
11104
11107
35683
35686
27495
19304
27497
2921
2925
11118
27505
11125
2935
27512
19321
35706
27515
35707
19323
27517
35710
27518
35711
27519
2943
11137
27522
35715
2947
11142
19335
2951
19336
2952
19339
11150
19344
11152
35734
19351
27545
27546
19355
27547
2972
19360
2980
27556
11174
2983
19368
27561
35755
11180
27564
19372
2990
35758
19377
2994
19378
27570
2995
11188
11191
19385
19386
19388
11205
35782
19398
11208
19401
35785
3018
11211
35788
27598
35791
35792
35793
27602
11218
27603
11221
35798
27609
35802
19419
27616
35809
27620
11236
3047
3048
35817
11247
3056
19442
27635
3061
19446
35830
19447
3063
19449
35837
3069
3071
27648
27650
27653
27655
3080
35848
11272
35852
27660
3084
3090
11283
11284
19479
11288
11290
19485
27677
27678
19486
27679
35872
11297
19490
19491
3109
3110
19495
27688
35883
19500
11311
35888
3121
19507
27700
27701
3127
3133
27711
11327
19520
11329
35905
11331
19526
3142
11334
11336
19529
11338
35914
27723
3148
19537
27732
11349
19542
27734
27735
11352
27738
35931
27739
35933
19557
3173
35941
11366
3175
11367
27755
3180
27757
3181
11374
19567
35952
3184
11377
3188
35956
19574
35958
35962
11386
3195
27773
11390
3198
35968
19585
27777
35970
3202
3203
19587
27780
3208
19593
19594
11404
19596
11406
27790
27792
3220
35989
35991
11416
27802
19612
11421
35999
3232
11425
19619
3235
3236
3237
27814
11431
36007
27820
27821
36013
11438
19630
11439
27823
19632
19633
27826
11443
36020
3256
19641
27835
36027
36028
19645
27837
3262
11455
3264
36032
36034
3267
11460
3270
3272
19656
36042
11467
3275
19659
36046
11470
27855
11475
3283
3285
11479
36057
27866
27870
19679
36063
19680
3296
36065
27874
11492
3300
19685
3303
36071
36072
11499
36078
19695
11504
11507
3316
27892
19704
36089
27898
11515
19708
19711
27904
11520
19717
11525
3333
11526
3335
3336
27916
11533
3342
27919
3344
27922
36115
3348
3351
11544
19737
11545
3355
11550
11556
19752
27949
11567
3376
36146
27957
19769
36154
3388
19772
27966
36158
3393
36162
27970
11588
19781
27974
3398
27977
11596
11597
36175
11601
11603
19796
36180
11608
36185
19802
27994
3418
27995
27996
3421
19805
11615
11617
28003
3427
36196
28006
11623
36199
28009
36201
11628
28012
3436
19822
36207
28015
3443
19827
36212
36214
36217
3453
28031
19839
28032
28033
3458
11650
36228
28036
3461
28037
36230
3464
19852
28045
36238
3470
3471
36240
3473
28051
36245
19861
11671
19864
19867
36254
3487
19871
3490
36259
28068
36261
11686
28070
19879
28072
19881
3499
36267
11691
11694
3502
11695
11702
36280
19898
36283
28093
3517
36285
11710
28094
36286
36287
36289
3522
19907
11715
28100
19910
19911
36295
36296
36299
19916
3534
3539
3541
19925
36309
36321
19937
3553
36322
11746
19940
3559
28140
11757
11758
19952
11760
28147
11765
28149
3574
3575
36344
19960
3576
11768
28153
11770
19964
28157
28158
36350
11775
11776
36353
3585
28163
3587
11780
36356
36357
3593
28169
3594
3596
3598
19982
36367
11791
3600
36368
19985
28180
19988
19989
11798
11800
3608
11802
19994
36379
11805
36383
36385
28194
28197
3621
36392
28202
11818
3629
36399
3632
20016
36401
11826
11827
20020
28213
20023
3639
3640
3641
11833
36409
3642
36410
20026
28222
3646
36414
3647
3648
20032
3649
3650
20034
28227
28228
36421
11846
20041
3658
36428
28237
11855
3664
28241
20050
36434
28242
28243
36436
3670
20055
28248
3673
3674
3675
36443
11867
36445
28254
28256
20064
3680
3681
20067
36451
3685
20069
11878
28264
11881
36457
36459
36461
28272
11889
20082
3699
28275
11892
20084
11895
20088
11898
3707
20091
28284
36476
28285
11901
20094
3710
20095
3713
11905
3714
3718
28296
20107
36493
28301
11921
36498
36499
36503
20121
20122
36506
11931
28316
20126
3742
36510
20128
36514
11939
11941
20135
11943
36520
36522
3757
3758
20142
3760
20144
3761
28337
20145
11954
36535
36537
3769
28346
3771
28348
20157
11966
3775
28351
3776
20161
36548
11973
28358
28359
3785
3789
20173
36558
36561
3798
36570
11997
28382
12001
28385
12002
3810
20195
3812
12005
36582
20199
28392
28393
20201
12009
12010
20202
20204
3820
20205
3822
20207
36592
28400
28401
3826
36594
28403
28404
3830
12023
36602
12027
12030
28414
3840
3842
12034
28419
28423
3848
20233
28431
36623
20240
3859
36627
20244
12053
28438
36631
36632
28440
12057
28441
3866
12058
20250
36635
28447
3871
12065
20259
28452
3876
12070
28455
3881
3882
12075
12076
20269
3890
28470
20283
3900
20287
3905
20289
12099
36677
12101
12102
20299
12107
3916
28492
12109
12111
20303
20304
3920
36688
12112
36689
12114
20306
12115
28500
36693
28501
20309
28502
3927
20313
28507
3932
28510
36705
36708
36709
28518
20327
20328
12136
3948
28524
3950
20335
3953
28530
3958
28535
3963
20347
12155
36733
12157
3966
3967
28544
28546
12162
28547
12164
36740
28549
12166
3975
3977
12169
28554
12170
20364
36751
20367
20368
36753
28563
36756
3988
20372
3991
28568
12184
3993
20380
36767
12193
20385
4001
36771
28580
20388
12198
12200
36776
28584
12204
4015
36783
36785
28595
12212
36789
12215
4023
12216
28601
12218
28603
20412
12220
28604
12221
28607
36799
12225
28609
36805
4037
28614
4039
20423
12233
12234
12235
4044
12238
12240
36817
20434
28627
12245
20438
36823
12247
20442
36829
28637
4061
4062
20446
20447
28640
12257
4067
20451
36837
4069
28649
4073
20459
4077
36846
12272
20464
4082
4084
12276
4086
36855
12280
4089
36859
20476
4094
4099
12297
28682
20495
4111
36885
20502
36886
4118
20504
20507
12316
20508
4125
4126
36895
20514
20517
4138
20522
36908
4141
12335
12336
20528
36913
28723
36916
4148
20533
36918
12343
28728
4157
20543
12351
4162
28738
36930
4163
4166
36934
28749
12367
36947
12372
28757
28758
12374
36950
12375
4183
36951
12377
4186
20570
28763
12380
20572
20573
20575
28767
4192
4193
36961
20578
12387
20579
4197
20582
28776
20586
4204
36972
12400
4209
36980
28790
20598
36982
4215
4216
12410
28794
28796
36989
4221
20607
20610
36996
28805
28806
28807
20615
12424
37000
4232
12429
12432
20626
28820
28821
28823
4249
20634
37019
4252
4253
12447
28833
37027
4260
37029
4262
28838
28839
4264
20649
37033
12460
37038
4270
12464
37040
28848
12465
20659
4276
37045
4277
12472
20665
37049
12474
4282
28858
28862
4286
37055
4289
37061
12485
37063
4295
12488
4298
28874
4299
12491
28876
20685
37069
4301
20687
4304
28882
20692
4311
12506
37085
20702
12511
37087
28895
37088
12512
37089
37091
20708
4324
28901
20709
4328
37100
20718
20722
37108
20725
28919
20729
37114
12539
28923
12541
4353
4354
28931
20740
28932
20741
28933
4362
20748
37132
28941
20750
28943
20751
4372
12564
12565
4377
4378
28959
37152
12580
28966
37162
4395
4396
12588
37165
20782
4398
4400
4401
12593
28978
37171
4404
37172
20789
37174
4408
37176
4412
28989
20797
20800
12608
28994
12611
20803
37187
4420
12612
28996
37188
20806
12617
29001
20813
4429
29005
4430
20815
37199
12624
4434
12627
4439
12633
20826
12636
37214
29023
4448
37218
20835
29030
20839
12647
4455
4458
4463
37232
20848
4468
29044
29045
12662
37238
4470
4474
12669
20861
12671
37247
12672
12673
20866
29058
20867
4484
4486
12680
12682
4490
4491
20876
20877
12688
37265
37266
4503
29079
12695
4506
12703
29088
12704
29089
37282
4517
37286
4518
37287
29098
20908
29103
12719
12724
12726
20921
4537
12729
37307
12733
4542
20926
37310
29119
4544
20930
4552
12745
29131
12748
4558
4560
37330
29139
37333
29142
4568
12761
29149
37341
29150
12768
20960
12774
20966
4583
4585
12779
12780
29167
20982
37367
4601
20985
37370
12795
29179
20990
37376
20994
29186
12806
20999
37383
12809
37385
4618
12811
37387
12814
21006
4623
29200
29201
4626
21013
4629
29206
21014
37399
12828
12830
29217
29221
4648
12841
4650
21035
37420
29231
12850
37426
29237
4662
12855
12856
37433
37434
37436
29247
12865
4673
37442
21059
29252
21060
37445
4679
21064
21065
37449
21069
29264
37459
37460
29268
12886
21079
37464
4697
21083
4700
12893
21089
37473
12900
21094
4710
12904
37481
4714
12908
4717
37488
29297
37490
29298
4722
29299
21107
12916
4724
37499
12924
29308
21116
21117
4734
12927
21121
37506
21122
12931
21124
4740
4741
12934
29323
12939
29324
21132
37516
4749
29325
21133
4753
37522
4757
4761
29339
29340
4764
37532
12956
37534
4768
21153
4771
37540
12964
21157
12967
29351
12971
21164
4780
37549
12975
21168
37552
21169
21172
21178
29371
12987
21182
4799
29377
21186
4803
29380
12997
29381
37573
4809
29386
37583
4816
13010
29394
37588
37589
21205
29401
29402
21212
4829
29405
13026
37603
37608
21227
21230
37616
29424
29425
4849
21236
4855
29433
21242
21247
21249
29443
4868
13062
29446
4871
4872
13065
29449
4876
37644
4879
4880
29456
4882
29459
4884
21270
13079
21271
4888
4889
4890
29466
29467
29469
21277
37664
29474
13091
29475
21285
13095
4904
37674
4907
21292
37677
29488
29489
13108
13109
4917
13110
21302
29496
4921
29498
21307
13118
4929
21315
37701
29511
4937
4939
21325
37709
4943
29519
21328
21329
21330
29522
29523
13143
29529
21337
29530
21339
37725
21341
4957
13149
29535
37727
13152
13153
21346
29539
21350
21351
13164
13165
37741
13166
4975
21360
4976
37745
21362
13170
29554
21364
29557
4983
21367
13177
29561
13180
4989
29567
21377
37763
4996
21381
4998
21384
21387
29580
29581
29584
21394
29587
13205
21397
29590
21399
5015
37784
37785
29594
37786
37788
37790
21409
29602
13218
37797
29606
21415
13223
29607
21416
37801
21417
29610
21418
13227
37804
29613
13229
5037
29616
29617
21426
5042
13238
21431
13241
29627
13244
37824
13248
29632
13249
21441
21442
29637
37829
37830
13254
37831
37832
29641
5065
21449
5066
21451
5068
37836
29644
5069
29647
5074
37842
21461
37845
29656
13272
21465
37851
37855
21472
5089
37858
21475
5092
13284
29670
13286
5094
29672
5096
13290
37866
29675
21483
5100
37868
29677
21486
21487
29686
37880
29689
37883
37885
29693
13309
5119
21505
29697
5121
13313
5123
5125
21510
5127
21512
37896
29704
29709
5133
37904
5136
13328
5138
37911
21528
13337
29726
29727
37919
5152
21537
5156
37925
29735
37927
13351
29736
29738
37933
13357
29742
37934
13361
13364
29749
21559
5177
21561
13370
5179
29755
5181
21571
29765
21574
13385
21579
29771
29772
5198
21583
37967
37968
37971
5204
37973
21591
5209
37978
5211
13403
13404
21597
37981
37983
21599
29793
5219
37990
21609
13421
29807
38000
5233
13425
21619
21621
5238
13432
38009
21625
38010
29819
5246
38018
5250
13446
21643
13451
13453
29838
5262
38033
5267
29847
21657
13467
38045
13471
38048
13477
21670
5286
5289
13481
38057
13482
13483
38059
29868
29879
13495
21688
38074
38075
29885
5310
38080
21696
21697
21699
21701
5317
29895
21703
13513
5321
13514
29900
5324
13521
29905
13522
13524
13525
38101
5334
38102
5337
13529
29914
5340
29917
38110
13534
38113
38116
29925
21734
13545
5353
29929
5354
38124
29932
5358
21742
13551
5362
21747
38132
38133
5366
29946
21754
38140
29949
21759
29951
5376
5378
13573
21766
13575
5386
21772
5388
29965
21774
38161
21779
13591
5399
5401
38169
13594
13595
29979
5403
38174
21790
5407
29984
21793
38178
5410
29987
5412
5413
29989
13605
29990
5415
5417
38187
29996
38190
38192
30000
5424
5425
38194
30002
21812
21813
13621
21814
13625
5436
21822
21823
5443
21827
30019
5446
5447
5448
5449
13641
5451
21836
30032
5456
21841
5458
21844
13653
30038
13654
5463
30040
21851
5468
13667
13668
21860
30053
13670
5479
21866
5487
21872
13681
5489
30068
30070
5496
30074
30076
5501
21886
13694
30080
5505
30081
30083
5509
13702
5515
5516
21903
5520
13713
21909
13719
13720
30105
30107
13729
30113
5539
30116
30119
21927
21929
13738
13740
21932
5549
5551
30127
13748
21940
21941
13751
21943
21947
21949
21955
30148
5572
5573
21957
5577
30155
21964
5581
21965
21966
5583
30160
5585
21970
5587
13779
30164
13782
30166
13783
13787
30173
5597
13790
21985
13795
5604
5610
30187
21996
5612
5613
5614
30191
30193
5617
5618
22002
5620
13813
22007
30199
22010
13820
22012
5629
13821
22014
30207
13826
30210
22022
13833
13834
22028
22033
5650
30226
5652
13849
13850
22042
5661
22050
22052
22053
5670
13862
22055
13866
5676
22060
30253
13869
22062
13878
5688
30264
5690
22075
30269
5693
13889
13891
5703
13897
30281
5710
13903
30287
22095
5712
22096
30288
22099
13907
5719
30295
30297
30299
22107
22108
13917
5726
13920
30304
30305
5732
22119
22120
13929
5737
30318
13940
30324
13942
5750
30328
5753
13945
22137
5756
5762
5763
30341
13957
22150
5766
30343
5767
5768
22155
22158
5775
5776
30352
5779
5780
5782
30360
13981
30366
5795
5797
22184
22185
30377
13996
30383
22193
14001
5810
14012
14013
5822
30399
5824
30402
22212
14022
30407
5832
30408
22217
30413
22223
5839
30415
30416
22225
5842
22226
30420
22229
30421
14038
14039
5852
14046
22239
30433
14051
30438
5864
14058
30444
22254
30446
5871
22255
14064
14066
5875
30457
14074
22268
22269
14078
14079
14083
5893
30471
30473
22282
30477
5902
22288
5909
30486
5913
30489
22299
30491
14108
5921
14115
14117
5927
14119
22312
5928
5929
14122
30507
22315
14125
30509
14126
5938
22325
22327
14135
30520
14136
5946
30526
22338
30532
22343
30535
22344
5961
30541
30543
5971
5972
22362
22363
30557
14174
5984
30560
14177
22380
22382
6000
14192
6004
30581
14197
14198
6013
14206
14207
6016
6017
14209
30593
14211
22406
14217
14221
6033
30610
30613
14230
14231
6040
6043
22428
22431
6052
22438
6057
22441
14249
22442
14256
30640
6065
30645
6069
14262
30648
14266
14268
6077
22461
14271
6087
14279
6088
30664
6092
22481
14294
22486
30682
30685
30687
14304
22497
6114
30692
6119
22505
22506
30698
14314
6125
22510
22511
14319
30704
14322
30708
14324
30709
14327
6136
6137
30713
22522
14336
30720
14338
22533
14341
30728
6153
14345
30730
14351
22544
30736
30737
14353
14354
30739
22553
6170
6174
14366
6175
14367
22560
30754
30756
6181
6184
14377
6186
22572
14381
14382
22575
30770
30773
22582
30775
30777
30781
14399
6208
30785
6210
6211
14403
30787
22596
14404
30789
22597
14413
6223
6225
6227
22611
30804
14421
22614
30806
6230
30809
14431
6239
30818
22626
22628
30821
30824
6253
6258
14450
6259
14455
14456
30843
22652
30844
14463
30849
6277
22661
22662
6280
6282
14475
22667
22670
22673
6289
22674
14483
6291
6292
6294
14486
30873
22681
14490
6300
6302
6303
14496
30885
30886
14502
6311
30888
14505
6314
14508
30897
6323
30899
30900
14516
22710
6327
22712
22715
22719
14529
22722
6340
22725
22727
22728
14537
14538
30922
22730
14539
22732
14541
30925
30926
14542
30929
6354
6355
22739
6358
22743
30939
14560
22752
22753
6369
14564
6372
30952
14569
6379
14574
22767
14579
30965
6390
14583
14587
30973
14590
14591
30975
22784
6402
6405
14602
14603
30990
6415
30993
30995
14611
6421
22806
22808
6427
22816
6434
6435
6439
31016
6441
31017
22826
31018
14637
22834
22836
14646
6455
6456
22840
14650
6460
22844
6462
31041
31042
31044
31046
22854
31047
14665
14667
6475
14668
22861
31054
31055
14673
14674
14681
22883
22885
6501
6503
6506
22891
6507
22892
31086
6510
6517
6518
14710
31095
14712
22904
31097
31102
14729
22921
22923
22928
31120
31121
6546
6547
14742
22938
31130
14748
14749
31140
6567
14760
6568
22953
14762
31146
22956
14770
31155
14772
6581
31158
31159
22967
22968
31161
31162
22972
6588
31166
31167
22975
22977
22979
31171
14787
22981
22986
31182
31184
14804
6614
31192
31194
23003
31195
6620
31199
23010
6628
31205
14822
31208
6632
14826
31210
14827
6636
23022
31214
31216
31217
14834
31220
6645
31224
14840
14842
23035
6652
14844
23037
31240
6665
23052
6668
23053
31248
23056
31250
14867
6676
23060
23062
6680
6683
23068
31263
31264
23074
31266
6693
31270
6697
23081
6698
14894
23088
23089
23093
6711
14903
6712
31289
14911
6720
23107
6723
31300
14917
14920
23113
31306
23114
23117
23118
14927
14929
23122
14931
23127
31325
31327
14944
6753
23138
31330
31332
14950
23143
31335
6760
31339
14955
6763
6768
6772
14966
6774
6775
14968
23160
23163
14971
6780
23168
14978
31363
23172
14981
31367
31370
6794
6797
14989
6801
31378
23189
6806
23191
31385
15003
23197
31391
23202
15012
23204
15013
6822
23206
23207
15015
15017
23210
23212
15020
6829
15025
31410
6836
6840
23224
6844
23230
31422
15039
15041
31426
6850
31427
31430
15047
31434
23244
31436
31437
15054
31439
15056
31442
15058
23251
6868
15063
15064
23261
6880
23268
6885
23269
15078
31462
6890
31467
15085
31470
15089
31474
6899
15094
15096
31481
23290
23292
31484
31485
15104
6912
23298
23299
6918
31497
31498
23306
31499
15115
31500
6925
15117
31501
15118
31503
15123
6931
6932
15125
23317
15126
23318
15128
6937
15129
6938
15132
15139
23333
31525
23337
31532
6957
31536
6961
23346
6965
23351
15159
31543
23352
23353
6970
6971
6972
23357
6975
23364
15172
6983
6985
6986
6989
15181
31566
6994
23378
23379
23381
31575
31580
15198
23392
31585
23394
7011
23403
31595
23405
7022
23408
15216
31603
15220
7031
15223
23416
31608
23417
23418
7034
15227
23422
31616
7042
23428
31620
15238
23432
15244
23436
15245
31630
7064
7067
23451
31645
15263
23455
31650
23461
31653
7082
15276
15277
31661
15278
31663
31664
23473
7090
15284
7095
23481
31674
15294
23490
15299
23491
31684
31685
7109
15302
15307
31691
7123
15316
15321
31706
23515
7133
23517
23519
31712
23523
31717
7141
15334
23531
7147
31724
31726
23537
31730
31731
31733
7158
7159
31738
23546
15355
23551
7167
15360
31744
31745
23554
31746
15363
7172
31748
31753
7178
15371
31756
15373
7185
31762
15379
7195
7198
31776
15394
7205
7206
7209
31786
23594
7211
15403
15406
7214
15407
31792
7217
7219
23604
7221
7223
31800
15418
23610
23611
23613
31805
23614
15424
7234
23620
23621
7239
23623
7242
31819
7243
7244
31820
23630
23633
15442
15445
23638
7255
31833
15449
31834
7259
31836
15456
15457
31841
23652
15461
7272
7273
31854
31855
23668
15476
31861
31862
7286
23674
23675
7291
15486
15492
23687
23688
31882
31888
7312
15506
15507
23700
15509
31893
15510
15512
31898
31902
15519
23715
23717
31910
23721
15531
23728
15536
31921
23730
31924
31928
31929
15545
7355
15547
23740
15551
31936
15553
23747
7363
23749
15559
23752
31946
7370
7375
15567
23759
23762
31954
7380
31958
31959
15575
7389
15581
15582
7392
23776
15584
7393
7394
15587
23779
7396
7399
31977
15594
23786
23791
23792
7410
31987
15604
7412
23797
23798
7414
23800
23806
15615
15616
32001
15617
7428
7430
32009
32010
15626
23821
32019
32021
7447
15640
15641
7450
23834
32026
23840
32033
7458
15651
32037
23846
23847
15657
15659
15660
32045
7470
15664
7473
23859
15667
7478
15673
7482
32058
7483
15676
15680
7488
23875
15684
23878
15686
23881
7497
15691
7499
23884
15692
32076
7500
32078
7503
15697
23889
32083
23892
15702
23895
7511
23896
32089
7514
32092
7517
32095
23903
15712
15713
32100
32102
23913
7530
32106
15727
15728
15732
32118
32120
32122
32124
15744
32130
23940
15750
32135
23944
15752
23948
32140
32141
23950
7569
32147
7574
15768
15770
7583
32159
7584
32160
7586
23970
15780
23973
32166
7591
15784
23977
7593
23978
7600
15792
32179
7605
7606
32182
32183
15801
23994
32188
7612
32191
32192
7616
32195
24004
7621
15818
32203
24014
15823
24017
32211
15828
24021
15829
32215
7641
24026
15835
7645
15839
24032
7648
7649
7650
15844
32228
32229
32230
32231
24042
15851
15855
15856
15857
7667
15859
24052
15867
32252
32253
7677
24061
7678
15870
15872
32256
32257
15875
32259
7687
7692
32269
24077
24078
7695
32272
15889
32274
24083
32276
24087
15895
15896
32280
15898
7711
32288
24099
15907
32292
7719
24103
32295
24105
15915
32299
24108
7726
7727
15919
7730
15922
15925
32309
7735
24124
7740
24127
32321
32324
24132
7749
7750
32326
7752
24137
32330
15946
7756
24142
24143
24145
15954
24147
24148
15957
7765
15959
24152
7770
15962
15963
24160
24161
32357
32358
7782
24166
7784
24170
24173
15984
15985
15987
32372
15989
7797
7798
32375
24185
15996
32381
24189
7807
16001
24193
16002
16004
7815
16007
7819
32398
7822
16014
32399
24208
32403
32404
16021
32406
16022
16023
16032
32417
16038
16039
24235
7854
24238
32431
32432
7857
7860
16052
24245
32438
24247
32439
32440
16056
16057
7865
32442
16059
24252
7871
32447
7874
32450
24259
32453
16071
7880
32456
32458
32459
16077
32461
24273
7890
16083
32469
7894
16088
32473
32475
24287
32481
7905
16098
24292
32485
16104
16107
7915
32492
16111
32496
32497
7921
16113
24306
7924
16116
16117
24315
32508
24317
24318
7934
16126
32511
7935
16128
16129
24321
16130
16132
7940
7943
24331
16141
7950
32526
16144
24336
7956
7957
24343
16152
16153
24345
32537
32538
7963
16157
16162
16165
32550
16167
24361
24363
16173
16174
24366
16178
16179
7988
7989
24373
32565
24374
24376
32573
7999
16195
8003
32581
32582
8006
8007
16202
16206
16208
24400
32592
24402
8019
16211
8021
32598
32599
8025
16219
8028
24415
8032
32608
8035
16229
32614
8040
16232
32616
24425
24427
16236
24431
8050
32627
8053
24438
24439
24440
24445
32638
16256
8064
16257
8066
32642
16266
8074
8079
24464
16273
16277
8085
32663
16281
32666
16284
32668
24478
16287
8097
8098
24482
16291
32678
16295
24489
8106
24492
24495
8111
8113
16306
8114
16307
24499
24500
16313
32699
16320
16321
24514
24518
8134
8135
16328
32712
16329
24523
32718
24526
8143
32719
16336
8146
24530
16339
16341
8150
8151
8153
16346
16347
16349
32736
32741
32743
24553
8169
24554
16362
32751
16368
24564
8182
24570
16379
24573
24574
16383
10
0
229
184
168
248
264
284
221
477
14
