190
1792
1281
3
773
1034
1803
1810
18
1043
532
789
1813
277
790
1818
1819
1820
1052
1310
1822
1830
550
1318
807
1320
1838
558
1585
50
819
54
823
1595
1341
1086
1342
1855
67
1603
1860
68
325
70
1350
326
327
1351
1608
587
1867
1611
331
81
849
1105
1108
852
1879
600
1624
1880
1625
859
1371
604
860
96
1890
867
611
99
614
102
1639
105
618
362
107
1900
1132
876
372
631
1656
1145
633
634
379
124
1660
383
1156
132
1412
1668
1926
1927
1671
1417
650
142
911
1679
1168
1426
1170
1939
1428
1172
1684
149
1944
665
667
1435
412
1437
1693
670
160
1952
417
1441
674
932
1956
933
1958
934
1702
1703
1960
938
173
1454
942
1974
439
1207
696
1721
954
698
699
1467
1471
703
704
1730
962
1732
1220
709
1222
1735
711
1224
200
456
969
458
1738
716
1998
463
1745
723
980
727
218
1245
222
480
2016
1506
1252
1767
1769
745
1002
493
1773
2036
1525
1013
1527
1272
1532
509
2047
13
32
131
5
135
71
8
44
111
83
21
149
119
56
