1883
4096
2
4098
4104
8202
4109
14
4111
4113
20
4118
23
24
4121
32
4134
4135
41
8236
8239
4144
4145
49
51
55
4154
59
60
62
4158
66
8260
69
71
72
74
8269
77
4175
4176
4179
4181
87
90
8282
8286
4192
96
97
8292
101
8295
8296
4200
105
4201
8301
109
113
8306
123
124
4222
129
4227
8326
134
135
8328
137
4237
143
8336
148
4244
4246
4250
4251
155
158
4255
4256
161
4257
8356
168
169
170
174
179
4275
4277
8373
8374
183
186
8383
4296
8399
8405
4310
216
220
4319
4320
8416
4321
226
232
4328
8424
4331
8430
8432
8439
8441
4347
4348
253
254
259
8451
8453
261
8461
4368
8466
8467
8468
8469
8470
4375
8474
283
4386
8483
4391
4394
8490
300
4396
301
8496
306
4403
8503
312
8506
4412
317
8509
318
320
4420
8517
327
4423
328
8523
331
4428
336
4436
4437
4438
4446
350
4455
8551
8552
362
367
371
8566
8571
8572
4476
8575
4481
8577
385
388
390
8582
4488
394
4492
8589
8594
402
405
406
4502
8600
8604
415
424
425
8622
432
4531
435
4533
438
4538
8634
445
446
4542
4544
448
449
4546
4554
461
8658
4563
8662
4568
4574
8673
4579
4580
8690
8693
8694
505
518
521
524
8717
4621
528
4626
4627
4630
4636
8732
542
8739
547
4645
8743
554
556
8750
4655
559
4658
4660
564
565
4661
4663
570
4667
574
4672
576
580
8778
4684
8781
595
8787
8790
8791
4696
605
4703
609
8802
611
8807
4712
4715
619
626
628
8821
630
634
8830
4734
4735
640
8834
8836
644
4740
645
8838
4746
651
652
653
658
660
667
4764
670
4768
8865
8867
4772
4774
4775
680
8875
8876
8879
688
4786
8882
8883
692
4789
8890
4799
706
4802
4805
4809
715
722
8920
8923
732
733
4830
4835
742
4841
745
747
750
751
4850
4851
8948
4852
4853
8950
8952
763
8956
765
8958
4863
4864
771
4870
780
8972
782
8974
4878
783
8976
4882
8979
8980
8981
794
8990
806
4910
9007
820
9017
826
4924
830
9022
9023
4930
4932
9030
850
4946
9044
853
9045
9049
9052
4958
4959
4962
4964
9061
4967
872
4970
9067
876
9070
4976
9073
4978
4981
9080
888
9084
893
9087
9088
4993
898
9091
4997
902
9096
9098
9100
5006
5007
914
5011
915
5012
916
919
9114
9116
925
928
5027
9126
9128
5032
5034
5039
9135
9137
9138
9143
5049
9146
954
957
5054
959
965
966
9159
967
5064
968
5065
9169
5076
9174
9175
984
989
5088
992
9184
9186
5091
9189
9192
5098
9194
1003
5107
1016
5121
1027
5124
9222
1032
5129
1034
5131
9228
5133
5134
9232
1041
1042
9235
1045
9239
5146
1051
5151
1059
9252
5157
5163
9260
9262
5167
9266
1077
5174
5175
9271
1081
1083
9278
1086
1087
1090
1092
5192
5195
9291
1108
1115
5211
9308
9309
5214
5215
9312
5219
5223
5227
1131
1138
1139
1142
9339
9344
1153
9346
5251
5252
1159
5255
5256
5266
9363
5267
5268
1173
5269
9366
1175
9368
9369
1182
1183
9376
5280
1184
1186
1188
9382
5287
1195
1199
1200
5296
1202
9396
1206
9400
1209
5306
1211
5307
9404
9407
1216
5312
1219
1221
1222
1224
9418
1226
5323
9420
5326
1233
5330
1235
9427
9435
9438
9439
1248
9440
1249
9441
5347
9444
5348
9445
5350
1257
9452
9454
9455
1266
5363
9461
9463
1275
9468
5373
9472
1282
5378
9476
9481
5388
9486
1297
5394
9492
5398
5399
5407
5409
1313
5411
9509
5413
9510
1323
1328
1334
5431
1336
9531
9536
9537
9539
5443
5444
5445
1352
1355
5452
5453
9551
9553
5457
5459
5460
9558
1368
1369
5467
9568
5476
1381
1387
5484
1388
1396
1397
5493
1398
9590
5497
1403
9596
1407
5505
9601
1410
1412
9605
1417
1424
5521
5524
1428
5526
9623
9624
9625
5530
5531
5534
1439
5538
5539
9635
1448
9641
5549
1454
5556
5557
9657
1465
5562
1466
9659
9660
9661
9663
1471
9666
5571
1475
1476
1479
5577
1481
1486
1489
1490
5590
9686
9690
1502
5601
5603
1510
5613
1518
1521
9714
1524
5622
9719
5625
9723
1533
5630
1536
9729
5635
9731
1540
5640
9737
5643
5644
9745
1553
5650
1556
5652
9749
5654
9752
9759
5664
5666
5671
5673
9770
1585
5683
1595
9787
5691
5692
9794
9795
5700
5703
1609
1610
9802
5710
5711
1616
5712
5713
1618
1619
1620
1622
9817
9818
1626
5724
1632
5728
1633
9830
9838
9841
1650
1651
9843
1661
5759
5760
9856
5762
1666
9858
5767
1672
9869
5773
5777
9874
9878
9881
5789
9886
5793
1699
5805
9904
9905
5813
9912
1723
5820
1727
9919
5829
1736
5837
1742
5840
9937
1748
5844
1750
5850
1754
1755
5855
5856
1760
1762
5861
1768
5865
5866
5867
5868
5869
1775
5871
5872
9969
9972
9974
1782
5880
9977
1785
5884
5885
1791
9986
9991
1800
5905
1810
10003
5909
10008
10011
5916
5917
5918
10015
1823
1828
5927
1832
10026
5930
10027
5933
10033
1845
10045
5950
10047
1855
5954
1858
5955
1860
10054
10055
5960
1868
10064
1873
10073
10074
10075
5979
1884
10077
5981
10079
1891
5989
10087
5993
5995
6001
1906
10105
1916
6012
6013
10111
6018
10114
1924
6021
1926
6022
6023
1928
10120
1929
10122
6026
6027
1932
10124
1933
6029
1934
10127
1935
6036
6037
6039
1943
10135
1944
10139
1954
10149
6054
6057
10154
6059
1964
6067
1975
6071
6075
1981
1986
10179
10182
6088
10186
1994
10187
10189
1999
6095
10192
2002
2003
10196
6101
2006
6106
10211
10212
10214
2024
6122
10218
2029
10221
10222
6129
2033
6130
6136
2040
2042
10234
2047
10242
2050
6148
10245
6153
6154
6155
2060
6157
6158
2065
10266
10267
10270
6174
2083
2084
2085
10280
6184
6190
2097
2098
10294
6205
6207
6208
10304
2115
2116
6213
6214
10312
2121
10313
10318
6223
10322
2131
10323
10325
6234
2139
10334
10341
2150
10345
6255
10352
10353
6259
10356
10358
6264
6265
6268
10365
6272
10368
10370
2178
6274
2181
6280
10377
10383
6289
10388
2196
6296
6297
2205
6304
6308
6310
6311
2218
10414
10416
10419
6324
2234
10428
6333
6335
10432
6338
6340
2248
6347
2252
2260
10455
10456
6361
10458
6362
6363
2267
10460
2269
10463
10464
2273
10469
10470
10472
10476
2284
6380
10477
2287
6387
2293
6396
10496
2305
2307
6405
2316
2317
10513
2321
2322
2331
2335
6432
6433
10529
6434
2339
6435
6439
6442
2347
10540
6444
2357
6453
2361
10555
10556
2366
6463
2368
2369
6465
6466
6467
10564
2373
10567
2375
10569
2380
2384
2385
6483
6486
10582
10584
6489
2393
6490
10587
6492
2396
2397
2399
6495
2401
10596
2408
10602
2410
6506
6508
10604
2415
6516
6519
2424
2426
6523
6524
10621
10623
6531
10627
10632
6536
2441
10634
10637
10639
2448
2449
2450
10644
2453
2454
2460
10655
10656
2466
6563
10659
2468
6566
6567
10670
2479
10674
6583
6586
2491
10683
10684
10685
2494
10688
2496
2497
2498
2499
6595
6599
2504
2505
10697
2514
2518
10711
10713
6620
2527
6623
10720
2528
6626
2532
10724
6629
6630
10728
6637
6639
6640
10742
6647
2552
2554
10746
10748
6652
6653
2558
10750
10751
6655
6657
2561
10754
2569
10763
2576
2578
10770
10774
2585
6690
10786
2597
6694
10791
6704
2609
10801
2612
6708
2615
10810
6717
10816
6720
2625
2626
6723
6724
10822
6730
10829
2637
6735
10836
6743
2649
2650
2651
6748
10845
10846
6754
10852
6763
6765
6769
10869
2678
6781
2686
2690
10882
6793
10892
10894
6801
2705
6803
2709
2710
6810
10908
2717
10909
10910
6816
2723
2724
10918
10922
6826
10926
10933
6842
10938
6845
10942
2753
6850
2760
10952
2761
2762
6858
10954
10955
2763
6859
2766
6863
6864
10960
2769
6866
2770
2772
6873
2779
10973
10974
6881
6882
2788
10981
6886
6888
6893
6896
2805
6901
2806
11005
2813
11006
11007
2820
2823
6919
6920
11021
6925
6926
2832
6929
2836
11036
6941
2846
11040
2848
2850
6946
11047
11048
6953
2862
2863
11056
11058
2868
11060
11061
6967
2871
11064
2875
11067
11068
6974
11072
2880
2883
2884
2888
11080
11081
2891
6992
2899
11093
6997
2904
11097
7003
2910
11102
11105
11109
11112
7017
11114
7018
7019
2926
2931
11124
11127
7034
7040
7041
11137
2948
11142
2950
11143
7051
2957
7055
11154
2964
7061
11157
11159
2980
11174
7080
7081
11180
11182
11183
7089
11188
7092
7094
2998
2999
7095
11192
3003
7103
11201
11202
7109
7110
11211
7115
11212
11214
7118
11216
7121
11217
3026
3027
11219
3032
11225
3033
3034
7132
3037
11231
3039
7135
11232
7138
3043
7141
11240
11243
11244
11245
11246
11248
3056
11249
3057
11251
7156
7161
11257
7163
3068
7164
3069
3071
7169
3075
7171
3076
11270
3079
7177
3081
11274
7180
3084
11277
11279
11280
7184
3091
11286
3094
7192
3097
7195
7196
7199
3106
3113
11306
7211
11313
3121
7218
3123
11320
3130
7228
7231
3135
11329
3146
3152
7251
11360
11362
7274
3179
11371
7275
7276
7280
7283
11379
7286
3190
11383
7289
11386
11387
11389
3197
7298
11396
11397
3207
7304
3210
11404
7313
7314
3223
11415
7319
11417
3228
7326
11422
3231
11430
7334
11431
11432
3243
11435
3245
11441
3253
7349
3254
7352
11450
7355
7358
11454
7360
11457
7365
3270
3273
11465
7371
7373
7374
11472
3282
3286
11478
11481
11482
7388
3293
3297
11491
11494
3306
11498
7406
3311
11504
3313
7409
11509
7415
3320
7417
3325
11519
3327
7424
3329
7432
7435
7438
11536
7442
11538
11540
3352
7462
3368
7465
7469
3377
3379
3385
7484
7489
3393
3394
7491
7495
3399
3400
7503
7505
7508
7509
7510
7511
7517
7519
7521
7526
7530
7532
7541
7551
3464
7560
3465
3468
3469
7567
3472
3475
3477
7574
3478
7575
7578
3485
7584
7585
7590
7591
7601
3505
3509
7610
7611
7613
7621
7623
7627
3533
7640
3546
3548
7644
3549
3552
3554
3555
7654
7655
7656
3561
7661
7662
7663
7664
7666
3573
3574
3576
7672
7675
7676
3586
7688
7693
3604
3606
7703
7707
3611
3619
7715
3621
7717
3623
7719
7722
7723
3628
7724
7726
3633
3636
7732
7734
7736
3642
3643
7741
3650
7746
3653
3655
3658
7758
7760
7762
3667
3671
7769
7770
3678
7774
3680
7777
7780
7786
7788
3698
7799
3703
3705
3707
7806
7810
7811
3716
3717
3728
3735
3740
7836
7839
7840
3745
7843
3747
7847
3753
7855
7856
3760
7857
3763
7861
3771
7873
3778
3779
7878
7883
7887
7888
7889
3795
7891
7896
7897
3803
7908
7910
3821
3827
3837
7936
3841
7937
7940
7945
7952
7956
7959
3867
3869
3872
7969
7970
7972
7974
7975
7977
3891
7990
3894
7997
8001
3905
3911
3912
3914
8014
8017
3921
3923
8026
8027
8029
3939
3940
8039
3944
3948
3950
8051
3958
8056
3965
8062
3977
3985
8085
3992
8095
8096
4007
8103
8104
8106
8107
4023
4024
8128
4032
4042
4043
8142
4048
4049
8147
4055
4056
4057
8155
4060
4065
4066
8163
8166
4075
8171
4077
8173
8174
4080
21
97
322
258
100
102
359
199
394
76
77
49
82
178
22
118
23
281
26
59
29
255
