214
1537
2051
2052
518
8
523
1035
1036
2060
13
528
2066
530
24
1050
26
2079
1568
1060
1574
1064
47
561
2097
49
2098
1586
1588
54
1097
75
1614
1105
2130
1106
597
2136
1112
1628
606
2142
2144
97
612
2149
2150
104
1643
2156
624
628
118
1654
2168
2169
634
2171
1149
127
1664
1665
130
642
2178
1669
2182
1673
140
1165
148
1175
1690
1180
157
672
1185
1189
1190
679
2216
2217
681
1196
172
1202
1203
1716
2235
189
1728
704
1731
1228
205
1741
1742
2255
208
1233
215
216
1754
733
735
1248
738
1253
1256
1257
1259
1773
751
241
2292
1781
1271
2297
1279
770
263
267
1805
270
782
277
279
281
1818
2332
2334
289
1827
804
293
806
297
1322
1836
820
1845
1334
1335
1337
1856
2371
1347
2377
1877
347
1371
353
1379
869
1382
2407
871
1899
876
2413
1902
879
1904
2418
2419
883
1395
372
1911
2423
1913
1920
2432
1410
2434
1923
2435
389
2438
2443
2446
2447
912
1425
1941
918
1436
1950
419
429
1977
1467
445
447
1984
1472
965
1989
1993
459
1483
1997
468
1503
480
993
481
2018
1507
1529
1018
2044
2045
1534
2047
10
48
98
34
19
148
134
86
6
8
73
