1322
4096
0
4098
2
3
2051
4101
4102
2057
4106
2058
4107
4108
14
4110
4113
18
19
4116
2069
2070
24
4121
25
2075
28
4126
4128
2081
4130
4131
4133
39
2087
40
2091
45
4142
4145
53
2103
55
4153
60
62
63
2112
4160
2113
67
2115
4166
2123
4172
2129
4177
81
2130
82
83
4181
2134
89
2138
4188
2143
96
97
4197
102
2151
107
4203
2157
2158
112
2160
115
2165
118
2166
4214
2168
122
124
4220
2173
4225
2178
131
4228
2183
136
4233
2185
137
4234
4236
2188
4239
2192
145
2193
4241
2194
147
2197
4247
4248
4251
2206
159
161
2211
2214
168
2217
2220
4268
173
4272
178
4275
4276
181
2232
2234
189
2241
2242
4290
2247
4296
201
2250
2251
204
4305
210
213
2261
4312
217
220
2271
4320
2272
4321
226
2274
229
2277
234
4330
4331
2283
2286
2290
242
2292
244
246
2296
248
249
2297
4346
4348
2302
2306
261
4358
2312
2313
4364
2318
273
2322
274
2326
2332
2333
2334
2335
290
4388
2342
296
4394
4396
4397
303
2352
305
2355
307
4404
4408
313
2361
316
4412
317
4413
4415
4416
4417
322
4418
327
2375
4424
330
4426
2379
4428
333
4432
2384
337
4433
2385
4434
2387
344
4440
2393
2394
2397
352
2401
353
2403
4452
4453
2409
2410
2411
4459
4460
364
2413
4462
2415
367
4465
4466
372
2421
2422
4470
4472
2427
2428
4477
382
4478
383
2432
4480
2433
2436
4487
2443
4493
4494
2447
4499
2452
404
2453
4501
407
2457
409
410
4507
414
416
2465
2466
4514
420
422
2470
4519
424
2474
426
428
430
4526
434
2484
2491
2492
446
2495
2496
4544
4545
2501
4549
2503
4552
456
2505
457
4554
2508
463
2513
4561
465
4562
4563
467
2518
471
2520
2523
476
4574
2526
2528
4579
484
4582
4586
4588
493
494
2543
497
501
4598
4600
2552
506
4603
2557
511
2560
512
4609
4610
2563
4614
4615
2568
2571
4620
2572
4622
4623
4625
532
536
4632
2584
538
4637
543
2592
4641
2593
4643
2595
4644
2596
549
4645
4649
4650
4651
556
4652
559
562
4659
4660
4663
2616
4665
570
571
2619
572
2621
4669
2622
2623
2624
4675
582
2632
584
587
4683
4685
589
592
593
4689
594
4691
4692
4693
4694
4695
603
4699
2651
604
2652
605
606
4704
2657
609
611
2660
4708
2661
615
4712
2665
4714
4715
2669
4719
2672
4720
2673
4723
627
2676
2677
4728
4732
636
2689
642
4739
2692
645
646
647
649
4747
4750
4751
2704
4753
2706
2709
661
4758
2712
2714
666
2715
667
4765
2717
4767
673
674
2723
2724
4778
2732
2734
4783
692
2741
694
2743
695
699
2748
700
702
4801
2755
4803
4804
708
2757
2758
2760
2761
714
2762
4810
4811
719
2767
4815
4816
720
2768
721
725
4826
732
2781
4830
4835
741
2790
744
745
2794
746
748
753
2805
758
4856
761
2809
763
2812
768
772
2820
2821
4870
2823
4872
777
778
4874
784
786
2834
789
790
2838
4887
2842
794
798
2847
800
801
803
2851
804
2852
4904
2856
4906
810
2859
812
2863
4913
4914
819
2867
4915
2868
821
2870
4918
825
4921
2874
827
4928
2881
4930
2883
4934
4935
4936
4937
4938
2890
843
845
2896
850
4947
851
2901
4949
2903
856
859
861
2910
4961
2914
2916
4965
870
4967
4969
4970
874
4974
2927
4977
881
882
2930
883
4982
4983
2935
4987
891
2941
2950
2953
906
907
5003
910
911
914
2962
917
5014
5016
2970
2971
5022
2977
5025
930
2978
2979
2980
932
933
5029
934
5031
936
5032
5035
2988
941
5038
942
943
5039
2994
947
950
5046
2998
2999
952
953
3005
958
5056
3010
3011
5059
963
965
3013
967
971
3021
975
3023
3025
5078
3030
984
3033
5084
3037
5085
3039
5087
992
3040
5089
3042
3045
997
5093
5094
3047
3048
1001
1002
1004
3054
1009
1010
3060
1012
1013
3061
1014
5114
3070
1023
1024
3074
5123
1028
5127
1031
3080
1032
1033
3083
5133
5138
3091
3093
3099
3100
5150
1055
5153
1057
3107
1059
3108
5158
3111
1065
5162
3115
1069
5165
1070
5167
1071
3120
1073
1074
3122
5171
5172
1078
5177
3129
3130
5180
1086
3134
5182
3136
1088
3137
1089
5187
3139
3140
1093
1094
1096
5192
1097
1098
3147
5195
1100
5197
1104
3155
5204
3158
3159
1111
5207
3160
1112
1115
5214
1118
5215
1120
5219
1124
1125
5222
5224
1128
1129
1131
3181
5232
1136
3185
1137
5234
3187
1139
3189
5240
1144
5241
5242
5243
3204
5253
3205
5254
1160
5257
1161
1162
1168
3216
3217
5266
3219
5267
1174
3223
3224
1177
3225
3229
1182
5279
5280
3234
5286
3244
3245
1199
1200
5298
3251
3252
5302
1206
5303
3256
1208
5307
3259
5309
5313
1217
3267
5319
3272
1224
3274
5323
5329
3282
1235
5332
5335
1239
5337
5338
3291
1244
3292
3293
5343
3295
1248
1251
3300
3301
1253
1255
1258
5355
1260
5357
1265
1266
1268
5365
3320
5370
3322
3324
3325
3326
3327
5376
5377
1281
3329
1282
3330
3331
5382
3338
3339
1292
1293
3342
3343
1295
5391
5392
3346
1299
3350
5398
1303
5400
5401
1308
1310
3358
1315
3366
1319
3369
3370
3371
3372
3374
1326
3375
3376
1329
1332
3380
5428
1333
1334
3386
5435
5436
3389
1341
5438
5439
5440
5441
3393
5444
3397
3398
5446
3399
5447
3400
3401
5450
3403
5452
5453
5454
1362
5458
3410
3411
1364
3413
1365
3414
3415
1370
5467
3420
1374
5471
5473
1377
1378
3428
1381
1382
5478
1383
1384
3433
1389
3438
1394
3443
5491
1395
3446
1398
5494
3452
5503
5505
1413
3461
5509
1419
3468
3469
1421
1424
1426
3477
3480
3481
1434
3482
1436
1437
5536
1441
5538
1445
5542
1446
1453
5550
5553
1458
5555
3507
5556
1460
1461
3510
1463
5560
5561
3513
5563
1469
5566
1471
5569
3523
1476
5572
3526
5574
1480
5576
1481
3530
1486
3537
3539
1493
1494
1497
1500
3548
3549
1503
3553
1507
1510
3561
3562
1519
3569
3572
1524
3573
1525
1527
1528
1530
3579
3580
1533
3581
3582
1535
3587
1540
1541
3590
1543
3593
3594
3595
1548
1550
3599
3602
1557
1558
1560
1562
3612
3613
3614
3615
1571
3621
1574
1580
3629
1582
3633
1587
1588
3638
3639
1594
3643
1596
3644
1597
1598
3648
1602
3651
1604
1609
1614
3663
3666
1620
3670
3677
3679
1631
1636
3684
1637
3691
3692
1648
1649
3698
3701
1656
3705
1662
3711
1664
3719
1672
1673
3727
3728
3730
1682
1683
1684
3738
1691
3741
3745
1700
1701
3750
3751
1703
1704
3754
3761
1713
3763
1715
3765
1717
1722
3770
1723
3772
1724
1726
1728
3777
3782
3785
3786
1741
1742
3792
3793
3796
3797
1753
1756
1757
3806
3811
3812
3813
3814
1766
1767
1771
3819
1775
3824
1776
1777
1778
3826
1781
1783
1787
3837
3843
1799
3847
1802
3851
1805
3854
3859
3861
1816
1821
1823
3873
3877
1830
3878
1834
1840
1844
3893
1847
3896
1857
3908
3910
1864
3914
3915
3917
1870
3919
3920
1872
1873
1874
1882
3939
1892
3941
1896
3944
1898
1900
3948
3950
3951
1903
1909
3958
1912
3962
1914
1915
3965
1917
1927
3980
1933
3981
1934
3983
1935
3984
1937
1939
1943
3992
3997
3999
4000
1953
4002
4005
1960
4009
4016
4020
1981
1983
1984
4034
1986
4035
1988
4037
1990
1991
4041
1993
1995
1999
2002
4051
4052
2004
4053
2005
4055
4056
4058
2013
2014
4062
4063
2017
2018
4066
4067
2023
4071
4073
2028
4079
2036
2037
4086
4087
2039
2043
2044
37
320
257
258
261
198
327
74
203
76
396
79
80
22
86
24
344
409
92
29
414
350
96
100
102
38
170
108
49
178
51
118
182
120
57
121
122
59
