133
1280
1025
1538
771
1540
774
1548
782
1296
529
530
1298
532
1045
279
792
24
1560
1562
1818
1307
1563
1313
548
1060
1829
1318
40
553
297
810
1839
561
1585
1076
566
311
1080
1592
1338
577
578
836
1606
328
329
843
844
76
1361
1363
851
341
1114
864
1120
1635
1123
1382
361
105
618
620
621
879
880
625
881
370
118
897
898
1667
133
135
136
906
910
912
401
1426
1686
919
1432
1433
409
1436
414
670
926
160
672
1189
421
1702
935
1192
683
1710
174
1199
693
1722
955
1213
703
1731
963
196
197
1733
1479
969
458
718
977
1237
983
1240
475
732
991
1766
231
490
750
1524
1268
1525
1528
1788
766
1790
3
50
84
57
