425
1027
1028
1030
7
1033
1034
1036
13
16
1045
1047
1052
29
30
1055
31
32
1057
1064
41
43
1068
49
1074
1075
1076
53
55
57
1085
61
62
67
1092
1093
70
1098
1102
1104
81
1108
90
93
1119
1122
103
108
110
1138
118
1143
120
1148
1149
1150
129
130
1160
1164
1167
1171
149
1173
1175
152
1176
1178
1185
165
167
174
176
179
1204
181
1206
183
1208
184
187
1214
196
1221
200
201
1226
1229
1231
208
1234
1235
211
216
217
218
219
1245
1248
1249
1254
231
1260
1261
1262
1267
1270
249
1274
252
1278
256
1280
1282
262
1287
1289
268
274
275
279
1306
283
1311
1312
288
1316
295
297
1328
307
309
1333
312
1337
313
314
1340
318
323
1348
1349
1350
332
1360
337
342
1371
1378
1379
361
1386
364
367
369
370
371
372
1397
375
386
1413
390
1415
392
394
395
396
1427
1431
409
411
1436
1438
414
1439
416
418
1446
1447
425
427
429
1456
434
1458
1459
435
439
1465
1467
447
449
1476
1479
1480
1482
1483
461
1488
1491
1492
1494
472
475
477
479
1503
481
491
1517
498
1522
1529
507
508
509
1533
1537
514
516
1541
523
1551
529
1554
1555
1556
534
535
536
538
540
541
1566
543
544
1571
1573
1576
552
1578
559
1589
567
570
573
574
577
582
1608
585
1609
1610
586
1614
593
1618
595
596
1620
597
1621
598
603
1629
1630
1631
608
1634
612
614
616
1644
1647
626
627
628
629
630
636
643
1667
644
1669
646
647
1671
1677
654
658
1683
662
1687
665
666
668
1693
670
672
677
681
1705
1706
686
687
691
1715
692
693
1719
698
1723
1728
707
710
1747
1748
726
1750
1751
728
729
1757
1761
737
738
1764
740
1766
743
1767
744
1769
1772
1784
761
769
771
772
1798
781
1810
1811
791
1817
1819
1827
805
806
1840
818
1843
1847
823
1851
830
831
1855
834
835
836
1863
839
1864
1869
849
1874
1878
855
1880
858
859
1884
860
869
1897
874
875
1901
1902
879
1904
884
885
1910
890
891
1916
897
901
1928
906
1931
911
914
1938
916
1944
923
924
929
931
939
940
949
953
954
955
961
968
969
972
975
979
980
982
984
991
1001
1005
1008
1010
1012
1015
1017
23
130
131
133
6
107
43
140
77
142
143
79
113
52
85
21
117
151
119
89
58
155
93
95
