140
768
1797
1542
9
1290
1034
1547
268
1293
525
527
533
1302
23
25
538
1052
1309
1310
1824
1570
290
1827
293
1319
39
1835
299
1325
1583
816
1074
307
1588
1077
565
1593
1339
63
65
1092
326
839
1610
591
340
84
1365
1110
1111
600
860
97
356
1125
1637
1638
870
871
104
1387
875
878
366
1136
624
1393
1139
631
377
637
127
128
1666
1411
644
390
1417
139
397
911
143
656
913
658
915
1689
154
410
668
1183
1190
1193
1194
170
1451
177
691
180
1716
949
1209
1721
699
188
1470
448
704
193
708
453
711
1736
456
971
1485
464
1491
469
985
734
481
738
739
740
1508
235
240
752
1776
1523
757
1269
248
1529
1021
766
510
254
1791
2
116
125
