140
1797
777
13
1039
1551
527
784
17
1809
1810
19
533
790
1303
1817
1306
27
796
1052
1822
1567
1824
1826
803
1827
1061
1573
1317
39
1322
556
1837
1582
1328
48
819
1593
1594
1339
1597
320
1348
583
72
1611
77
1614
335
1616
850
594
340
1110
1111
857
1374
1633
1125
1638
1385
1641
1386
1387
365
366
1136
624
1139
1143
1658
1403
381
637
128
1666
1668
644
388
1669
1160
651
139
1419
143
1424
1680
913
1170
1171
1434
671
1695
159
1442
165
422
938
170
428
1714
946
949
1462
695
1208
1720
1721
186
1469
445
193
451
1732
1221
454
459
1741
1485
1490
212
725
1749
469
217
1242
1500
481
738
996
1508
232
1256
233
1515
242
1267
1523
1529
1020
1021
2
52
159
