158
1
257
1284
1796
1797
9
1546
1034
11
779
1547
268
1037
525
1551
527
1295
1552
276
533
278
1302
1052
1309
285
1822
798
286
1824
1057
802
1827
1573
37
1574
1831
39
810
1836
1325
1074
820
1588
565
1334
823
1593
1339
827
63
1603
1350
74
1354
332
338
340
84
1110
1111
88
1115
865
1122
355
356
1125
1637
1638
870
104
875
1387
1644
366
1136
1649
1650
1141
631
1145
377
378
637
127
640
128
1666
644
1668
645
395
139
1419
652
909
1166
1678
143
656
913
658
1171
915
1688
1434
410
419
1190
679
1193
170
1451
1196
1452
688
1712
1714
1716
949
437
1463
695
1721
1469
1470
1476
708
1732
1485
210
1491
725
469
1238
985
1245
734
481
738
739
1508
1252
996
1005
1007
1264
753
242
499
1523
1269
757
1014
1529
506
1021
254
2
24
125
