146
1280
1797
774
1548
268
782
527
1296
533
1560
1818
1562
1306
1563
1052
796
1824
1827
1060
1829
1317
39
40
297
553
48
1328
561
1585
819
1076
311
1593
1338
1339
1597
320
577
836
329
843
1611
76
845
77
1614
335
1361
851
340
1111
857
1114
1374
1120
1123
1125
1382
1638
618
1387
620
621
366
879
881
370
1143
1658
637
381
128
897
1666
1667
388
644
135
1160
906
1419
139
910
143
912
913
1426
1686
919
409
1436
414
670
926
1695
159
672
160
417
421
1189
935
170
428
174
1199
949
1720
1721
1722
955
703
193
1731
963
451
196
1221
454
1479
969
458
1485
1741
718
1237
1749
469
1240
217
475
1500
991
481
1508
1766
231
1256
490
1515
750
1523
1529
1788
1021
1790
2
84
159
