156
770
1282
515
1027
1795
1283
4
1290
1804
1293
1295
1556
1308
1054
543
31
32
1570
803
551
554
1835
1836
814
1838
302
303
1327
1584
816
820
52
54
1590
1594
1340
828
1342
1087
1602
66
584
74
589
590
1103
850
1620
852
1625
1369
858
1628
1630
863
97
865
872
1385
106
1386
362
878
367
623
1136
1140
1141
1142
888
1401
1403
1405
1409
1154
1668
390
1414
391
903
1417
1678
1680
403
1171
1429
1173
1174
408
1689
154
1434
925
1183
671
161
675
419
677
423
680
168
430
688
176
1459
950
1462
951
695
183
952
440
1209
953
699
448
704
964
1732
455
968
1738
971
1742
719
210
466
211
723
725
1238
726
984
728
1753
1498
1754
730
986
1242
221
1245
1761
1251
1512
745
1260
240
753
1783
248
762
252
766
1023
2
75
76
