207
1028
517
1030
1542
1032
1545
1042
1556
1559
1560
25
538
1562
540
28
1570
1060
1061
553
1579
44
556
558
1582
1071
47
1583
1589
1077
57
1084
577
65
66
1092
1095
1607
1610
76
589
1102
591
1617
1620
1110
1114
607
1631
97
617
107
620
1132
1136
624
1649
1139
1653
631
136
141
1680
657
662
1689
154
1691
668
157
1183
672
673
1189
168
1194
177
691
180
183
1209
1722
1211
699
188
191
704
194
1731
1732
711
1736
1225
202
1230
212
725
1757
224
740
1766
235
1776
752
240
242
1782
248
761
763
766
1791
768
1795
259
774
265
1290
1293
782
1807
1296
273
790
1818
1822
1310
799
287
290
1829
293
1319
297
1835
299
816
307
310
311
1344
833
321
835
326
839
329
845
848
1361
1365
860
865
869
359
871
362
878
1391
367
881
1393
370
375
891
1408
1411
390
904
1417
905
396
397
910
911
1426
926
415
1441
930
421
935
955
448
963
965
453
456
969
457
458
459
971
464
982
475
1501
1504
993
1517
1009
1526
502
1018
507
1020
510
1023
3
116
43
93
