159
1280
1282
1283
1795
774
1548
782
1295
1296
1556
1560
1818
1562
1563
1308
803
1060
1829
551
40
553
297
554
1836
814
302
1838
1327
561
1585
1076
1590
311
1594
1338
828
1340
1342
577
66
836
584
329
74
843
76
589
845
1361
850
851
1620
852
1369
1114
1628
1120
865
1123
1382
1385
1386
362
618
620
621
623
879
1136
881
370
1141
632
888
1403
1405
897
1154
1667
1414
135
906
1678
910
1680
912
1426
1173
1174
1686
919
1689
409
1434
1436
925
926
670
414
671
672
160
419
1189
421
935
430
174
1199
176
688
1459
950
1462
695
183
440
953
1722
699
955
703
1731
963
1732
964
196
1479
968
969
1738
458
718
210
466
723
725
1237
1238
726
728
1240
1242
475
1245
991
1251
996
1766
231
745
490
750
753
762
252
1788
1790
1023
2
84
75
