151
0
1
769
260
774
779
268
12
15
1040
17
786
532
791
24
282
794
1051
540
798
35
37
551
42
556
302
558
814
47
816
817
1075
819
308
1077
53
823
570
829
318
575
1088
1089
577
834
323
67
579
69
325
582
71
1097
585
1098
589
333
591
847
81
849
84
342
598
601
603
349
350
863
98
355
358
360
874
107
365
878
373
630
887
634
127
128
130
642
899
900
389
133
138
140
398
911
144
657
913
914
917
661
152
664
920
923
926
162
165
677
683
940
941
184
952
189
701
958
191
705
449
197
455
202
972
205
973
720
977
210
213
215
984
732
989
221
991
224
995
488
1000
237
238
240
499
1011
500
756
245
250
1020
764
1021
767
2
35
84
