258
2048
1024
1
517
6
1544
8
12
1037
15
1041
18
531
21
27
29
31
33
37
551
552
1067
555
1070
2094
558
562
1587
1589
54
2104
56
1592
1081
1083
1084
572
1085
1599
2111
575
578
66
67
580
72
79
592
81
597
1109
91
1627
2139
604
606
1632
2146
1634
1636
1127
2152
2153
105
1641
1642
1130
2156
1132
1133
1134
113
1142
630
1655
1145
1657
2174
1154
643
644
1668
133
2181
2183
1672
650
139
1167
1171
665
1700
1707
684
1708
174
178
1205
1211
700
190
1728
705
194
1219
196
200
713
1738
715
1739
204
1231
1743
1233
1757
733
224
225
1251
231
745
234
747
1771
236
1772
1773
754
247
1273
1788
257
1281
1284
1285
1287
263
267
1294
273
1297
1812
277
789
279
1817
793
284
1308
797
804
294
1832
810
1325
1839
1327
306
308
821
1334
828
1341
317
1343
321
833
1858
1863
841
1354
1868
847
1872
1361
850
852
341
1369
353
1379
1381
1894
871
360
1388
881
1911
1914
1915
380
382
1919
1921
387
389
1413
1424
401
1425
405
917
1942
1432
1947
1438
1951
415
1440
1447
1964
940
1965
430
1454
431
944
1973
950
1463
1465
1978
1467
1984
451
1475
963
1990
1995
1997
973
2001
2002
468
2004
469
2005
986
988
2012
990
482
1512
1519
1521
498
2036
2038
502
1016
2041
506
1018
2043
1020
1534
1022
12
96
32
114
4
84
20
151
136
72
122
138
44
