1334
2
4100
6
4102
8199
8200
6153
10
6156
4108
2061
8205
8206
4111
8210
4115
2067
4116
4117
8214
2070
6167
8216
27
8219
2077
2079
6175
8223
4128
6176
8227
4133
39
40
8232
2089
8234
2092
6189
2094
8240
4144
49
4145
4146
8245
6197
54
4154
6202
8250
64
2113
8259
67
4164
6213
71
6216
73
6218
8267
76
6222
2127
4176
8272
81
4178
84
4180
6230
4183
89
2137
8284
93
6238
2142
95
8287
96
8290
8292
2149
6247
8295
103
8297
105
6251
2156
108
6253
4206
6256
4209
2162
4211
6259
115
8309
6264
2168
4218
8314
8316
124
4221
6269
6271
8319
128
6273
4225
6276
134
2184
2185
137
8330
2187
8332
4236
2189
6285
8336
4240
146
6298
2202
8347
4251
8349
6301
158
2207
2208
2209
2210
162
4258
4264
6314
6318
175
6319
8368
176
6321
6323
4278
4281
186
2235
190
2239
6338
4291
198
2246
4296
2249
204
2253
2254
2255
2257
213
2262
219
2267
220
222
2270
4321
4326
232
4328
6376
2281
6381
239
6383
4335
6385
4338
242
6386
243
6387
244
4341
6389
246
6390
6392
248
6394
2300
2302
254
6399
4352
4353
261
6411
2316
269
4367
2320
6419
2324
6422
2329
4377
4379
4380
6428
4384
4385
4386
6438
2345
299
2351
303
305
4401
6449
4402
308
4404
2357
311
315
324
2372
6473
2379
334
4430
6479
4432
2386
338
2387
2389
2394
6491
4444
2400
353
356
6500
357
2405
4457
365
6518
6519
6521
377
2427
6523
4477
6526
383
6528
4485
6534
4489
394
2442
6541
4495
4496
2449
6546
6549
406
2455
6553
6556
2461
2464
4516
420
2470
423
2472
2478
431
432
4529
6578
2482
6579
6580
4532
4534
2487
4536
4538
443
4547
4548
2502
6603
6604
4557
6606
2510
4559
4560
2512
2513
6609
6611
2515
4564
468
2518
6616
2521
475
478
479
2529
6627
4580
487
2538
6636
6638
6641
2546
2547
2549
2550
502
6647
504
508
2556
6657
6663
2568
6665
2570
522
6666
2573
6670
2576
6672
6673
4626
6674
6675
4628
533
4630
2582
535
6679
2587
6684
4637
541
6686
544
6689
2597
4645
550
551
552
554
6700
556
6702
4663
6711
4666
2618
6715
573
6718
4672
576
6721
4675
6725
581
2630
584
2634
4682
6730
2637
6734
2638
6736
4689
594
2642
595
4693
598
2647
4695
2648
6744
2649
2652
6755
2661
2662
2663
4713
619
2672
625
4724
4725
629
6776
2684
6780
637
2687
2691
4739
644
6788
645
2693
647
2697
4748
6798
2703
4752
657
2706
661
4759
6808
6809
2714
6812
4764
670
672
2720
2721
674
6821
2726
4776
2730
4783
6834
4787
6836
2741
6837
4789
6843
2747
6848
2753
6849
4802
6850
4803
708
6852
4805
710
4806
712
2760
2761
2762
714
4810
6858
715
2763
6861
4814
722
2770
6867
724
4821
6870
731
4828
733
6879
2783
4833
737
2786
4835
6884
6885
742
4840
745
6890
2801
2803
2804
4853
2805
6902
6904
4857
6905
6907
4859
6909
767
6913
774
6919
776
2827
6924
781
6926
784
4882
4889
2841
795
4891
4893
2847
2850
2853
4902
2858
6955
6957
6962
2866
2867
2869
4918
6966
2870
6967
824
6968
4920
825
4921
4922
2875
4924
829
4925
2879
835
836
6980
838
6986
842
4942
849
4945
6995
4947
6997
2901
854
855
2905
857
2907
859
7004
2911
2913
4962
866
4966
4967
7016
7017
7019
4972
876
2924
2925
879
7027
883
7030
4983
7032
4986
4989
7039
895
2944
897
7043
2953
2954
7050
2955
7052
5004
7053
910
2958
2959
2961
2962
915
7060
2970
2971
7068
7070
5022
928
2976
7073
931
7076
932
935
2985
937
938
939
2987
7083
5038
5041
949
5048
3000
5049
7103
959
3008
3010
963
5060
7108
965
966
3016
3017
970
3019
7115
7116
7118
7119
977
5073
5074
5077
986
988
7132
990
7134
5087
3040
5089
3045
998
7142
999
5102
5104
1009
7155
5113
7161
7162
3067
3068
7164
3070
1022
7168
5123
7172
3077
3081
1033
1036
1038
5135
7184
5138
1044
5140
7190
5143
3095
3096
5144
7194
3099
3101
7198
7201
1057
1060
3110
1062
3111
1064
7209
5161
7212
3116
5165
7214
3119
7216
7218
5172
1076
5173
3126
7223
5175
3127
7233
5186
5189
5198
1102
3150
3152
1104
7249
1108
5204
1110
7255
1114
5211
7260
5212
7261
5215
5218
1122
7266
5221
1125
3175
7273
3177
7278
3184
3187
5235
7284
3189
5239
3191
5241
7289
1148
7295
3200
1152
5249
1153
7298
1155
7300
3204
3210
1162
7306
7308
1164
5261
5264
3216
3217
1170
5266
5267
5268
3221
1173
5272
3224
3225
5276
3230
1183
5280
1186
5284
7333
7334
7335
1191
1192
1195
5293
5294
5297
7346
3254
3255
3256
5304
7353
7354
7356
5310
1214
3263
1216
7362
3266
3268
1222
1224
1226
1227
5323
1228
7373
1229
5327
1231
3281
5331
5333
5334
5335
5345
7394
5346
1252
1254
3304
5353
5355
3311
7408
1266
7412
5364
7413
7416
1273
7418
1275
5371
5372
1276
5374
5376
3329
7426
7428
7429
3333
1286
7431
7433
5385
7435
5387
3340
1293
1295
1297
7441
3346
7442
7443
1308
7453
3357
7455
3360
3361
3362
1316
5414
3366
3367
3369
5417
7466
7468
5425
3378
5426
1333
7477
1334
1338
3390
1345
1346
7492
5445
7500
3404
5454
5457
7507
7509
1372
3421
5469
1376
5483
3438
7535
5488
7539
3445
1399
5495
5496
7546
1403
7550
1407
7552
7553
7554
3462
7558
5514
3467
5516
3470
5519
1426
3479
1431
7576
1437
5534
3488
5538
3492
3495
3497
3498
3500
1452
1454
3504
1458
3507
3509
7606
3512
5560
7613
3520
3521
7617
1474
1476
7622
1481
5580
7629
7630
5583
1488
5587
1493
3541
7639
3545
7645
1502
7646
1503
3553
5602
3555
1507
7652
5605
7653
5606
7655
5609
5612
5614
5616
3568
5618
7666
1524
1525
1527
5625
3578
5628
5632
1537
5633
1538
5635
1540
7687
5642
7693
1550
5646
5648
1552
3600
1553
3604
5653
7701
3608
1561
1564
3615
7713
1571
1572
5668
1574
5670
3626
1580
7725
3629
3631
3632
3637
1591
3640
5690
7740
3645
1598
1603
3651
7752
5704
5705
7759
3664
5716
1625
3674
5725
1629
3678
3679
5729
1633
7778
3684
1637
1638
5736
7785
3690
5740
1644
7789
1648
5744
5745
1650
5747
7796
5748
7797
1655
1657
1658
7806
5763
3716
3717
5766
7815
5767
1671
5768
5769
7817
1683
1684
5781
7834
1690
3741
3742
7839
7841
3745
1699
1700
1701
3750
7846
3755
5804
5808
1713
1715
5812
1716
7863
1719
3768
5816
1722
1723
5822
5823
1730
3779
3781
1736
1738
1739
1741
5837
7886
1742
3790
3791
5839
3794
5845
5846
3799
7896
3801
1753
7898
3803
1757
5855
1759
5856
3808
7907
7909
5861
7912
3817
1780
3833
1786
3836
5885
5886
7936
7938
3844
1797
7942
5894
3848
5898
3850
7948
3854
3856
7953
3859
1813
7960
3867
1819
5917
3871
7971
5926
7974
5928
1833
1835
1838
1839
1841
5940
5941
3893
3894
3895
7991
5944
5945
7993
3898
7995
3899
5947
1854
3904
3909
3910
8008
8009
5961
1866
8016
5970
5971
3927
3929
5978
8027
3932
8029
5981
1886
8031
5986
1892
5989
8038
1895
5991
1896
8042
5995
5997
3950
5998
8047
8052
8054
6009
1915
1917
8065
6018
3972
1925
6024
8076
6029
6032
8081
8082
1938
8084
6036
1941
1942
6040
3993
8089
6044
3997
3999
6048
6050
4002
4005
4006
1959
6055
1962
8107
1964
8108
6062
1966
8110
4016
1971
8116
4020
6072
1980
8126
6080
4033
8131
1987
6084
1989
6087
1993
1995
1996
1997
8145
4052
2006
8155
6108
6111
2015
4064
4065
8161
2019
4076
2030
6126
4079
2034
4085
2041
2042
8189
4094
6142
2046
24
97
290
100
389
101
9
74
266
363
140
77
338
339
52
22
118
311
409
314
124
220
316
253
31
