1091
0
2051
4100
6151
8
2057
8205
2062
8207
2063
8209
18
6163
6165
24
2074
26
4123
27
2075
8220
8222
4126
6177
8225
8228
6180
4132
2085
8230
4139
6192
6193
6195
8243
4148
54
4151
2104
2105
4155
8254
2110
8255
6208
6213
4165
8262
71
8264
6221
6222
8270
8271
8272
4181
2134
8279
4188
93
6239
6241
2145
97
4194
6242
100
6245
2149
6248
2152
4201
4202
2156
110
2159
2161
8305
6258
116
4213
2165
4215
2167
2168
6265
2170
8314
6267
2172
124
6269
2173
6271
2175
6272
128
2176
4229
6277
134
135
2183
4231
2185
2186
4235
141
143
144
146
149
2198
4251
156
4257
162
6307
166
4262
2217
4267
6318
2225
185
6330
188
191
194
6338
6341
2250
4301
4306
211
4308
213
6357
214
2264
216
6363
6366
2271
4325
230
2282
2285
6389
2294
2295
4348
252
6396
254
2302
4350
2303
255
261
4359
2312
2313
269
271
272
280
2328
2329
2332
6430
2334
6431
4384
4385
289
2338
6436
4392
298
4396
6444
6449
306
6450
2357
6456
313
6458
2363
2364
6464
324
326
2376
6475
4428
6480
4434
2388
340
2392
345
6490
6492
4445
350
6494
6495
352
355
2404
2407
2409
2413
6510
2419
2422
4470
4473
6522
6523
6524
6527
2437
6535
2441
4495
400
6547
6548
6549
2456
409
4508
6558
414
4511
4512
6564
4516
421
2470
424
426
427
6572
6574
430
4528
4530
2483
436
4533
447
6592
448
450
2500
6596
4551
2507
2508
2513
2514
467
6613
475
2524
6621
4574
483
6627
2532
4585
4586
6635
493
4590
496
2544
497
498
6644
4601
508
6655
6656
512
514
6658
4611
6659
516
2564
4614
519
2568
6665
4618
4620
2575
2576
530
532
533
6678
2582
6684
545
6692
6693
4647
554
555
2605
2607
4656
2610
2611
563
2613
565
2615
2617
587
6732
590
4686
592
6737
4691
600
4697
4699
6748
2653
6752
610
611
2663
6761
618
2667
6765
6767
2674
6771
630
631
2679
2680
632
6777
634
635
4731
6779
2684
637
6781
6783
6784
642
2692
4741
6790
648
4744
650
2700
2704
4754
4756
6807
4760
2713
4761
668
2721
4770
4771
4775
681
6827
6829
6830
686
687
688
6836
6837
4791
6844
700
701
706
2756
4806
711
6855
4808
718
4816
6870
726
4822
4823
2777
2781
4829
738
6884
4836
740
6885
744
745
2798
751
2799
4851
6900
761
6906
2812
6909
4863
768
4866
2822
4870
4873
2826
2827
6924
6928
6929
4882
786
4884
6932
4885
791
4890
6940
4892
2845
2848
2853
2855
6952
6953
4910
4912
6963
6967
6970
827
828
2877
835
2884
839
2889
845
846
4943
847
6992
2896
6993
850
2899
6998
2903
7000
856
4956
7005
2910
4959
864
2918
4967
4969
7017
4971
4972
7021
4974
7026
4979
887
7032
2936
7033
890
7034
2938
7036
2940
2945
7041
7048
906
5003
909
7053
5006
910
2960
912
5008
7058
2963
916
7061
5013
924
7068
7070
929
7074
7085
2993
2999
3001
5049
3002
3007
5058
7109
3017
5065
5066
7114
3019
3020
3021
3022
974
7122
3026
7125
983
5080
984
988
7132
3037
7134
991
994
3045
3046
998
5097
3050
5103
3055
3059
5111
3066
1018
1020
3069
5121
3074
1026
1027
5124
1029
7175
7176
1033
5132
1041
1043
3092
1044
5141
1045
7190
3100
3101
7197
3103
3105
5153
5155
7208
7209
5162
1068
7213
7216
5168
1074
1077
3133
5186
1090
3140
5191
1096
3146
7243
5196
7244
7245
1101
7248
3153
1110
1111
7262
1121
5224
5226
5228
3181
3182
3187
7284
5238
1142
3194
1148
5245
3198
3204
7301
3206
1161
3209
7309
5261
5262
7313
1172
7318
1175
1176
5272
5273
3226
7323
1180
3231
1188
3238
3240
7338
3244
3247
7349
5301
7355
5309
1214
3263
5312
5314
5315
5317
5318
5320
5322
3275
5326
7377
7378
5330
1235
3286
3291
1244
7389
1246
3295
5348
5349
3305
1258
5356
1261
3311
7407
7409
1269
3319
5372
3327
5378
3332
3333
7430
3338
1291
7435
5391
5392
3345
5400
3352
3356
7453
3358
1311
7455
5413
7463
1327
5423
1331
3381
3384
3385
5438
3393
5442
3399
3402
1356
3407
5456
1361
5458
1362
7508
3417
3418
5466
1370
1373
3426
5477
1382
1389
5487
3442
3445
5494
5498
7547
5500
7548
3452
3454
3459
3462
1415
3464
7560
1417
7564
3468
3471
5519
7568
3472
7574
7577
7584
3497
7593
3501
7598
1455
3504
7602
3508
7607
7609
7612
3516
3518
1470
3519
1471
5568
7616
5576
7625
3531
1483
5579
7627
1486
5582
7632
7633
5585
3537
7635
3541
1496
7642
3552
5605
1510
3559
5608
7659
3563
5614
7663
5615
1521
3569
3574
3578
1533
7677
5630
5631
1537
5634
7683
3589
7687
7689
7690
3597
1550
3602
7701
7704
5663
1569
5666
7718
7723
3630
7729
5681
7738
1595
1596
7741
5694
5697
7746
5698
1607
7753
3657
5707
1615
3663
7761
5714
1619
1623
3673
5722
7772
3683
5732
5737
5740
1644
3694
7791
3698
3705
5753
3706
5758
1663
7808
5764
7814
5766
5767
7815
1675
7827
1684
5786
3738
5787
7835
5789
1693
5790
1696
7842
1699
7845
7846
7847
7850
1708
5811
3764
1716
3765
5813
7862
5815
3767
1719
5816
7866
3771
1725
5822
3777
1731
3781
1737
1738
3786
5834
3789
7892
5844
3799
1751
7896
5849
1755
7901
5853
1760
5857
3811
7907
1764
1765
1766
3816
5867
7916
1775
1776
1778
1780
7925
7931
3837
7935
1791
5887
5888
1794
3846
1799
7944
7946
3850
1803
1804
5901
1807
5904
1809
3858
3859
1813
7959
7960
1816
1820
7966
1823
5920
7969
5921
5923
1828
7973
1835
3887
5935
3889
3890
1842
5941
3894
5945
3901
3905
5956
5957
3910
5960
3916
8012
1868
8013
1871
1873
3923
8020
5972
3925
1878
1879
1883
3933
8031
1888
3939
5987
3944
8041
8042
8043
5998
3952
1905
1908
3957
3958
8054
3959
6007
8056
8057
1917
1919
3972
3973
8076
6029
3984
1936
1937
3989
6037
1942
8087
3992
3996
6047
1953
1956
4007
8105
8106
1964
6062
8110
4016
6068
1973
8118
1974
4022
6071
8119
6074
8135
1994
6090
8139
4046
2000
6096
4049
2003
8150
8152
8153
2014
4062
2015
6112
6113
4065
6116
4070
4071
2024
2030
8174
4079
2032
8177
6129
4082
8182
8184
2042
8188
6140
2046
6142
7
49
163
147
5
22
57
121
