2213
2
7
4105
8202
8203
11
4108
13
4110
4112
18
4118
8214
8215
25
4122
8218
8220
29
4125
30
8222
4127
33
8226
36
8228
4136
8234
4139
4140
8237
47
8239
49
4147
52
55
8248
4153
57
4154
59
60
8252
62
67
4164
73
8266
8268
8270
4175
81
4178
8279
87
8280
88
8281
8283
93
4189
4191
8288
97
98
4194
8291
8293
101
8294
4199
8297
4201
4203
108
8301
112
8305
8306
4212
8310
120
122
8316
124
8318
8319
4223
129
4226
133
8326
4234
4235
141
8334
8335
8339
8340
4247
152
153
4251
4254
163
165
8358
166
167
168
4266
4268
174
176
8370
8373
184
185
8378
190
4286
8384
193
194
4298
8395
207
4303
4304
210
4306
4311
8407
223
224
8418
8419
4324
8420
8421
4326
231
4328
4329
4331
4333
8430
8432
4338
4348
253
259
260
4358
8454
4362
8460
4365
270
4366
4367
8464
8467
8471
4376
281
8473
4379
8479
8480
288
4385
291
8485
4389
8488
297
8490
298
8495
305
306
4402
8499
8500
8504
4408
4409
8506
4410
8510
4416
322
323
4420
4425
331
8525
334
335
338
8532
8534
4438
8536
4441
346
4443
350
4447
352
353
355
8547
8550
359
360
8552
4459
4464
8563
4467
4468
374
8571
4477
4480
8577
4481
387
8580
389
4490
4493
4494
399
8592
8597
8600
8604
412
8607
417
418
4521
8618
427
430
8623
8624
433
435
8627
436
4532
8628
8630
8631
4537
442
8639
449
8641
8642
8643
4550
8652
8656
4562
8659
467
8660
468
469
8661
4567
4568
8665
474
8669
477
478
8671
4576
8674
482
4578
4579
492
8686
4591
8687
4592
8690
499
502
4599
504
4607
512
4609
515
516
8710
4617
524
4622
4623
527
8721
531
533
537
4633
8731
4636
545
8740
4645
8741
8743
4652
558
559
560
561
562
4658
566
4665
570
8765
8767
578
4674
8772
580
4677
4679
8776
584
585
587
588
8781
590
4686
8783
592
593
594
4694
598
8790
8792
4696
600
8794
8795
4704
4705
610
612
4709
613
8806
614
4712
8808
619
8812
4717
624
8816
625
8818
628
8820
8822
4727
8823
4728
4730
4732
4734
8835
643
4742
649
8841
8842
4747
8844
4750
4751
655
656
8851
4756
660
662
8855
4760
666
4763
668
8861
671
8867
4772
4773
4774
8870
8872
681
4779
4780
685
8882
691
8884
693
4791
8887
8888
4794
698
8893
8894
703
8895
4801
705
4802
4803
708
4806
4808
8906
8912
4818
4819
8918
8923
8924
4828
737
8929
738
8932
8934
742
745
8938
746
748
8942
8944
4851
756
4852
8948
8949
4854
758
4855
759
8953
761
4857
8954
4860
4862
8959
768
4864
8966
4871
775
777
8970
8973
782
8974
8975
784
786
787
4883
4884
788
8980
8983
8984
4890
795
4892
797
4894
798
8993
8994
4899
8996
8997
806
4903
4904
809
810
4907
812
4909
9005
9006
814
815
816
9009
4915
9011
4916
4918
825
4921
9018
4923
4924
9021
830
9029
9031
4935
9032
9037
4942
4943
848
9041
849
9043
9047
856
4953
9052
861
862
9059
4963
9060
4965
4966
872
874
9066
4971
4972
4973
9070
880
881
4977
9075
9076
9079
4983
9080
4985
9085
9087
896
897
4996
4997
5000
5003
9103
9105
913
5010
917
918
5015
9111
920
5016
922
9116
5021
928
9120
9121
9123
933
936
937
9130
9131
943
9135
5040
9139
948
9142
9145
5051
956
5052
5054
5055
9151
9155
963
5060
9156
5061
968
9162
5067
972
9166
974
976
5072
5073
5074
983
9176
985
9179
5084
9183
9184
9188
5092
998
1002
9195
9196
5103
9199
9202
5107
1011
5108
1013
5109
5110
9207
9208
9209
9212
9216
9217
5122
9220
5125
1031
1032
9225
1034
5132
9229
5134
9230
9231
1040
5136
1042
1043
5141
1046
9239
5145
9241
1050
9246
1056
9248
9250
5155
9251
1062
5160
1070
9262
9264
1075
9267
5172
5174
1081
9275
5180
9277
1085
1088
9280
1089
5187
5188
9285
9290
1099
9297
9299
5203
1109
1110
5207
9304
1112
9305
1116
5217
5220
5221
5223
1129
5226
5227
9324
9325
5230
9326
1135
9328
9333
9335
1144
9337
9341
5245
1150
1151
5247
5248
9345
1156
5255
1161
5257
9353
9354
5258
9356
9357
5261
9359
9361
5266
5268
1176
5273
5274
1178
9370
1180
9373
9375
5280
1188
9380
5286
1191
1193
9387
9389
5293
1199
1200
9393
9394
1203
5302
1206
1207
5306
1213
1220
5317
9414
9415
9417
5321
1226
5324
9422
9423
1231
5328
1235
9427
9429
1238
9431
1240
5337
9433
1242
9438
9441
1252
1253
9445
5349
9446
5351
1255
1256
1257
9452
5358
1262
9454
9457
1266
5363
1268
5365
9462
5367
1272
9467
9468
1276
1278
9472
5378
1282
9475
9478
5383
5385
1290
9484
5389
1293
9485
9486
5390
1295
9488
5393
1297
1298
5394
9492
5401
9499
5404
5405
1310
9504
5408
9506
5410
1315
1320
9513
9515
9517
5421
9519
5426
9522
9525
1337
5433
9533
1341
9534
5439
5444
5446
1351
9544
9545
1355
1356
9550
5457
9553
1363
9558
9560
1369
1370
1372
9568
5473
9569
9570
1383
5480
9578
9580
1389
1393
5491
5492
9589
9590
5494
1399
9591
9592
1400
9593
1405
5502
9599
1409
1410
9607
1418
9611
9613
1422
5521
5522
5523
5525
5526
9622
1430
9623
9630
5536
5537
1444
5540
9636
1446
9639
9640
9641
9642
5546
5547
9645
9646
9647
9649
5556
5562
9661
1471
9665
1480
1481
5577
1483
1484
1486
9683
1493
9685
9687
9691
9693
1502
5598
1503
5600
5601
1507
9701
9703
1514
1515
5615
5616
5619
1524
9717
9718
5623
5625
5628
9727
5631
9728
5632
5636
9732
1542
5639
1547
9740
1550
5648
5651
5653
9753
1562
9755
1564
5661
1565
5662
5663
9760
5666
5668
1573
9767
9768
1576
1579
9775
5679
5680
9776
9777
5682
9779
5684
1589
5694
9792
1602
5698
1603
1606
5703
9801
5706
9803
5709
5712
5715
1619
1620
1622
5719
1625
5723
1628
1630
1634
1640
9835
1644
9836
1647
9840
9845
1654
5752
9848
9849
5754
9852
5758
1662
9854
5762
1666
9860
9866
9867
1678
5775
5778
9876
1685
9878
5784
9880
5785
9882
9884
9885
5792
5793
1701
1702
5799
9895
9896
1704
5801
5802
1706
1708
9904
1713
5812
1716
9909
1717
5814
5816
5817
9915
5819
9916
1725
5823
9920
5824
1732
9926
5832
9928
5833
1737
9929
1738
9930
1740
1741
5837
1745
9940
1748
1749
5853
5856
5858
1763
1766
5862
1768
1769
5867
5868
1772
1777
5875
9973
5877
9974
9979
9980
5886
5887
9985
1794
5892
1796
1797
5895
5897
1801
5898
1802
5899
9996
5903
1809
10004
1812
10005
5910
1815
1816
10010
1818
10011
5915
10012
5919
1824
10017
1825
1826
5923
10019
5925
10024
1837
5934
10033
1841
10036
5942
5944
5945
5947
10044
1855
1858
1860
1863
10055
1864
5962
5963
5968
10064
1874
10066
1875
10068
5972
10070
10071
1880
1882
10075
1890
10082
5990
10088
5992
1897
10094
1902
1903
1906
10098
6003
1909
6008
10105
6009
10107
10109
10112
6017
10114
6019
10115
10118
6029
10128
6037
1941
10135
10136
6041
1946
10139
1947
10140
6045
1949
6046
6050
1954
6052
1957
6054
10151
1960
6063
6064
1969
6065
6066
10163
10164
10168
6076
6078
10176
6081
10179
1991
1992
1996
10190
10191
10192
6097
6098
10194
6099
2003
6103
10201
2009
10209
10212
2024
10216
10217
2029
2030
6127
10224
10225
6130
10226
2035
10227
2036
6134
2040
10233
2042
6138
2048
10242
2051
6149
6150
2054
6151
6153
10252
6159
6160
2065
2066
6163
2068
2070
2071
6167
2072
2073
10266
2075
10268
10271
6175
10272
6176
6177
6179
10276
6181
2086
6182
10279
10284
6192
2096
10290
2098
6197
10294
2105
10298
10299
6203
10301
6205
10307
2116
10308
10309
2117
10311
6216
10313
10316
2127
2128
10321
10322
10323
10324
6233
2140
2143
6240
2145
10337
2148
6246
2151
6251
2155
2156
6254
6261
2166
6268
2175
2183
6281
2186
2188
6284
2191
6289
2195
2200
6296
2203
6301
2207
2210
6310
2214
6311
6314
2218
2221
2222
6322
6323
2230
6327
6332
2237
2240
6339
2244
6342
2252
6348
6352
6353
2261
6359
2267
2268
2270
6368
2272
6369
6372
2283
6393
6398
2306
2307
2311
6413
6422
2326
2327
6425
2329
2330
2332
6429
2334
6432
6433
6438
2344
6443
2349
6447
6451
6453
6454
6455
6456
2361
6457
6464
6467
6470
2374
2375
6471
6474
2381
2382
6479
6481
2385
6482
2388
2392
6500
2407
6504
6505
6506
2413
2414
2417
6514
2425
6526
2434
6533
6534
2439
2441
6537
2449
6546
6547
6550
6558
2467
6565
6566
2470
6567
2473
6576
2483
6582
6583
6586
2490
2493
6590
6592
2497
6594
6596
2502
2503
2504
2516
6612
2517
2521
2524
2525
2526
2530
2532
2535
6631
2537
2542
6639
6640
2545
6642
2547
6646
2553
6653
6657
2561
2563
2567
2570
6667
2576
6673
2581
2583
2586
6684
2592
6689
2594
6693
2599
6696
2602
2606
6702
6704
2610
6713
2619
2624
2625
6722
2632
6731
6733
2638
2641
6738
6740
2644
2646
2647
6743
6745
2650
2652
2653
2658
6757
6760
2664
6763
2669
6770
6771
2675
2679
2681
2682
6780
2691
2692
2697
2699
6795
6797
2703
6800
2708
2709
2712
6809
2714
2715
6816
2725
6822
6828
6831
2737
2738
2741
2743
2748
6847
2752
2756
2763
2764
6860
2767
6865
2770
6869
6871
2779
6876
6877
6881
2791
6891
2796
6894
6895
6896
2801
6899
2805
6910
6911
6916
2821
6917
6918
2823
6919
6922
2831
6931
2846
6947
6948
2854
6950
6959
2864
6960
2865
2872
6969
2875
6974
2881
6977
6979
6981
2889
2890
6991
2902
6998
7000
2910
7007
7008
2912
7009
7017
7022
2927
2929
2933
7030
2938
7042
2948
7044
2949
2952
2954
7053
7062
7063
2969
7066
7072
7074
2982
7079
2989
2991
7087
2993
2995
3000
7099
7106
7107
7112
3017
7114
3022
7118
7121
7122
7125
3029
3030
7130
3040
7137
3041
3043
3045
3047
3050
3057
7155
7156
3060
7158
3062
3067
3069
7168
3076
7173
7174
7175
3080
7177
3081
3083
7182
3086
3090
7188
3093
3094
7192
3098
7195
3100
3101
7204
7206
3111
7211
3116
7214
3119
7216
3122
3123
3124
7224
3128
3131
3132
3133
7229
3134
3140
7239
7243
3148
7245
3151
3153
7251
7254
7255
7256
3163
3165
7265
7266
3171
3174
7270
3178
7275
3182
3183
7282
3187
7289
3195
3198
7295
3199
7296
7300
7302
3206
7307
3214
3215
3216
7312
7313
3218
3224
3225
7323
3228
7325
3231
7328
3233
7330
3238
7334
3240
7338
3244
3247
7345
7351
3257
7354
3262
7361
3265
3267
3268
7366
3270
3272
7371
3276
3277
3279
3280
3281
3286
7382
7383
7384
3290
3291
7391
3299
7396
3301
3302
3308
3309
7407
3311
7410
3315
7413
3319
7422
3329
7425
3330
3335
7432
7434
7437
7441
7442
7452
7456
3363
7460
3365
3367
7467
3372
3373
3374
7471
3377
3378
7476
7477
7479
3383
7480
7481
7482
3386
3388
7488
3394
7498
3404
7501
3415
7512
3418
3421
3425
3431
7529
7530
3438
7534
7540
3445
3448
7545
3453
3455
3456
7552
7554
7555
7556
3461
3462
3463
3468
3471
7568
3475
7571
7572
7576
3481
7578
7579
3484
3485
7583
3490
3491
3493
7591
3495
7594
7598
3505
7606
3511
3514
7610
3515
7612
3516
3518
7615
3521
3523
7621
3531
3533
7631
7632
7634
7636
3542
7644
7646
3552
7648
7650
7652
3556
3560
7656
7665
7666
7668
3576
3577
7680
3584
7681
3587
7683
7685
7687
3593
7689
7695
3600
3601
7698
7699
7701
3608
7704
7705
7706
3611
3612
3613
7710
3615
3618
7717
3624
7723
7724
3628
7728
3633
3636
3637
3642
7740
7747
7749
7750
7756
7761
3666
7763
3668
7766
3672
3674
7770
7773
3677
3678
3685
3686
3687
7786
7787
3694
3695
3696
7794
3698
3699
7797
7798
3703
3706
3707
3709
7805
3710
7808
3713
3717
3718
3719
3720
7819
3724
3726
3727
3729
3730
3732
3734
7833
3738
3740
3745
3748
7845
3750
3751
3752
3753
7854
3759
7855
7858
7862
7864
3771
3772
7868
3773
3774
7874
3780
7877
3782
3784
7887
3796
3797
3799
3800
3805
7902
3812
7911
7915
3820
7917
7919
7924
3829
3836
7934
3838
3840
7937
7938
7941
7942
3846
3854
7952
7953
7956
7959
3863
7961
3865
3870
7967
7970
3874
7974
3878
3879
7976
3880
3882
7980
3885
7981
3886
3888
7986
3891
3893
8001
3907
8004
8005
3913
8009
3917
8014
8021
8025
3930
8027
3936
8033
8041
8045
8046
8047
3955
8052
3957
3965
8067
8069
3974
8071
8074
8077
3983
8081
8082
3987
8083
8086
8087
3991
8088
8090
8092
3997
8094
4009
4010
4011
4014
8113
8114
4018
8115
4028
4029
8127
4032
8128
4033
4034
4037
8135
8137
4048
8146
4050
8149
4054
4056
8154
8160
4064
8163
8164
4071
4073
4074
4078
4080
4081
4087
8184
4091
4092
10
0
17
130
5
117
22
150
38
57
42
