643
7168
7171
5123
1028
6148
2053
1029
6149
1032
7178
4106
3082
5131
3086
15
6159
16
20
7188
2068
7189
2071
1047
5147
7195
2076
1053
6173
3102
30
4128
32
7201
33
5155
3109
3111
5162
2092
3117
2093
5166
7215
5169
2101
5177
7225
1086
5184
3137
6210
4163
3140
69
4166
3142
1094
1095
1098
3146
78
7248
6224
4176
80
3153
3159
1112
4186
95
2144
6241
6246
2150
3178
4204
2156
4207
2160
3186
3187
3189
6262
7286
5239
7288
7289
2171
7292
1150
2175
3201
1154
2180
135
3207
4231
2184
139
6284
4237
5263
1167
5265
146
150
3223
2201
7321
1178
3226
1182
7327
159
160
6304
7330
4260
167
3239
5289
6315
6316
4268
1198
3248
1201
2225
1204
7350
184
6329
2233
4282
5307
1211
4284
7356
1215
5312
6336
6338
4290
3268
2245
4297
5323
204
4301
5325
1230
4304
5329
4306
4314
4316
2268
2271
4321
1250
228
4324
1255
232
236
6380
3308
2285
4336
4338
1269
5366
3320
2297
3322
250
1275
4349
3328
1282
1284
4359
2312
1290
1292
4365
270
3343
1296
1297
5393
2323
2324
6421
4374
6423
1306
4379
3355
6428
285
6430
3360
1315
294
1319
2343
3368
298
3370
1323
299
3375
5423
5424
3376
2353
3379
4403
1331
4405
3381
6456
1336
2362
315
4411
3388
316
3390
6462
4414
2371
327
5450
3402
1354
5451
4427
2381
4430
3410
338
2390
6487
5463
2391
343
4440
6489
1372
4451
1380
4453
5478
3431
360
3434
4462
6511
1393
2417
5489
370
2418
4467
5494
3446
3449
1403
380
4478
5503
384
3456
6530
4487
6537
6538
6540
4492
1422
400
6545
1429
405
407
3479
2458
410
5532
413
6558
414
3488
4515
3492
6566
3495
426
2474
5547
5548
4525
6577
1458
4530
6580
437
1463
4536
4539
6591
1472
3524
2501
5574
4554
6610
3538
468
4564
4569
5594
474
1501
6622
1503
4576
480
4577
5605
5606
487
5609
6633
3562
3567
3568
500
1524
2548
4596
501
4597
5623
6648
5625
4605
510
6654
3584
4608
2564
4612
1541
4615
3593
4618
3596
4623
2576
6673
3603
4627
535
6683
4636
5662
6686
3615
4642
1572
4645
1573
2597
5670
2599
4649
1584
3632
4657
4658
6706
5682
3634
4660
1591
5688
4665
1597
4669
6720
1601
4673
3650
1602
1605
6725
584
5705
3658
1616
6739
595
4692
1623
2648
600
608
609
6753
4713
1642
6764
4717
1648
4722
3699
5747
5748
1654
3705
2681
6778
3709
6783
2691
3715
4740
5767
648
2698
2700
1677
2701
5777
6801
5778
2707
3738
2715
6817
2730
5803
6827
6831
3760
2736
2739
1716
2744
1720
6842
2749
1727
4801
2754
5826
2760
717
3791
1744
1745
723
4820
725
4824
6873
729
5851
6876
6880
3809
1761
5857
2787
2788
741
4838
742
744
3818
1771
5867
6893
3821
749
6894
6895
4850
4851
3831
1789
4863
5890
2820
4868
4869
3849
6923
4876
5901
2831
1807
5904
3856
1810
5906
3860
1816
6938
3869
5917
797
6941
1822
799
1823
4899
6950
809
4906
811
6956
4912
5940
1845
4918
823
2871
824
5945
2877
3901
4928
2880
1856
5953
833
1859
5955
2887
840
3917
2897
1875
6996
5972
1880
7004
5982
3935
866
7013
4965
4969
874
4970
1904
881
2929
883
2936
3960
3961
2938
4987
4989
895
1919
7040
897
3970
1923
901
4999
5002
3980
3985
1940
6037
918
6038
7062
1945
5021
3999
7074
5027
4004
4009
1963
1966
4014
5042
4019
1974
5047
5049
953
6074
5051
7101
3006
5056
3009
1986
1987
4036
5063
6091
5067
7115
7117
4047
3027
980
981
983
985
5082
4058
2012
2013
7138
5092
7141
2021
6118
2027
5105
6129
1010
6132
1013
5112
4090
3067
1020
4094
4095
1023
7
353
114
98
328
281
10
27
