322
0
1
513
518
520
10
11
524
13
527
17
531
20
533
25
537
538
27
540
29
30
542
31
547
39
552
553
41
46
559
560
562
50
563
565
54
566
56
568
57
571
572
576
66
580
582
70
588
78
590
79
84
598
601
603
95
99
611
101
105
617
107
619
620
109
111
112
625
627
115
628
630
631
632
636
126
640
643
132
134
138
650
651
140
653
142
143
656
659
149
661
150
663
152
153
666
667
157
671
160
675
164
168
169
170
682
171
684
685
174
177
179
180
696
192
193
194
708
709
199
201
716
205
717
208
722
725
217
729
730
219
731
732
221
222
224
738
227
739
228
742
230
231
744
745
746
747
237
749
238
754
755
244
759
762
251
764
766
255
768
769
770
259
262
774
264
265
778
268
780
269
789
790
283
284
798
287
288
801
289
802
291
803
292
804
296
809
810
812
813
301
302
814
817
307
820
309
824
313
825
826
315
828
833
322
323
326
329
842
849
850
851
341
854
342
343
344
345
346
861
349
862
352
864
354
355
867
356
869
358
359
360
877
366
879
368
885
373
375
378
890
380
892
384
896
385
897
393
394
397
398
399
912
915
404
406
921
924
412
413
927
415
929
419
934
937
939
429
943
435
947
436
952
955
444
956
957
445
451
452
964
965
454
455
968
457
971
460
973
974
463
976
464
468
472
474
476
988
990
991
992
993
995
996
484
998
487
488
1002
491
493
1005
1007
1008
1009
499
1014
504
507
1020
509
510
115
259
3
261
8
9
266
12
16
17
20
277
21
22
280
25
282
287
32
288
289
34
290
35
36
293
40
41
43
44
46
47
303
48
306
50
308
53
54
55
57
316
62
320
66
323
67
68
69
325
75
332
78
334
79
80
336
338
84
342
88
90
351
96
352
99
100
101
103
363
365
113
370
115
116
373
123
124
133
136
138
139
140
142
146
148
157
160
169
173
175
179
181
182
184
188
196
197
199
200
201
202
210
212
217
220
223
227
235
237
238
239
246
249
254
255
