184
513
1282
774
1542
520
1544
2060
524
1806
14
1553
20
1045
1046
534
2070
24
536
537
282
1820
543
799
801
34
547
1315
1830
806
296
1065
555
301
1069
2094
2095
817
2099
1331
1587
565
1589
825
826
1340
60
829
318
2110
831
2114
1353
586
2122
842
1868
334
1616
2128
1361
81
2131
339
340
2132
341
87
600
857
1625
1883
1119
608
352
1377
356
1124
2149
2150
1382
1384
1131
107
108
2156
1645
366
623
1394
1395
1653
1910
375
1145
634
1661
132
1412
389
2182
1414
2185
393
141
1167
2191
144
402
1939
1431
1688
1178
1182
1183
2209
1954
2211
676
2214
1703
681
2219
428
1708
2222
1966
1454
1199
431
178
947
179
1974
1976
1468
957
1981
449
962
1219
708
1733
1477
710
1479
1737
1227
460
1484
1485
1231
1746
722
979
1237
1750
215
984
985
729
475
988
2019
1764
1509
1254
487
744
2025
1002
1258
2030
1777
1778
243
756
2037
501
1527
248
760
1016
2043
1275
1
38
