1929
8192
4096
12289
8193
1
4099
12295
9
10
11
8204
4108
4111
8210
12307
8213
4117
12309
4118
8217
8220
4129
4130
12322
34
4131
4132
4133
4134
38
12327
4136
12331
4139
12333
8237
4141
8238
47
8241
4147
53
56
8249
12346
12348
61
12349
62
8257
4164
75
4173
4174
4175
12368
12369
81
4178
4181
12374
4183
12376
8280
8281
12378
8283
12379
8284
12386
4195
8291
106
12396
8302
114
4210
116
8310
4215
119
8315
123
125
8320
8322
8323
8324
136
4235
4238
143
4240
4241
4242
4243
4245
8347
157
8350
162
172
4269
8373
185
4283
8385
4289
196
4296
4297
8395
4302
210
8405
8419
228
8422
8423
232
4328
241
4338
8439
8440
249
251
8449
257
8450
8452
4358
8457
266
8459
8460
4364
4365
4366
4369
274
8466
275
4375
8471
8473
281
288
4384
4386
290
8485
294
295
8489
4396
4401
308
4405
310
4406
4410
4411
8507
4416
321
8514
4419
8519
4426
4427
4429
333
8527
335
8528
4432
4433
4436
4445
4453
4454
8550
366
4463
8560
4465
8563
373
8567
379
4477
8575
383
8577
385
4483
390
4488
8585
8586
4491
397
8590
8593
8595
405
8598
8599
410
8603
417
4513
418
8613
422
423
428
429
430
4528
434
8626
8627
4532
8629
8630
439
8633
8634
4539
8636
4543
447
4544
4545
4546
8642
4548
459
8652
464
8658
8662
4566
8664
4571
476
4572
477
480
8673
4584
489
4586
492
497
4594
8692
8695
4600
4602
8700
8714
8715
523
8719
4624
8724
4632
8730
540
8734
542
4640
547
8744
8745
4651
4652
4653
4654
8755
4661
576
4672
8768
4673
579
4675
580
581
586
4687
4694
4698
4699
4702
609
612
8805
614
616
618
8813
621
4719
624
4722
8819
4729
4731
4732
8832
8842
651
4750
656
8849
4753
4757
8854
8863
674
4771
4775
4782
686
687
688
692
694
8887
4791
697
4795
8892
4807
713
8905
8907
8909
4818
8915
4821
8918
4824
8921
4827
732
733
8927
8929
8930
4838
8935
744
8938
4845
749
752
8948
8952
4857
4858
8955
4862
4866
770
4867
772
774
8967
4875
782
784
8976
4881
787
4883
4884
8980
8981
8982
791
8985
793
8987
8988
4893
803
804
8999
4905
9004
813
9009
4915
9012
4917
9017
832
9029
838
842
4939
9036
9037
9041
851
4947
4948
9045
854
856
858
859
4958
9057
4962
866
9064
4968
873
9068
879
4978
9079
888
4987
4988
9088
897
9092
900
9094
9095
9096
9098
5002
906
907
908
5005
9104
5010
915
9119
9122
931
5027
934
935
5033
9130
938
9131
9137
9139
9140
5046
952
5049
9147
5051
956
5053
5054
9152
963
965
968
5064
972
9167
5072
9171
5075
984
985
5081
9178
9179
5089
9186
995
9187
9189
5095
1002
5099
9195
5103
9200
5107
5112
9210
1018
1022
9215
9219
5123
1028
9220
5128
9225
5131
1037
5139
5141
5144
5152
1058
1062
9255
1063
5159
1065
5162
9262
1073
9268
1081
5178
1083
5179
5185
1092
5188
5189
9289
9290
1100
1103
9295
9296
5200
5203
1109
1110
9305
1113
5213
1118
9310
1120
9319
5224
1128
5226
5229
5230
9327
5231
9328
1137
9330
9334
5240
1144
9337
1153
1155
5255
1160
5259
1167
5265
5266
5267
1171
9364
9366
5274
9373
1186
5296
5297
1202
9395
5299
5302
9398
1207
1209
5305
5307
5309
1213
9406
5310
5313
1217
9410
5314
5315
9412
1227
9424
5328
1239
5335
5336
5337
5342
1248
9446
5350
1257
9449
5355
5358
9454
5365
9466
9470
5376
5380
5381
5390
9490
1298
1299
1304
9497
1307
9499
9505
5410
5413
5414
5416
1324
9516
5423
9519
5427
1335
9528
5433
1338
5441
9542
5447
1353
5451
9550
9552
5457
9555
9556
9557
9559
9563
5468
9564
5470
5471
5472
5474
1384
1387
9580
1390
1394
1395
5492
1399
9593
1405
5502
1407
5504
1410
1411
5508
5509
9605
1414
1415
9608
9610
5514
9611
1424
1425
5521
9618
5526
9623
1432
9625
9628
5532
5534
9632
1441
1443
9636
1445
9639
1448
1450
9646
5551
1457
5554
9650
5560
9660
9661
1470
5568
1473
5570
9672
9674
5583
9684
9686
1497
9691
1501
9693
1502
9696
9698
1508
1515
5616
1520
5617
1524
1534
1536
9729
9730
5634
1539
5636
5637
9740
9743
1557
5653
1559
9753
5660
9758
9759
9760
5668
1573
5671
1579
5679
1584
9777
5685
9789
9792
1601
5698
9795
1603
5699
1606
9807
9808
9809
1618
1620
1623
9818
5724
9821
9823
5728
5729
5733
5735
1641
9837
9843
5748
1654
5754
1658
1659
9852
5759
9857
5763
9865
5770
9868
5773
1681
9873
9875
9878
9881
1689
5786
5788
5792
1698
5795
1701
1702
1703
5800
1705
1706
9906
1715
5815
1720
9912
5819
9915
1725
5821
9919
5824
9922
9927
9930
5837
1743
9935
5845
1749
9942
9945
5854
1760
9952
5859
1763
9955
5860
5862
9958
5869
1774
9966
5871
1775
9968
1776
5879
1786
5883
5885
9986
1796
1801
1804
5901
5912
1818
10010
10012
1824
10016
5921
5923
5924
10023
10026
5931
5938
10034
1846
10039
10046
5957
1862
5963
1868
5964
5966
1873
5969
5970
1876
5977
10074
10076
1886
1888
1889
5985
10081
10083
10089
5996
1900
1901
6000
10101
10103
10105
6009
10106
1916
6013
1925
10119
1929
6025
10121
10122
6026
1933
10126
6031
10128
10130
10137
6041
6043
1947
1948
6045
10142
6047
6049
1957
10152
1963
10156
1965
1966
6064
10160
10162
6067
10163
1976
6073
10172
6080
10178
1990
10184
10185
1993
10189
6097
6102
6103
10200
6106
6107
2012
2016
6116
10213
2027
2029
2030
10223
6127
10225
2034
10229
2045
2047
10245
10247
6153
10250
6156
10255
2064
6160
6164
6172
6177
2084
10278
6185
2094
6194
2100
10293
10297
6203
2111
6212
10310
6218
2127
2131
2133
10328
10334
2142
2143
6239
6242
10340
6245
6246
10344
6249
6250
2160
6257
10353
6258
6259
2163
10357
6262
2166
10359
2169
10362
2171
6281
6283
10379
10381
2191
10384
10385
2194
2196
2203
2210
2213
6311
6317
10418
10427
2241
10433
10435
6343
2249
6345
2251
2252
6349
6350
6351
10447
10448
2257
10449
10450
2259
10454
2262
6360
2264
2265
10458
2272
2276
6372
2279
6376
6377
10475
2292
10487
2296
6393
2300
6398
2303
2304
6405
10503
10505
2315
6412
6415
2320
2323
2324
6420
6421
10517
10519
6424
6426
2331
6427
10524
2333
6431
2336
6432
10532
2342
2344
10538
6445
10549
10550
2359
10553
10554
2363
10555
10557
2365
2366
6464
2369
6469
2373
10567
2375
10568
10569
10573
2381
6479
6482
10582
6486
6488
6489
2395
6493
10592
2401
2407
10601
6506
10602
6510
10606
10608
6518
2423
2427
2428
6525
2430
6528
10625
6529
10626
2439
2441
6538
2447
6547
2451
2452
10646
10648
2459
10651
2460
2461
10653
6558
2463
2468
10661
2469
10667
6577
2482
10674
6580
2484
6586
6587
10683
6589
2494
10686
10687
6592
2502
10697
10699
2509
10701
2513
10709
2518
2522
6623
6624
10721
6627
2531
2532
10725
2534
10726
6630
10727
6631
2536
10733
10734
2543
10736
2544
10739
10740
6646
2551
10743
10745
2553
2556
2559
6655
2560
2562
10754
6659
6669
2573
6676
10782
2590
6688
10784
6689
10789
2599
10798
6704
2609
10802
10806
6712
10810
6715
6717
10817
2628
2630
6730
6731
10829
2637
6736
2640
10834
10837
10850
6755
2662
2665
6763
6766
2670
2672
6770
6772
2676
6773
2678
2680
2687
10882
10885
10886
6793
6798
6799
10897
2708
6805
6808
6813
2718
6814
10911
6815
6816
2721
2722
10916
6821
10919
2732
6831
10927
6833
2737
6837
2741
2742
6846
10948
2756
6853
6855
10952
6857
10954
10955
10957
6864
6866
6867
2772
2773
6871
10967
10968
10970
10971
2784
10978
10979
10980
6884
2789
6887
10983
2792
10984
10987
10988
10989
2798
6894
2801
6898
11004
11006
11009
11010
6915
6917
6918
6921
2826
2827
6923
11019
11021
2831
2834
6932
6936
2841
6940
2845
6941
11038
11041
6945
11044
6948
11046
6952
2858
11051
2860
2862
2863
2865
6962
11059
2868
11062
6968
2875
11073
2882
11076
2886
6984
2889
11083
6989
2894
2895
11089
6993
6994
11090
2899
2900
11093
2901
6997
11094
2902
11097
2908
11104
11106
7012
7014
2925
7021
11117
7022
2930
2935
2936
7033
11134
2942
11136
7043
2947
7045
11143
7050
7053
2960
7060
2967
2968
7067
7069
11166
2976
7073
2984
11177
11180
7088
2993
7091
2997
3007
7103
3008
11203
7107
11204
11207
11211
7117
3023
11219
3030
7126
11223
3037
11229
7133
3039
3041
7140
11236
3046
7144
7146
7147
3052
11244
3053
3054
11248
3056
7155
3063
11256
3065
3067
11259
3076
3077
7174
11274
11275
7183
11282
7188
7190
3097
7194
11293
3101
3103
7199
3106
7206
11304
7209
7211
11307
3120
11314
3122
7221
3128
7224
7225
3132
11324
7230
3139
7238
3144
7241
11338
7244
3151
11344
3154
3155
11350
3162
3166
11364
7269
7270
11372
7279
7281
3186
7287
11386
7290
3203
11397
7302
11400
3208
7305
7306
11405
11412
7320
3225
11419
3231
11428
3237
7336
3240
3242
11438
11440
3249
11442
7346
7350
3254
7352
3257
7356
7357
3263
7362
3266
7363
3273
3274
7371
11467
11468
7373
7374
11476
11478
3288
3295
11488
7392
3297
7398
7399
3304
3305
3307
3308
7405
3310
11503
7408
7409
3320
3323
11520
3329
11521
3332
7428
7431
3342
7439
11538
3351
7448
7449
11546
3362
11554
7466
11563
7467
11569
11571
7475
11573
7477
11576
7480
7482
11580
7486
11585
7489
11587
3400
7497
11593
3403
7502
11598
3406
11599
3411
3422
11616
3426
3430
7526
3432
3433
7529
3435
3437
3438
11632
3442
7545
3455
3456
7552
3457
7553
3459
3461
7557
11653
11657
3467
3468
7565
3471
7574
11672
7584
3491
3496
11690
7595
11691
11693
7601
11698
11700
3508
3510
3512
7609
7610
11707
7613
7614
7616
7617
11716
7621
3526
7626
7630
7631
7633
11729
3537
3538
11731
3540
11733
3542
7638
7642
11738
11740
3548
7645
11744
3555
11748
11749
7655
7660
7662
3566
11760
7668
11770
3578
7676
11775
7680
11776
11777
7681
11778
7682
7683
3589
3590
3592
7691
11792
7699
7702
7703
3608
11801
7707
3617
11809
7716
3620
11813
3621
7718
11814
7719
11816
11817
7727
11824
7732
3640
7742
11841
11843
11848
3660
3662
11857
7764
7768
3675
7773
7776
11875
11876
11877
11881
11884
7789
11889
11890
7794
11892
3701
7798
7799
3707
3713
3714
3715
7815
3722
7825
3730
7832
11929
11931
7847
7848
3752
11946
3754
3756
11952
11955
3763
11956
3766
3768
11960
7868
11966
7877
3781
11974
7882
3787
7885
3790
7887
3791
3794
7891
3810
3811
12003
7916
12016
7928
7932
7933
3838
3842
12040
12044
7948
3854
3855
7953
12053
7960
7963
7964
12060
7970
7973
7974
3884
3885
12079
3890
3891
12087
12088
7993
12090
7994
3901
12100
8005
12101
12102
12104
3912
8013
3922
12114
3923
12116
3929
8027
3932
8030
12127
12128
3939
3942
3950
12142
3954
12147
3958
3960
12154
8060
8065
8067
8068
3972
8073
12170
12176
8081
12178
8082
8084
8085
12184
3992
8090
8095
8100
12197
4006
4008
4010
8110
8111
8115
4024
4026
12218
12221
4029
12224
8129
8135
4040
8136
4043
8142
12239
4050
8146
8147
12246
8152
8153
12250
8154
8155
12256
12257
12259
4067
8163
12262
8167
8168
12269
8175
4080
8179
4084
12278
8183
8190
21
384
32
97
98
2
101
71
74
11
76
398
367
50
274
115
53
22
57
121
410
94
