414
4
1029
1033
11
1036
12
1040
20
1045
22
23
1049
28
1053
1060
1062
39
1063
1067
43
1070
46
1071
1072
1074
1077
1078
56
57
59
1083
61
1086
63
1090
67
68
1092
69
1093
1094
73
1102
1103
79
1110
1111
1112
88
1113
1118
95
1121
100
105
1130
107
1131
1137
115
1141
1143
120
1144
1149
1153
132
134
1159
1162
140
1165
1167
1168
1169
149
150
1174
154
1178
1181
1186
1190
166
167
1193
1196
1200
1203
1204
1205
185
187
1211
189
192
195
1219
1222
200
1225
1228
1229
207
208
1233
215
1239
1242
218
221
1248
225
1249
1251
1254
1255
233
236
1260
238
1264
1267
1269
248
1272
1273
250
251
1275
1277
253
254
1280
259
260
266
270
272
273
275
276
1303
1306
282
283
284
1310
1311
289
1313
290
1315
292
1316
1317
1318
296
1322
298
1323
300
1326
302
1327
305
1330
309
1334
1338
315
1344
320
321
1345
1346
1347
324
328
329
1357
1360
1361
1362
342
1371
347
349
352
355
1380
356
1381
1383
1384
366
1392
371
1396
372
380
1406
1409
1410
387
1411
1413
1415
394
395
1420
396
397
1422
1423
1424
401
402
1426
1427
408
410
1435
1438
1443
422
427
1451
1453
430
1454
431
1457
1461
437
1463
439
1466
1472
1474
451
1478
454
455
1480
459
460
1484
1485
463
1487
1489
466
1491
468
1494
1495
1498
475
477
480
1505
1512
490
1514
1516
1518
1521
497
498
1526
1531
507
1532
1534
1535
512
1536
1537
517
1546
523
1548
528
1553
1554
535
537
539
1565
542
1566
1567
1570
547
548
550
554
1579
1583
559
1586
1589
566
1595
571
578
582
586
593
594
596
598
600
602
604
612
613
618
622
630
634
638
639
647
652
654
662
680
681
687
689
691
696
698
705
723
730
747
754
757
763
764
768
773
778
788
791
792
801
802
808
812
818
820
824
825
832
843
844
847
848
849
851
852
866
869
873
876
879
880
882
883
890
891
903
905
906
907
908
909
910
919
922
925
931
932
937
953
957
960
961
962
966
970
973
976
977
981
983
984
985
989
991
994
997
1001
1002
1004
1007
1009
1011
1015
1021
109
0
1
2
4
260
9
267
16
273
19
21
278
23
279
28
284
285
33
35
39
295
296
42
298
45
46
47
305
308
53
309
311
55
64
322
67
323
68
324
327
333
77
334
79
338
339
83
340
85
89
92
349
95
354
100
102
103
104
363
365
109
111
368
113
115
371
379
380
124
125
127
131
133
135
137
138
142
145
146
153
154
156
158
162
167
168
173
177
179
182
191
199
200
203
211
212
221
224
225
231
237
239
240
241
246
247
250
251
255
