621
1024
1027
2051
1028
5
1032
9
10
1036
2060
13
2062
15
2064
16
2065
17
18
2066
19
1044
21
23
2071
24
2073
29
30
1058
34
2083
1060
1061
38
1064
1066
42
1067
45
46
52
53
1077
1079
1080
2106
60
61
63
64
2112
65
67
2116
1092
69
70
2120
1097
2125
1103
80
2130
1110
2135
2140
94
95
2146
2149
2151
1129
2154
107
2155
108
1133
110
1135
2160
113
114
2163
1139
2164
2165
2168
1144
121
2169
2170
1150
128
131
2183
1159
138
1163
139
2188
143
2193
147
2195
1176
2203
156
2205
158
159
161
2209
162
2211
1190
166
1192
2217
2220
2221
1198
2223
1204
1206
1207
184
185
2233
2234
2237
1215
191
1216
2244
1220
1222
198
2247
1225
2250
202
1226
203
2252
211
2259
1237
215
2263
217
2266
2272
225
1250
227
228
1252
1253
229
1257
233
1258
235
1262
2287
1266
2290
1273
1274
1276
252
2302
1278
2304
1282
2309
2311
1287
2317
271
1297
2321
275
2323
277
1301
1303
2328
281
1306
283
1309
2333
2334
290
291
1316
292
2343
2344
297
1322
299
1324
2348
2349
1325
1327
304
2353
307
309
2360
2361
1343
1344
2368
321
2372
325
326
1354
1359
337
1362
338
342
2390
2391
1369
2396
2397
350
1374
2400
353
354
2403
355
1379
357
2408
1386
1387
2414
1392
2416
1393
2417
2418
1396
2421
1397
375
2423
1401
377
380
381
2433
1410
1413
1414
391
1415
1416
2441
2442
396
1420
1421
1422
398
2447
400
2449
403
2452
1428
405
2454
1431
2455
2456
1432
409
2458
410
2459
413
416
417
1444
421
1445
1446
2470
1448
425
1449
2474
2475
1452
1453
1457
436
2485
2488
1464
2493
2494
1470
447
448
1472
1474
2498
2499
452
455
1479
2507
462
2511
464
465
2513
2515
2518
471
2520
476
1501
2525
477
1502
1503
2532
1508
2533
1511
487
2538
2541
493
494
1520
497
2546
1522
2547
2548
2549
1527
506
2556
1532
512
2561
1537
514
1539
1541
1542
1543
520
1544
2569
2570
1546
522
2571
523
524
525
2573
527
528
2576
2579
531
1557
2583
1559
535
2585
2586
2588
1570
547
548
1573
2601
1579
2603
2604
2610
564
2612
2614
1590
1593
570
571
2621
573
2625
1605
1606
583
2632
1608
1609
2634
2636
2637
589
2638
591
593
1619
2643
595
2645
1621
598
600
1624
1625
1627
1628
606
2654
607
1632
2657
610
1636
612
2661
2662
1638
614
1639
616
2664
1644
1645
2670
1647
625
2673
2676
2677
630
1655
1656
2680
633
637
1662
1666
1667
1676
1677
656
1680
1682
1685
662
665
1690
1694
671
672
674
1698
1700
679
681
1712
689
1715
1717
696
698
699
1725
704
1729
706
710
1738
1745
722
1746
724
1752
728
729
1761
1765
1768
744
745
1772
752
1776
753
1778
1779
1783
1787
764
1789
765
772
773
1799
779
782
783
1819
1821
798
802
1827
1828
810
813
814
1845
822
1850
830
834
1859
839
840
1864
845
1876
856
862
1886
865
866
868
873
1898
874
876
1900
877
1903
1904
1908
1911
889
1914
893
901
902
1926
905
907
1932
1938
1939
917
922
925
1950
926
928
1955
1958
1959
1960
1961
940
946
947
1971
950
959
960
1984
961
962
963
1989
968
969
1994
973
1999
976
978
980
2004
2008
2009
986
2015
992
2018
2019
1002
2028
2029
1006
2031
2034
2036
2039
1016
2041
1018
2044
1020
8
80
33
37
69
71
8
28
31
