226
2
3
515
6
1030
523
15
1041
1043
539
544
545
547
548
1061
1578
44
45
558
1585
50
54
55
56
571
1595
1086
1600
579
67
68
580
581
1605
70
1608
1098
1611
587
77
81
1106
1108
87
1112
1624
1114
92
604
611
1125
102
1639
1129
107
1643
1132
1135
1650
627
1656
634
124
1152
132
1668
134
142
1679
1680
1168
1170
149
665
667
1693
157
160
1185
1703
170
173
177
178
1720
1721
699
704
1730
709
711
200
712
716
1745
723
212
727
1752
218
1245
222
224
1763
739
1769
745
754
250
1792
773
1289
1812
277
789
790
1303
1818
1307
1820
1822
290
1314
1830
299
1324
1838
1329
1330
307
1331
1845
309
1334
830
1855
1344
1860
325
1350
326
1351
1353
1356
1868
332
849
1876
852
340
1879
1884
866
1379
868
361
1900
1901
1392
370
891
1404
1408
897
899
1923
1412
1926
1927
1417
1418
395
1939
1428
916
1944
1435
412
1437
415
417
932
1956
1444
420
933
934
1960
936
1452
1454
942
434
1974
439
954
1978
1467
443
1471
960
962
451
457
969
458
464
467
980
2014
480
2016
2018
1511
2025
1002
1009
1011
2036
1013
1525
1527
1017
1530
1532
2047
13
32
65
98
5
37
135
8
146
83
149
119
158
94
