213
3
6
522
1034
2058
15
2065
1043
2067
532
547
1578
558
1585
50
54
56
569
1595
571
1086
67
68
70
1095
1608
74
587
81
1106
1108
1109
87
1624
600
1625
1114
604
96
1636
102
1639
105
618
107
1644
1132
113
627
115
1143
1656
1145
634
635
124
132
1671
1672
649
142
1679
1168
1170
1172
1684
149
665
1693
160
1185
1702
1703
170
1195
1710
1715
183
1721
186
699
1723
1730
1220
709
1222
1735
1224
716
1745
209
727
218
1243
1245
222
224
1252
229
745
1769
234
1773
1792
1281
773
1289
1803
1807
1812
789
1813
277
790
1818
1819
1310
1822
1830
1318
807
1324
301
1837
1838
1326
819
309
823
1336
1855
1344
1860
325
326
1350
1351
843
331
1356
1872
849
852
1365
343
1879
859
860
863
362
876
1900
370
372
1909
379
380
897
1412
1926
1927
1417
1418
1426
1427
1939
1428
1943
1944
412
1437
415
417
1443
932
1444
933
1960
1454
1974
439
954
1467
1471
962
456
969
458
461
974
1998
2001
467
980
2014
480
2016
2018
999
2023
2025
1002
493
1517
498
2035
2036
1525
1013
1527
506
1532
2047
13
32
71
135
8
44
76
111
81
149
119
55
56
122
