188
1792
1281
2
3
2051
773
6
1030
1289
15
18
1043
1812
1813
277
789
790
1818
1307
539
1820
1822
1314
1572
1830
1318
550
1578
554
1324
45
1837
1838
558
1329
1585
50
1331
309
1845
54
823
55
56
569
1595
571
1086
1855
1344
68
1860
581
325
1350
326
1351
1608
587
332
1356
849
1106
852
1108
1879
87
1112
1624
1625
1114
859
860
604
1884
352
866
1379
1125
102
1639
618
107
1643
1644
1132
1900
876
1901
1135
627
372
1656
1145
634
379
891
124
1152
1408
897
899
1412
1668
132
1926
1927
1671
1417
1418
142
1679
1168
1170
1939
1172
1428
1684
149
1944
665
412
156
1437
157
415
160
417
1185
1956
420
933
1703
1960
936
173
942
1454
178
434
691
1716
1974
439
1720
1721
954
1978
699
1467
1471
1730
451
1735
456
969
458
716
464
1745
467
723
1748
980
727
1752
218
1245
2014
222
480
2016
2018
1769
2025
745
234
1002
1773
754
2036
1013
1525
1527
250
506
1532
2047
11
32
98
83
149
71
119
135
56
8
94
158
