234
2
3
6
1030
15
1043
544
547
548
1060
1061
550
1578
45
558
1585
50
564
54
55
1595
571
1085
1086
1600
67
579
68
580
1605
581
70
1608
1098
587
1611
1100
81
1108
87
1112
1624
1114
604
92
611
99
1125
102
614
1639
1129
618
1131
107
1132
1644
622
1135
627
631
1145
634
124
1660
132
645
134
1671
137
650
651
142
1679
1168
1680
149
1176
665
667
668
1693
670
160
170
173
177
178
696
1721
699
703
1730
709
711
712
200
1224
1738
716
1745
722
723
212
727
1242
218
222
224
1763
1769
745
1775
754
1272
250
763
1792
773
1289
1803
787
1812
277
790
1303
1307
1820
1313
290
1827
1830
299
1838
1329
1331
309
1334
830
1855
1344
1856
1860
325
1350
1351
1868
332
849
1876
852
855
1879
1880
859
1884
352
1890
1900
876
1901
1392
370
1396
372
1408
897
1412
1926
1927
395
1422
911
1939
916
1428
1944
1435
412
1437
415
417
1441
1442
1956
932
1444
933
934
1960
1963
941
1454
944
434
1974
439
954
1467
956
1469
1471
1986
962
964
969
458
1997
464
467
980
982
1503
2016
480
2018
998
1511
488
1002
1519
1010
1011
2036
1525
1013
1527
2040
1017
1530
506
1532
1021
2047
14
32
131
37
5
135
39
146
83
19
117
119
56
94
158
