226
1025
2049
2
3
515
6
1030
523
15
2065
18
1043
544
545
547
548
1061
1578
44
45
558
1585
50
564
54
55
56
569
571
1595
1086
1600
67
580
68
1605
70
1608
1098
587
1611
77
81
1619
1108
87
1624
1112
600
1114
604
92
611
1125
1639
107
1132
1135
113
627
115
1656
633
634
635
124
1152
1668
134
136
142
1679
1168
1680
1170
1172
1684
149
665
667
156
1693
160
1703
170
173
178
1715
691
1716
183
1720
1721
186
699
1730
709
1735
711
712
200
716
1745
723
1748
212
727
218
222
224
739
1769
745
234
754
250
1792
1281
773
1289
1812
1813
789
790
1303
1818
1820
1822
1314
1830
1318
299
1324
301
1838
1330
307
309
1334
823
1855
1344
1856
1860
325
1350
1351
1353
1868
332
1356
849
852
340
1876
1879
860
1884
863
868
1385
361
1900
1901
1392
1910
1404
1408
897
1412
1926
1927
1417
1418
395
1939
916
1428
1943
1944
1435
412
1437
415
417
932
1956
933
934
1960
1963
1452
942
1454
946
1974
439
1978
1467
443
446
1471
960
448
456
969
458
974
467
980
2014
479
480
2016
2018
1511
1002
1009
498
1011
1525
1527
506
1530
1532
2047
12
32
65
83
5
37
119
71
135
55
8
122
158
