213
2
3
1029
6
1034
2058
522
15
2065
18
1043
532
33
547
1578
558
1585
50
54
571
1595
1086
1600
1603
579
68
580
1605
581
70
1608
587
81
1106
1108
87
1624
600
1625
1114
92
98
611
99
102
1639
107
1132
1644
113
627
115
1143
634
635
124
1666
1668
1156
132
1672
138
142
1679
1168
1680
1172
149
665
667
670
160
1185
170
173
1715
1721
698
699
1730
1220
1735
711
712
200
716
204
1745
723
1748
727
1752
1245
222
1758
224
1252
1767
1769
745
234
1773
241
1792
1281
773
1289
1803
274
1812
1813
277
789
790
1303
793
1818
1307
1820
1822
1318
1830
1838
1331
309
1334
823
1855
1344
1856
1860
837
325
1349
1350
326
1351
331
1356
1359
849
1876
852
1877
1879
860
863
1385
362
1900
1388
876
367
1392
880
370
372
379
383
1408
897
1412
1926
1927
395
397
1939
1428
916
1943
1944
1435
412
1437
415
417
1442
932
1956
1444
933
1960
1454
942
434
439
954
1467
1471
448
962
456
969
458
1998
974
464
467
2016
480
2018
2025
1002
498
2036
1525
2038
1527
1530
507
1532
509
2047
12
32
96
83
37
149
71
135
119
122
43
94
111
