221
1536
1025
1538
3
2052
6
1545
1034
15
1043
532
1046
544
545
547
548
1060
44
1581
558
561
1585
564
54
56
569
571
1595
572
573
1086
1600
1089
68
580
1605
1093
70
1095
1608
1096
74
587
1108
87
1625
92
604
98
99
611
1636
102
1639
617
107
619
108
1644
1132
1133
627
1143
634
124
132
645
646
1672
649
141
142
1679
1680
1168
1170
1172
149
665
667
670
160
1185
1703
1192
1706
170
183
186
699
1730
707
1220
1735
200
712
716
204
206
1745
722
723
727
1752
218
1755
1243
222
1247
224
1251
1252
1767
1769
745
234
1773
241
1792
1281
258
773
776
265
1803
274
787
1812
1813
789
790
1303
1818
805
1830
1318
299
1324
1838
309
1334
823
316
1855
1344
1860
325
326
1351
331
1872
849
852
1876
1879
860
1373
350
1385
362
874
363
1900
367
1392
1912
1400
379
897
1412
1926
1927
1417
1418
395
1939
1428
916
1944
1435
412
1437
415
417
932
933
1960
1963
1452
1454
948
439
954
1467
1471
456
969
457
458
461
1998
2001
980
2014
480
2016
2017
2018
2023
2025
1002
2036
1525
1013
1527
1530
506
507
1532
1021
2047
13
96
32
129
37
71
135
8
76
111
149
119
55
63
