176
1792
1281
1025
1538
2
3
773
6
1030
1289
1034
15
1043
532
1812
789
277
1813
790
1818
1820
1822
1310
545
1314
547
548
1060
805
1830
1318
1578
1324
45
1838
558
1329
50
1331
309
54
823
55
56
1595
571
1086
1855
1344
1603
68
581
325
326
1350
1351
1608
331
587
332
1356
1359
1106
1619
1876
1108
852
87
1879
343
1112
1114
860
1884
604
96
611
1636
1125
102
1639
616
105
362
874
107
363
108
1132
1901
1135
627
119
1912
634
379
124
383
1408
1152
897
1668
1156
132
1412
645
1926
1927
1672
395
141
142
1168
1939
1172
1684
1428
1944
412
1437
157
415
160
417
1185
674
1956
933
1702
1960
173
942
1454
434
178
439
1721
954
1467
699
445
1214
1471
1730
1220
1222
1735
456
969
458
716
1998
1745
467
1748
980
727
1752
218
1758
222
2016
480
2018
1767
2025
745
1769
1002
754
2036
1525
1013
1527
506
250
10
32
83
149
71
119
44
94
158
111
63
