206
2
1538
3
2051
1030
6
522
15
2067
1046
539
545
547
548
1060
550
1578
45
558
1585
50
54
55
1595
571
1086
67
68
581
70
1608
587
81
1108
87
1112
1624
1114
604
98
99
611
1123
1636
1125
614
1639
618
107
1132
1644
108
1135
627
1143
1145
634
124
1152
1671
142
1679
1168
1172
149
665
667
1693
670
160
1195
173
178
1716
1720
1721
1723
699
1730
709
1735
200
1224
716
1745
723
1748
727
218
222
229
745
1769
234
1775
241
754
250
1792
773
1289
1803
1812
1813
790
1307
1820
1822
805
1830
1318
1324
1838
1329
1331
309
823
1336
316
1855
1344
1860
325
1350
326
1351
843
332
849
852
1876
1879
859
1884
860
1887
352
866
1379
874
363
1900
876
1901
367
372
1909
1912
891
380
1408
897
899
1412
1926
1927
1418
395
1422
1426
1939
1428
1944
1435
412
1437
415
417
1443
1956
932
420
1444
933
1960
936
942
1454
434
1974
439
954
1471
451
456
969
458
464
467
980
2015
480
2016
2018
2025
1002
493
1010
1525
1013
2038
1527
506
507
1532
2047
12
96
32
81
98
83
135
119
71
56
158
94
63
