29
64
1
2
68
5
6
13
15
18
19
23
26
27
31
35
37
38
39
40
41
42
43
46
51
57
58
59
62
63
118
256
257
258
4
260
264
13
269
15
16
17
273
276
21
22
279
24
27
283
29
31
289
34
290
35
292
37
293
42
302
303
54
57
58
60
64
65
66
69
70
73
76
77
78
79
80
83
85
88
94
95
96
98
108
109
110
111
113
115
116
118
119
121
122
123
124
126
129
132
133
136
138
144
148
149
150
152
155
158
161
163
167
168
172
174
175
178
185
186
187
188
189
192
195
196
197
199
202
204
208
209
214
216
222
225
226
229
231
232
237
238
239
242
245
247
248
249
254
