29
1
2
3
4
68
5
69
6
9
12
13
14
18
19
20
23
27
32
35
37
39
40
42
44
46
50
52
55
59
115
0
1
257
258
3
4
260
262
7
264
9
10
12
268
269
15
20
276
21
22
24
280
281
283
284
29
30
33
35
36
292
293
38
294
40
296
41
298
48
50
51
52
55
57
70
72
73
77
80
89
91
94
95
96
100
101
107
108
111
112
114
118
119
120
121
122
124
125
127
129
139
141
144
148
150
151
154
161
163
167
169
170
172
180
182
184
185
187
190
191
192
194
200
201
203
204
205
211
222
223
228
229
232
233
234
237
238
239
241
243
245
247
248
249
252
