34
0
64
1
65
2
66
3
4
7
8
9
14
17
19
20
23
24
26
29
31
32
33
37
39
40
42
43
44
45
46
47
51
54
62
127
256
257
2
3
259
4
260
5
261
6
262
263
266
267
14
16
272
22
23
279
280
26
285
286
33
289
34
35
36
292
38
295
40
41
297
298
43
44
300
45
46
302
47
303
49
50
52
53
55
57
60
61
63
64
65
76
77
78
80
81
82
83
87
89
91
99
100
103
104
109
110
111
112
113
117
125
128
129
131
135
139
141
144
145
147
150
155
156
160
161
163
164
170
173
175
178
180
181
184
185
189
196
197
199
202
204
205
206
207
208
210
211
215
216
220
228
233
234
236
237
239
240
241
242
249
252
255
