32
1
4
68
5
69
6
9
13
15
17
19
21
23
31
33
35
37
38
40
41
42
43
44
45
46
47
48
50
51
52
62
63
128
0
257
258
3
259
4
7
263
265
266
268
269
15
273
274
19
20
276
278
279
24
25
282
27
283
29
285
30
31
32
33
290
35
291
293
294
295
40
41
42
298
299
301
46
47
303
48
50
54
56
59
60
61
63
65
71
75
77
80
85
86
87
88
94
95
100
104
105
108
109
111
112
113
114
115
123
124
129
130
131
132
133
139
142
144
148
157
158
161
166
167
170
171
175
178
180
182
185
187
188
189
193
196
197
199
204
205
206
207
209
212
215
219
225
226
229
233
236
238
239
243
244
246
249
250
251
253
255
