29
0
64
1
2
66
3
68
5
9
15
18
23
26
29
31
32
33
38
39
40
42
44
46
50
51
54
55
62
63
116
256
1
258
3
4
260
6
262
10
266
11
267
268
13
269
15
16
273
276
277
22
278
279
280
282
27
32
288
290
35
291
293
43
45
302
49
50
51
52
57
58
60
64
66
71
78
79
82
88
89
90
91
93
96
101
103
104
106
107
109
111
112
113
116
124
125
131
132
141
144
145
148
152
153
154
155
162
166
168
169
171
172
176
177
178
180
187
191
196
198
200
201
202
207
212
213
214
216
221
222
226
227
229
230
231
232
235
236
238
243
246
247
248
250
254
255
