228
512
0
1542
1547
2060
524
1037
527
528
2064
1042
531
2067
2069
1046
2070
539
2079
543
547
36
548
1576
553
554
2090
45
557
2095
1073
561
50
51
565
54
60
2109
2110
578
1091
1098
1099
1106
596
85
87
1117
606
95
2144
1635
1126
2150
2153
107
620
2157
624
1650
2165
630
631
633
2169
2171
2172
1156
1158
134
135
2183
1160
1162
144
1172
149
2199
2205
162
678
2214
1703
172
2227
2229
694
2232
186
1722
1212
2239
2240
707
708
2246
710
2247
1736
713
202
2250
714
1231
721
722
213
732
220
1757
224
225
227
1253
230
743
1768
744
1260
238
1263
1777
251
764
1280
267
779
1804
781
1296
1808
274
1813
1301
1309
286
798
1310
801
804
807
1831
1832
1322
302
303
1327
816
817
818
1331
1340
1855
321
833
326
1863
1355
333
1360
1876
853
1877
341
342
857
350
1888
1377
867
1381
357
876
1901
1912
1402
1917
895
1924
1412
903
393
1933
1934
400
1425
917
1431
1947
412
414
1952
1440
930
1444
1445
427
1966
431
946
1458
435
437
1974
1976
1977
1468
447
1983
1479
458
1995
460
978
2004
2005
984
990
478
2016
1505
2017
1512
488
1520
1017
1019
509
2047
2
17
9
