161
512
1026
1282
773
261
1801
2060
1037
527
528
16
1041
529
1811
1304
2072
1049
1562
31
1569
1313
1315
1062
1831
2087
552
1065
809
1322
42
557
2094
816
2099
1587
563
1076
564
1080
1849
314
1340
829
318
578
1861
326
1864
842
1868
589
591
1362
85
1877
87
857
348
1373
1885
605
2143
2144
1377
1889
98
867
1124
356
1125
2149
1126
1640
873
1900
1135
1395
1908
1653
374
634
1402
381
1661
638
126
2175
2177
1924
389
2182
903
1416
653
1934
1167
2191
400
1424
922
2202
155
670
1440
1444
681
1963
172
940
1454
1199
432
1202
434
1204
1973
181
438
1210
2235
1983
191
2240
705
1219
708
1477
710
2246
712
713
2250
722
467
2005
214
726
2010
220
1501
2013
735
1760
2016
994
739
1764
229
1766
998
230
489
1258
234
1002
238
1777
246
1016
762
251
1
60
