256
0
1025
2049
1538
1026
2052
516
2056
1035
1547
2060
13
527
1041
531
20
534
535
1048
2074
539
2079
2083
1062
551
560
2099
1076
2100
1078
54
567
1080
569
2106
2110
1598
1599
64
1090
580
1605
2120
1609
73
1098
1101
2128
1623
1626
606
1631
1632
609
97
610
1124
2151
1642
108
2159
1649
2164
2165
630
1145
1146
634
2171
1660
1151
2175
129
131
1160
1162
1164
144
1681
1170
1682
659
660
1172
1685
1688
157
673
165
678
1191
680
1193
1195
1711
1713
691
2232
1210
189
1726
1219
707
2246
1734
1737
201
714
1739
1231
1744
720
1746
722
212
213
726
215
729
1757
1249
227
739
742
744
234
750
238
752
1777
1778
1271
1272
251
1787
1275
767
1281
257
778
779
269
1805
271
1808
274
788
789
1815
1304
794
1306
1820
1309
286
1313
1314
1315
1318
1831
1322
298
816
311
1847
1851
829
836
326
1351
840
329
1867
1868
845
1872
848
336
1874
1876
1366
343
857
861
355
1382
876
877
1395
372
886
1910
1402
384
1412
392
393
905
1931
908
1932
1933
1934
911
400
1424
1937
1427
1943
1431
1434
925
1440
427
1453
1454
431
946
1973
1974
1465
954
1981
957
1470
1983
960
449
1477
1989
1479
970
1995
466
1491
979
2004
1496
985
989
990
2017
1512
492
2029
494
1519
2033
1013
502
1016
504
1017
2042
1531
2047
2
68
29
