1129
2
2052
4101
2056
2057
4106
4107
12
4108
4112
2065
2066
23
4121
2074
2075
4124
4126
31
2081
35
4131
4132
4133
2085
40
2090
4142
48
4145
4147
2100
53
55
2103
56
4154
2107
4156
4158
2112
67
2118
2123
76
78
4175
80
2131
89
4185
2137
90
4187
2140
2142
94
95
4193
4194
2147
2149
4197
102
110
114
115
2167
120
4216
122
4219
2171
2172
4220
2173
4223
127
128
2180
2181
134
135
2183
142
2192
147
154
2204
4252
2205
4261
166
2214
168
4268
173
4272
4274
4275
4276
2230
182
2231
2232
2234
4282
4290
2243
195
4293
4296
201
4301
4303
4316
2268
2269
223
4320
4321
226
4324
232
2282
4331
236
2284
4332
2286
4334
4337
242
2290
243
4342
2296
248
249
2300
2302
256
2306
4356
4358
264
2313
2317
270
273
274
4373
278
2327
4376
4378
289
4387
2342
4392
297
4394
2348
4396
2350
303
2351
2353
4403
2361
316
2364
2365
4415
4417
2372
327
4425
333
4432
4434
2386
339
342
4438
2390
345
2394
2395
349
4447
352
2402
2403
359
361
2410
2411
4460
367
2415
4465
4466
4468
4469
374
4471
2428
381
2432
385
4483
4486
4487
2440
4489
2441
2443
395
4493
2445
398
4494
4496
4499
404
406
4504
408
4506
412
4509
413
4510
2467
420
422
4520
2473
2478
4528
432
435
2485
4535
2487
2490
4538
2491
443
446
4544
449
452
2501
2503
456
2504
457
2506
4554
2508
4557
465
4562
466
2515
4563
2517
474
476
4573
4574
479
2527
2528
2530
484
492
494
4590
2543
496
498
4596
2549
504
4600
506
4603
2556
4605
4615
2567
4616
4617
4622
2575
2576
4625
4626
2579
532
2582
535
536
2587
2588
4636
541
2592
2597
4648
552
4649
4650
2605
558
4660
4661
4665
569
570
4666
4668
2621
4670
4672
2626
578
2628
4676
2629
581
4679
4683
2638
2641
4689
593
2643
4691
4693
2647
600
4699
603
2654
609
4706
4707
4712
4713
4716
4717
4719
2671
2672
627
4723
2675
4724
2676
2677
4727
632
2681
4729
634
2683
4731
4732
2685
2686
643
4739
2692
2694
4747
4751
655
2704
4752
658
660
662
666
667
4763
2716
2717
4765
674
2723
2724
676
2726
679
2728
2734
4782
4783
687
2737
2742
695
696
4793
702
2751
2754
4803
708
710
2762
4811
2763
4814
2767
2768
2771
4821
2776
4828
733
4830
735
2784
736
4833
4835
2788
4838
4843
4844
753
2801
4849
4851
758
4856
760
2808
2809
762
4859
764
2812
4862
4863
2816
2819
772
2821
2822
4872
777
4875
780
2829
786
4883
792
801
803
2851
2852
804
2853
2858
4907
4910
2863
4913
821
4918
4920
825
2874
827
2875
4924
831
4928
2883
4931
837
838
840
4938
2894
4943
852
4949
2903
856
2904
4954
861
4958
2915
868
2916
4965
4967
4969
4970
874
875
2925
2927
2929
4979
2932
2933
4982
4983
2937
889
4987
893
4989
894
4990
896
2944
4992
4993
2948
901
5000
2953
5003
2956
2960
914
2963
918
919
5016
921
5022
2974
2975
5025
931
932
2980
933
934
5031
2987
5035
940
942
5039
2992
2993
5044
2999
953
959
960
961
5058
963
3015
5063
3017
971
3019
5072
5078
3030
982
3034
5082
3035
5085
990
3038
5087
3043
3044
996
5094
3046
998
3048
5102
3057
1010
3060
1014
3063
5111
5115
1019
1022
1023
5120
5123
5125
1029
1031
3079
3080
5129
3091
3093
5141
1046
5143
1050
5147
3100
1055
1056
5153
1057
3107
5157
1062
3111
1063
1065
1069
5165
1070
1071
1073
1074
5175
3129
5178
1085
1086
5182
3134
1087
5183
1088
1089
1091
3139
5188
1096
1097
1098
3148
3150
5207
1111
3160
5208
1114
5210
5211
3165
5214
3168
5219
1125
5223
1128
5224
5226
5227
3181
1135
5235
1139
5237
5238
5239
1143
3192
1148
5248
5250
5252
3204
3207
5255
3208
5259
5261
3213
5264
3217
3218
1171
3219
5270
1174
5272
3229
1182
3232
3234
1186
1190
3241
1196
3244
1200
1201
3252
5307
5309
3263
5311
1217
3267
1221
5317
3270
1224
5321
1226
5323
1227
3279
1232
1235
5334
3287
1240
1241
3291
1243
3292
3295
5346
1251
3300
3302
1256
5352
1259
3307
5356
1260
1261
1263
3312
1264
1266
1267
3315
1268
3316
3320
5370
3326
5374
1281
3329
5377
3330
1282
3331
1284
5381
1286
3338
1290
3339
1292
5391
5392
3346
1298
1299
3348
5398
5399
5400
5401
3358
1310
1311
1315
5411
5412
1317
3366
1318
3367
3370
3371
5421
1326
5422
1327
1332
5434
3386
5436
5440
5441
3394
1347
3397
5447
1351
3400
1353
1355
5452
3410
1362
1364
5461
3414
1369
3419
3420
5469
3422
1377
3426
5474
1380
1382
1383
5484
5488
5489
3441
5490
3443
5493
1398
5494
5496
3448
5498
5505
5507
3461
1415
3464
3466
1420
1424
5523
3479
5527
1433
1434
3482
1435
3483
5533
1441
3493
1446
5543
1452
5552
5555
1462
3510
5560
5561
3514
1467
1469
5566
1470
3519
5569
1473
1474
3523
5574
5576
1481
5578
3530
3531
3532
1491
3539
1493
1494
3542
3544
3546
3548
1500
1501
3554
1513
3562
1516
1519
1520
1521
3569
3571
1528
3577
3580
1532
1533
3583
1537
1540
1543
3593
3594
3595
1548
3597
1550
3599
1552
1554
1556
3613
1565
1569
1575
3626
3627
3628
1581
1582
3633
3638
3639
1600
3649
3652
3653
1609
1611
1614
3664
3666
1619
3668
1620
3672
3677
3680
3682
1635
3683
1637
1642
3692
1648
1649
1650
1657
3707
1660
1661
1662
1663
3715
3717
1670
3719
1671
1680
3730
1683
3732
3738
1699
1700
1701
3750
1703
3752
1707
3758
3759
1712
3763
3765
1723
3777
3778
1737
3787
3789
3791
3792
1744
3793
1746
3795
3796
3797
3798
1751
1753
1755
3804
3805
1766
3816
3818
3819
1774
1775
3824
3826
1779
1792
3848
3851
3853
3855
1807
1810
3858
1815
1816
3865
1817
1819
1820
1823
1829
3877
3878
3879
1834
3885
3886
1838
3887
1840
3890
3891
3894
1849
1851
3902
3907
3908
3911
1865
1867
3917
1870
1872
1873
1878
3928
1880
3937
1893
1895
3957
1909
3958
1910
1914
1915
3965
3970
3971
3978
3979
3984
1946
3995
1948
3997
4002
4004
1956
4007
1960
4009
1961
4017
1972
1973
4022
4029
1983
4032
4033
4034
4035
1989
1990
1995
4046
1999
4047
2002
2003
4051
2004
4052
4053
4054
2007
4056
2009
4058
4062
4063
4066
2019
2020
2022
2023
4073
4075
2028
2030
2033
4083
2036
2037
4085
4087
4090
2043
31
323
68
5
262
74
395
268
333
274
275
85
277
152
345
92
31
95
355
38
231
107
109
45
175
303
311
121
251
60
380
255
