1412
1
4
4103
8
2057
2058
10
4106
4107
4108
2065
2069
4118
23
27
2075
28
4124
4125
4126
31
2080
32
2081
4130
4131
4132
4133
2085
2086
39
40
2090
45
46
4142
2095
4145
49
4146
51
4147
55
2103
56
4154
2112
2114
70
4169
2121
2122
2123
78
2127
4175
80
4177
2131
4181
4184
89
4185
4186
90
91
4188
2140
2141
2144
2147
102
4201
4203
4204
2157
2158
2159
112
2165
118
4217
2171
123
124
2172
2173
126
2176
4225
131
132
4229
134
2183
2188
4236
4238
2192
2193
147
4244
2197
4245
4246
4248
4249
153
154
2204
157
2205
2206
4257
164
4261
2214
4262
167
4264
168
2217
2220
173
174
2222
4272
4273
4275
179
180
181
4278
184
2234
4284
4285
2240
4288
2241
4290
4291
197
4293
4294
4296
201
4298
204
4301
2255
208
210
212
2268
220
222
2270
223
2272
4320
4321
226
4324
229
2277
2282
4331
235
4332
2284
2286
2287
2288
4337
242
2290
243
4340
4342
2296
248
249
2300
252
4350
4351
4353
2306
4355
259
4356
4357
2309
4358
2311
2312
2313
2314
4363
2315
4364
270
273
4370
2324
4372
276
277
280
4378
2334
2337
290
4388
2342
2343
2347
4396
4397
4398
303
2352
4400
305
306
307
2355
2361
315
316
2366
319
4417
321
322
2372
327
2379
4428
333
4431
337
4434
2386
4437
342
2393
2394
347
2396
2397
4446
2399
4447
352
353
4451
2403
357
2409
361
2410
2411
4460
4461
365
2414
4462
367
4463
4465
4469
374
4471
2425
378
2428
2432
4480
385
4481
386
2434
4483
2435
2436
4484
388
389
4485
390
2439
4489
2443
2445
398
4494
400
2449
2451
2452
405
4507
413
2465
418
420
422
2470
4519
426
4526
431
4528
433
2484
437
4533
2486
2488
2490
443
2491
2493
446
448
4544
2496
4545
451
452
4550
456
4553
4556
2509
2512
465
4562
467
469
2518
470
4567
471
2520
2523
476
4573
4574
2528
2529
482
484
2536
490
492
2542
494
2543
495
496
2545
4595
499
2549
4597
504
2552
4602
506
4603
2556
508
512
2561
515
4612
516
2564
4615
4616
2568
520
521
4620
2576
530
2579
2580
532
4629
2583
4632
4634
539
4637
542
2591
4641
4642
2597
4645
4647
4649
4650
4652
556
2604
2606
558
561
4660
2613
4662
4663
2616
570
571
4667
574
4671
4673
578
2628
580
2629
4678
2631
4680
2633
4681
2635
593
4690
4691
4695
2649
2652
606
4702
607
609
2657
4706
4707
612
615
4712
4713
4714
618
2667
4717
623
2672
627
2676
630
631
632
634
4732
637
2687
639
2690
2692
645
4743
648
2697
649
2698
4747
651
653
2702
4751
2704
4752
656
4753
659
4756
666
667
668
2721
2726
679
4777
4778
2731
683
2734
4783
687
2737
692
4788
4789
4791
695
696
697
2745
699
701
703
2751
4800
2754
707
2755
708
4804
2756
4806
710
2760
4809
2763
716
4813
4814
2767
2768
720
2772
725
4821
4825
4826
4828
2781
4830
734
735
2783
736
2784
4834
2789
2790
4840
2792
4841
4842
2796
751
4850
4851
2804
757
758
4856
2809
761
4857
762
4861
765
766
4863
767
2815
4865
2817
771
772
2820
2821
4872
2824
4875
780
4878
785
786
789
795
2844
2845
798
2847
4896
2848
4897
2850
803
4900
805
806
2856
4904
2862
4910
2863
815
4913
819
4917
821
4918
824
825
2874
829
4926
2880
2883
837
2885
4934
4936
840
841
843
844
845
2896
4946
4947
852
4949
2901
2903
856
4952
861
4957
2912
2914
4963
2916
868
870
4966
872
4968
4969
2921
4970
874
875
2923
2927
2929
881
4978
2931
4982
4983
2936
2937
889
4987
2941
893
896
2949
5003
2956
5005
2960
2963
5011
5013
5016
5017
5018
2971
924
926
5022
2974
928
2977
929
931
2980
5029
933
934
935
936
2984
938
2989
942
5039
943
2992
946
2994
2995
947
5044
2998
5048
953
954
957
958
960
962
963
3012
5061
5063
5065
5066
3020
974
3023
5073
5074
980
981
3029
5078
982
3033
3035
5085
5087
3044
996
3045
5093
3048
5097
3051
1004
3054
5103
3057
5106
1010
1012
3060
3061
1013
5111
5112
1017
5115
1019
1024
5121
1025
3075
5123
3076
1029
5127
3083
5136
3089
5138
3091
5139
1043
3092
3093
5141
5147
5148
3102
3103
1056
1057
5153
3107
3110
5158
3115
1068
1069
1071
1073
1074
3125
5173
1079
3129
5177
3130
3133
1086
3134
5182
3135
1088
3137
1089
1090
3139
1094
5192
1096
1097
5194
1098
5195
3147
3148
1100
3150
5199
3151
5200
1105
5204
5205
5206
1111
3159
5207
1114
5210
3163
1117
3165
5214
1118
3166
1119
3167
5216
1121
3169
5219
1125
5221
1129
5226
5227
1131
3180
1132
3181
1133
3182
3183
5231
5232
1136
1137
3187
1140
3188
3189
5239
5240
5241
5243
1147
1148
3196
3199
5248
1153
3202
3204
3207
1160
3208
1163
5259
3216
5264
5265
5266
1173
1174
1177
1178
5277
1181
1182
5278
3231
1183
5279
3234
5283
3239
5287
5291
3243
1196
3244
3245
5294
1200
5297
1201
3252
5301
3254
1206
5303
3257
1210
1211
3259
1212
5311
1215
1216
5312
5313
1218
3267
1221
3270
1223
3271
1224
5320
3273
1226
5323
3276
1232
5329
1235
5334
3287
1241
3292
3293
3295
5343
1247
5346
1251
5347
1255
1256
5355
1260
5358
1263
5359
3312
5360
1267
1268
5365
3322
3326
3327
3328
1281
5377
3330
3331
3333
1285
5383
5384
1290
3340
1292
5388
3342
5391
5392
1296
3346
5395
3348
5397
5398
1303
5400
5401
1306
3355
5403
1308
3356
3357
1311
3359
3360
5409
1314
5410
1315
1317
3366
1318
3367
1320
3370
5419
1326
5422
1327
3376
5425
3377
1330
1332
1333
5429
5431
5436
3388
3389
5439
1343
3391
5442
3394
1347
3396
3397
5445
5447
3401
1353
3402
3404
3405
5454
3406
5456
1363
3411
1364
5461
3414
5463
3417
3418
3420
1375
3424
1377
1381
1382
3431
1383
1384
5483
1387
3436
5484
1389
5488
1395
1396
5493
1398
5495
5496
1400
3448
1401
3456
3458
3460
3461
1415
3465
5513
3466
5515
3469
5519
3471
1424
3472
5524
3477
1429
1430
1431
1434
1436
1437
1439
1441
1442
3491
1446
5543
3499
3505
5555
3507
1460
1461
3510
1462
5560
3513
5561
1467
1468
1469
5566
5569
3521
5571
5572
3525
5574
5576
3530
3532
3533
3536
3539
1491
1492
3544
3545
3547
1500
3549
3551
1509
3558
3560
1513
3562
1515
1517
1519
3569
1522
3572
1524
1525
1527
1528
3577
1530
3580
1533
1535
1536
3585
3587
1540
3590
1544
3593
1546
3595
3597
1550
3599
1551
1552
1556
3606
1559
3609
1563
3611
3612
3613
1566
3616
1569
3624
3625
3626
3627
1580
3629
1582
3633
1588
1594
3643
1596
3648
1601
3653
3657
1612
1613
1614
3666
1619
1623
3676
1636
3691
3692
1647
1650
1651
3701
3705
3709
1662
3711
3716
1670
3719
1671
1676
1678
1680
3732
1688
3738
3740
1693
3743
3746
1698
1699
1700
1701
3749
3750
1703
3751
1704
3752
1707
1708
3757
3758
1712
1716
3765
1723
1724
3776
1731
3779
1732
3782
1739
3787
1742
3791
3792
3793
3795
1748
1751
1753
1757
3806
1761
3811
3813
1766
3816
3818
1770
1775
1777
3826
1779
1781
3830
1784
3832
1785
1786
3837
3838
3841
1795
1797
3846
3847
3849
1802
1803
3851
1810
1812
1814
1815
1816
3865
1817
1819
3868
1820
3870
1823
3871
1828
3877
1830
3879
1834
3882
3886
1838
3889
3890
1843
3891
1844
3893
1851
3907
1861
3909
1864
3913
3914
3915
3917
1872
1873
3921
1874
1875
3924
1876
3927
1881
1883
3934
1886
1890
3938
1892
3944
1902
1904
1907
1909
3958
3959
1911
1912
1915
3964
3965
1917
1920
3970
3971
1925
1926
1927
3984
3987
1941
3993
1947
1948
3997
4001
1956
4005
1958
4009
1962
1963
4016
1969
1973
4023
1979
1981
4029
1982
4032
4033
1990
1995
1996
1999
4047
4050
2004
4052
4053
4056
4058
2011
4062
2017
2018
4066
4071
2028
4079
2031
2033
4082
4083
2036
2037
4086
4088
2041
4090
2043
4091
2045
2047
35
257
258
323
132
134
136
328
395
77
335
208
17
344
153
282
92
286
224
164
102
297
170
107
300
301
175
112
240
371
181
123
189
254
382
383
