1342
2
2051
4100
4
4101
2053
2057
4106
15
4112
2065
2067
2069
23
24
4121
25
2075
27
28
4125
4126
2080
4130
35
4131
2083
40
2088
2090
4145
2097
55
2103
56
4154
4158
4159
2112
66
2115
67
4166
72
2121
2122
4175
4177
2131
83
86
89
90
91
4187
2140
93
2143
96
4193
4194
2147
4195
2149
102
2153
4203
2155
107
2156
2157
2158
2160
4211
115
2166
2167
4216
121
2171
4220
2173
4223
2176
4225
2178
131
4228
2181
134
135
2184
2185
2187
4236
2188
4239
145
4241
2194
4242
147
4248
4249
4251
2206
2211
2214
166
168
2217
169
2220
172
2222
175
4272
178
4274
4275
180
4276
182
4278
2231
185
2234
4284
2240
2241
4293
2247
4296
201
2250
2251
2252
2261
213
216
2268
221
2269
2270
222
223
2271
4320
226
4324
229
2277
232
4329
2286
4336
241
242
4338
2290
243
244
245
4342
2296
248
249
4349
4350
254
4351
2305
2306
4354
4357
2309
4358
4359
4360
2313
4363
4364
273
4370
274
2322
277
279
4378
2331
4380
2333
2334
2335
288
4387
4388
2342
296
297
4394
2347
4397
2350
303
2352
2354
2355
4408
315
316
4412
4415
4417
4418
322
325
4422
327
4431
4432
2384
337
2385
2386
4434
341
342
343
4440
344
2394
2396
2397
4445
2398
352
2403
357
4453
2410
2411
4459
4460
2414
2415
4465
372
2424
2427
2428
382
4478
383
4480
385
2434
2435
2436
2437
4485
390
2441
2443
2445
4494
398
4497
4499
2451
2452
2453
406
407
4504
2459
418
2466
420
2468
2469
422
426
4523
429
4525
431
432
433
2484
2488
2491
2492
2493
446
448
4544
452
2502
454
2505
457
2506
2508
4556
2511
4561
465
4562
466
4564
4567
471
4568
2520
4569
474
2523
476
4572
2524
4573
4574
2527
4576
2528
2529
481
483
484
2532
485
4582
2536
490
493
498
499
501
4598
502
504
2552
4600
506
508
2556
4605
4608
512
513
4610
2564
4614
520
2569
4620
2572
4623
2576
530
532
536
4635
2587
2588
4636
4637
543
2593
4642
4643
2595
4644
2597
4645
549
4647
2600
4649
4650
4651
4653
562
4660
2613
567
2616
570
4667
572
2621
2622
4673
578
4675
4676
2628
582
4680
4681
4683
587
2638
593
594
4692
4694
2646
4695
600
2649
2651
603
2652
604
605
4702
4704
2657
4706
4707
2659
2661
2665
618
4714
2667
2669
623
4719
2672
2673
627
2676
4724
2679
632
4728
634
4732
637
2685
2687
639
2692
646
2696
2697
2698
4747
653
4750
2702
4751
4753
659
4756
4759
2712
2714
667
2715
2717
4767
2721
2726
679
4777
4778
2734
4782
4783
2735
687
2737
4789
694
695
697
699
700
2751
4800
2754
707
4803
2755
2756
710
713
2762
4810
714
4811
4814
719
721
4818
2772
4821
4822
2776
4825
2777
4826
730
4828
733
4830
734
736
2792
746
748
2799
753
4851
757
758
2808
761
4857
762
4859
765
2814
4862
767
4863
2817
2818
772
4869
2823
4872
2824
777
4874
778
4875
780
4879
783
4880
784
2834
786
2838
4887
800
2848
801
4897
2851
803
4901
4904
2856
2857
2859
4909
2863
4911
4913
819
4918
4921
825
2877
829
2878
2883
4931
838
4934
840
4937
841
843
2892
2894
2896
4946
851
4949
853
4950
856
2904
2907
4956
861
4957
2914
4963
868
870
874
4970
4971
875
2923
2927
879
2929
4977
2930
4978
882
884
2932
4982
889
2937
4986
4987
891
4990
2943
2944
4993
2950
4998
5000
2953
2954
5003
917
918
5014
5016
2968
921
5017
5019
5022
2974
927
2975
2979
2980
932
934
5031
936
938
2987
5035
5038
942
943
2992
2994
947
5044
948
2998
2999
5047
5048
954
957
959
3008
5056
5057
5058
963
3011
3012
3013
5063
3018
5069
974
3023
5074
3026
978
980
3029
981
5078
3030
982
986
3035
5084
3037
3038
3039
992
3042
3044
996
5093
3045
5094
3047
1000
3051
1004
1010
5106
3061
1014
5111
5115
1019
3070
3071
1024
5121
1031
1033
1036
5134
5136
3089
3093
5142
1047
1050
5147
3100
3102
1055
5153
5154
3107
1060
5158
1065
3115
1069
1070
5167
5168
3120
1076
1078
3127
1079
3129
1082
3130
3133
3134
1086
5182
1089
3137
5187
3139
3140
3141
1096
5192
1097
3145
1098
5197
3150
1104
1105
1107
3155
5206
5207
1111
3159
3161
1114
5210
5211
1116
3165
5214
1119
5216
1121
5219
1124
3175
3176
3177
1129
3178
1131
5227
3181
1133
3182
5232
3187
3189
5238
3191
3192
1144
5242
1147
1148
3199
5248
3204
5253
3207
1160
1166
1167
5266
3218
3219
3220
1174
5271
1176
1177
3225
1178
3229
1182
3231
5279
1183
3232
3234
1187
1188
3238
1192
3241
5291
1196
1197
5294
1199
1200
5297
1201
3251
3255
5303
3256
3259
3260
5309
3261
3262
5310
1216
1217
5314
5318
3270
1224
5320
3272
3273
3274
5323
1232
1235
5332
5334
5335
3287
1241
5338
3291
3292
1245
3293
5341
5343
3295
1251
3300
3301
1255
1256
1260
5357
3311
1263
5359
1268
5364
5365
3320
5368
5370
5372
3326
5374
3327
3328
1281
5377
3331
3332
1284
1286
5383
1287
1290
3338
5388
1292
3340
5391
5392
1296
3351
1303
5401
3355
1308
3357
3358
1310
1312
1315
3364
1317
5413
1318
1319
1320
5421
1326
3374
5423
3376
5425
1331
1332
5429
1333
1334
1335
5431
5434
5436
5438
5439
3392
5441
5443
1348
3396
5445
3397
1349
5447
3400
5448
3401
3403
3404
5453
5454
1359
3410
5458
3411
1363
5461
5463
3415
3417
5466
3418
1371
3420
3422
1374
5471
3424
3425
3428
1381
1382
5478
3431
1383
1384
5483
5484
1389
5487
1392
1395
1396
5494
1398
5495
5496
3448
5498
3453
3456
5505
1410
5506
5509
1413
1415
3465
5515
3468
3469
1421
5519
1424
5521
5524
3477
1430
5529
3481
1434
3482
1436
5532
1437
5536
3490
5538
1446
5542
5543
1447
3499
1452
1453
5551
3505
1458
5555
1459
3509
1461
3510
1463
3512
5560
3513
5563
1468
5566
5569
1473
5572
1477
3526
1478
5577
1481
5578
3532
3533
1487
3536
1489
3539
1491
3544
3545
3548
3549
3550
1503
3553
1505
3554
3558
1510
1511
1513
1516
1517
1519
1521
3572
1524
1527
3577
1530
1531
3579
1533
3582
1535
3584
1536
1537
3587
3589
1543
3593
3595
1550
3599
1553
1558
1560
3609
1562
1563
3613
3616
1569
3622
3624
3625
3626
3627
3628
1580
3629
3631
3633
1588
1594
3643
3647
3648
3651
1604
1609
3657
1611
1614
3664
3666
1619
1620
3670
3674
3679
3682
3683
1636
1637
3686
3690
3691
3692
3693
1648
1649
3697
1651
3700
1656
1657
1664
3714
3715
1669
1670
3719
1671
1672
3722
1678
1680
3728
1681
3730
3733
1689
3737
3738
1691
3742
1699
1700
1701
3750
3751
1703
3752
3757
3758
1712
3763
1716
3766
1719
1723
1724
1728
3777
1731
3779
1732
1734
3785
3786
3787
3789
3792
3795
3798
3800
1757
1758
1766
3814
1770
1771
3820
1774
1775
1776
1781
3830
3832
3837
3838
3841
3845
1797
3848
3853
3854
1807
3858
1810
3859
3860
1816
3865
3868
1823
3873
3877
1830
3878
3879
1834
1840
3889
1841
3890
3891
1843
1844
3893
1847
1849
3898
3902
3903
1858
1861
3913
3917
1869
3921
1873
1874
1875
1876
3930
1884
3932
3934
1888
3937
1892
1895
3950
1902
3951
1909
1910
3959
3960
3961
1913
3965
3967
1920
1927
3977
1931
3980
3982
3983
3984
1939
1943
1948
3997
3998
3999
4004
1960
4009
1963
1965
4016
1969
4023
1980
4029
1981
1982
1985
4035
4036
1988
1990
2002
2003
4052
4055
4057
2014
4063
2018
4066
2022
4076
2028
4081
2033
4082
2036
2037
4086
2038
2039
2040
2043
4091
4095
34
323
3
196
134
328
203
333
77
142
16
17
274
83
19
340
341
277
85
87
412
29
415
96
354
36
100
102
47
240
112
180
183
57
122
