1186
2048
4096
2050
4098
2053
4101
4103
2057
2058
2063
16
4113
18
2070
2071
2075
27
4126
2080
4129
36
4133
38
40
45
4142
47
2100
52
55
2103
61
63
4159
4160
2112
66
2114
4163
70
71
2119
4168
2122
4178
83
88
4184
89
4186
91
4187
2139
4188
2141
96
97
98
4194
2147
2149
4198
2156
108
4208
113
115
4213
119
2168
4216
122
2171
2173
4221
129
2177
4225
4227
4231
136
2185
2188
4236
4237
141
2191
2194
147
151
153
154
2206
158
159
164
167
4264
168
2217
178
4275
2231
184
2232
2233
2234
195
4293
204
2255
207
209
4309
217
2265
218
4314
2268
4317
224
2272
2273
4321
228
4324
2278
234
235
237
4333
4336
2290
242
4339
243
4342
246
2296
248
249
4346
253
4354
2306
4355
4358
2311
4363
2316
2318
273
4371
275
2324
2326
4378
2334
2335
4383
288
2337
4387
2341
297
4394
4396
4397
2352
304
2355
4403
2358
2359
4408
2361
4409
316
317
4417
324
2374
331
2382
4431
2383
4432
4433
2386
2387
4435
2388
4438
342
2391
2393
4442
4443
348
2398
2399
352
2402
4451
355
2403
357
4454
358
359
2411
364
2413
2414
2415
368
4465
4468
374
2422
4472
377
379
2428
384
2432
4480
2433
2435
4484
4485
389
391
2441
2445
2452
4501
4502
406
4504
413
2466
2467
420
4517
421
4519
424
4523
429
432
433
4530
4532
2486
2488
2491
2492
2493
2496
2497
449
451
4549
2501
454
4553
2507
2508
461
2509
4562
4563
474
476
478
2527
479
2528
2529
482
4580
2536
4588
2541
2543
2545
498
4601
4602
2556
4606
4610
2563
4612
516
4613
4614
4615
2568
4616
522
523
2575
4626
530
4627
531
4628
2580
532
536
2584
537
541
542
4638
543
2591
546
2594
4643
4644
4649
554
4650
2605
4653
2606
559
2608
561
4660
2613
4662
4666
570
572
4669
2625
4673
578
579
580
2628
4680
2635
589
2638
598
4699
2655
611
4707
4714
4715
4716
622
2671
623
2672
2676
2677
4726
2678
635
4732
4736
2689
4738
643
4739
2692
4740
4742
4743
2698
4747
651
4750
4751
4753
4756
666
667
4764
2716
2717
671
673
2722
676
4773
678
4777
4780
2732
4782
2734
686
2737
691
4791
2743
695
4793
2745
2746
699
4795
701
2750
2751
2754
710
4806
2759
4809
2761
2762
4814
2767
4815
2770
2771
4819
725
2773
2774
730
732
4828
733
2781
4831
2784
2790
744
2792
2796
4844
749
753
4849
4850
755
2806
4856
2808
2809
762
2811
4859
4861
765
4863
2819
4868
2820
772
2821
775
776
777
4874
4875
2831
783
4884
4887
797
4896
2848
2851
803
805
2855
2857
2858
810
2863
2864
4913
4914
2866
2867
4918
825
4924
4926
2878
4927
2881
834
2884
4933
2885
838
2888
4937
2890
2892
845
2895
4943
4946
4947
852
2901
4949
856
2904
861
2910
864
866
4964
2917
4966
872
4969
4970
2922
4973
4974
4975
2927
879
2929
4977
4980
4981
886
4984
2937
890
4987
4989
4990
4993
906
5003
907
5005
5007
5009
2964
919
920
5017
2969
2970
5018
5019
2972
926
5022
927
5027
2980
932
933
935
5032
2984
2988
941
942
5039
944
947
2997
2999
5048
952
3004
3005
957
5053
959
962
5058
3012
971
3021
975
3024
980
981
982
5078
3030
984
5081
3035
3038
5087
993
994
5093
5094
3048
1001
3050
1003
3054
5102
3055
5104
1010
5106
3062
1014
1015
5112
3065
5114
5115
1020
3069
1023
5120
1025
5123
1029
5125
1031
3080
5131
5132
3084
1039
5136
5138
5139
5141
3093
5145
3098
1050
3103
1055
1056
5153
1059
1060
3110
3113
5163
1069
5165
3118
1071
5168
5169
1074
5173
1079
3129
3130
1085
3133
3134
5182
1086
1089
3139
5188
5192
1096
1097
3147
3148
1101
1102
5204
5206
3158
5207
1111
3160
1112
3163
5211
5214
5215
5216
3169
5217
1124
1126
5222
1127
5225
5227
1132
3181
3182
1136
3186
1140
3189
5237
5238
5239
1143
1146
1147
5244
5246
5249
5252
3204
3205
5255
1160
1162
5259
5261
1166
3215
1168
5265
5266
3218
3219
5267
5268
3222
5270
1175
3224
1178
1179
3228
1180
5277
3229
1182
1183
3233
3234
3235
3240
3241
1196
3245
1200
3252
5301
3254
1207
5303
1208
3257
1209
3259
3260
5309
3262
5311
3263
1215
1221
3270
1223
1224
5320
1226
3276
1228
5327
3280
1234
1235
5333
3286
5334
5336
3289
5339
1243
3292
5341
1247
5343
3295
1251
5347
3300
3302
5353
3305
1260
5356
3313
3315
1268
5365
5369
3323
5372
1279
3327
1281
1286
1289
3338
1290
3340
1292
5389
3341
3342
5391
1295
3346
5395
3348
3350
5398
1302
1306
3355
1307
1309
5407
3359
5408
3360
1315
1317
5416
5417
3369
3370
1323
3372
1324
5421
1326
1328
3377
5426
3380
1333
3382
1339
3388
5437
1341
3389
5438
5442
3395
1347
3396
3397
5447
1352
3400
3403
3405
5454
1361
3410
1364
3414
5464
3418
1370
3419
5469
3422
5471
3424
1377
1382
1383
1385
5485
1389
3437
3439
1392
3440
1393
5490
3443
1396
5492
3445
5496
5497
5499
3451
3452
1407
3455
3456
5504
3457
1409
3458
1410
5507
1415
3464
5515
3468
5519
1424
3472
3474
1428
3477
1430
3480
1434
1436
1440
1441
5539
5540
1446
5542
1449
5547
1451
1452
5555
5556
3510
1468
5564
1469
5566
1472
5569
5571
3523
1475
5572
1477
1478
5578
3532
1486
3539
3541
1493
3542
3544
1497
1501
3551
1505
1507
3558
3559
3561
1515
1516
3568
3575
3581
1533
1536
1540
1541
1544
3593
1547
1548
1550
3606
1559
1560
3609
1566
3614
1571
1572
3624
3627
1582
1587
1594
3643
3644
1596
3645
3655
1610
3658
3660
1614
3664
1617
3666
3672
3676
3680
3681
1636
3684
1638
3693
3697
3698
3701
1656
3705
1659
3711
1664
3714
3715
3719
1674
3722
3723
1680
1685
1687
1688
3738
3746
1700
1701
1703
1706
1707
3758
1714
3763
1717
1718
1721
3770
3772
3773
1725
1726
3777
3778
1732
3782
1735
1738
3787
1741
3789
3791
3792
1744
3796
3800
1753
3804
3805
1757
1760
1761
3809
3810
1765
1766
1767
1768
1770
1774
1775
1784
3834
3841
3844
3845
3848
3853
1805
1807
3856
3857
3858
1810
3860
3861
3865
3868
3869
3870
1823
1827
1828
3878
3879
1835
3886
3895
3897
3901
3902
1857
3908
1860
1861
1864
1870
3919
3920
1874
3923
3926
1881
3937
1889
3939
3941
1895
1896
3944
3951
1904
1909
1910
1913
3962
3967
1927
3977
3979
1934
3984
1936
3995
1947
1948
1949
1950
1951
4001
1954
1955
4004
4008
1964
4016
1972
4022
4027
4029
1981
1984
4035
1994
1998
4047
2001
4050
2002
4052
2005
4055
4056
4059
4060
4063
2017
4066
4067
2023
4073
4079
2031
4081
2033
2035
2036
2037
4086
2040
2043
4091
2044
2047
31
2
324
327
11
139
332
12
396
77
333
334
207
401
210
147
212
343
215
280
216
286
350
96
290
355
229
230
115
55
188
254
