1020
2051
4101
2057
4106
4107
12
4108
15
4111
2066
4117
4118
4121
2075
27
29
2077
2078
2079
31
35
4132
2085
4133
40
4137
41
44
2093
45
4145
4147
2103
55
4156
4158
2110
67
2122
75
2123
2124
4175
4181
4183
89
4188
4189
95
2149
102
4203
4205
2158
2159
2160
113
4210
2163
115
116
2165
120
4217
4219
4220
128
2176
4225
2178
4227
133
138
4236
2188
142
143
4240
2192
145
147
4244
4245
4248
2200
154
2206
4254
166
4262
174
4272
178
4278
2231
2234
187
2238
2242
195
2243
4293
4296
2249
201
2251
205
4301
2256
211
212
4315
222
223
226
4324
229
2284
4335
2288
4338
2290
243
244
2296
248
249
4346
252
2302
4350
2306
258
4358
2312
4360
2313
273
4370
2322
276
277
2327
279
280
290
4388
293
295
4392
296
2347
4396
2348
4397
4399
2351
2352
2355
307
309
311
4407
4408
313
316
4415
320
328
4425
2379
4429
4430
336
4432
2385
2386
4439
2393
345
4441
2395
2397
352
4451
357
2409
361
2410
364
4461
2414
4462
2415
2418
4469
2422
377
4480
4483
2435
2436
4486
2443
398
4496
400
2449
4497
410
4507
414
4515
420
2470
4519
426
431
433
4533
2485
4534
4536
2490
2491
443
2493
4544
4547
2503
456
2505
4553
2506
4556
2509
4562
4563
468
4567
4568
2523
2524
476
4573
4574
479
2529
4579
483
484
4583
4586
492
2542
2543
2547
499
4596
500
2549
4598
4600
2556
4604
4608
515
4614
4615
522
2572
530
532
2582
4634
2588
4637
4639
4640
2593
545
2595
2596
549
4648
552
4649
4650
554
2604
4653
558
4656
4660
2614
4665
4668
4669
2621
4671
4672
2628
2631
4680
4681
2641
4689
594
4691
2643
4692
4695
4699
612
614
615
4712
4713
4714
2667
620
4723
627
2676
2677
629
630
4728
2681
4729
634
4732
2686
2688
2690
4739
647
2697
4745
4747
4751
2704
4753
4754
659
4756
662
666
2717
675
679
4777
684
2734
4783
687
4785
2741
2742
695
4792
2745
699
4797
2750
707
2755
708
2757
2758
710
2760
2763
4814
4818
4820
4825
2784
4838
743
2791
2792
745
746
4843
751
4848
753
757
758
760
2809
4859
765
4863
2818
772
2820
2821
4870
777
2828
2829
782
4883
789
2842
2846
2847
2848
801
802
803
808
2856
4906
2861
4910
2863
4913
4917
821
4920
825
827
4923
831
2882
835
4934
839
4935
4936
843
851
4947
4949
2901
854
856
4952
4954
861
4960
864
865
868
4965
2918
4969
874
875
877
2927
879
882
885
4982
2937
4987
2941
2943
2944
896
2947
4996
2949
903
5000
2953
5003
908
5004
2960
5011
2963
5013
5017
5022
927
928
5025
931
2980
5029
938
939
942
5039
943
948
2997
950
2998
5049
3003
957
959
960
963
5061
965
971
5069
5070
3023
3024
5074
980
3029
5077
5079
5080
3034
3035
3036
5084
988
989
5087
3043
5094
998
3047
3048
5097
3054
5103
3057
5105
5106
3060
1012
5115
1023
5125
1031
3083
3084
5136
5137
3091
3093
5147
5148
1056
5157
3111
1067
5165
1071
5168
3120
1073
1074
1078
1079
3129
5177
3130
5180
1085
3133
5182
1086
1088
1089
3139
1091
3140
1092
1094
5192
1098
5194
3148
1101
3150
3151
5206
1111
5207
3160
1114
3165
3167
5216
1121
3174
5227
3180
3181
1134
3183
1137
5235
5237
1141
3190
1143
5239
5241
1147
1148
5248
5250
5251
3204
5252
5256
1160
3208
1165
5264
1168
3217
5266
3219
1174
3225
3229
1182
5278
1183
3234
5283
5289
3243
5294
1199
1201
3252
5303
5309
1214
3262
5311
1216
1217
5314
5316
5317
3270
5320
1225
5323
5329
5330
1235
5334
1241
5337
5338
3291
3292
3295
3296
5346
1251
3306
5355
1260
3310
3312
3313
1266
1268
3322
3325
3326
3327
3328
1281
1285
5382
3338
3339
5387
3340
1293
5391
5392
1298
1299
1302
5398
1303
3351
3355
1307
1308
5410
1315
1318
3366
1319
3368
3370
3374
5422
1326
1327
5425
1332
1333
5429
3382
5439
5440
3396
3397
5445
5447
3400
1353
1355
3405
1357
3410
3412
3418
1370
5466
3424
1377
3426
1382
5478
1383
3431
5483
1389
5488
5489
1396
5493
1398
5496
1401
5506
5511
3465
5513
5515
5519
1424
3472
5523
3477
3478
5528
1433
1434
3482
1436
1437
5536
1442
3492
3493
1446
5542
1447
1452
1454
1456
5552
5553
5555
1461
1462
3512
5561
1468
5566
5568
5569
3523
5572
1477
3526
5577
3532
3537
3539
1495
1497
3545
1500
3548
3553
1514
1515
3567
3571
1524
3572
3574
1532
3580
1533
1536
1540
1543
1547
1548
3596
1550
1553
1554
3609
1563
3611
3612
3613
1565
3619
3624
3625
3626
1584
1586
1587
3635
3637
3638
3639
1592
3643
3646
1599
3649
3651
3653
1607
1614
3666
1619
3668
3672
3676
3679
3680
1644
1646
3695
1648
1649
1650
1653
3707
1660
3711
1664
3712
1665
3714
3716
1670
3719
1671
3727
1680
3730
1683
3732
3738
1691
1699
1701
3750
1704
3757
3758
3763
3765
1720
1723
3777
1730
1731
1732
1737
3785
3787
3788
3792
3794
3795
1753
1757
3811
1764
3815
1770
3818
1775
3824
1777
3826
3828
1781
3832
3837
3841
1795
1797
1799
1802
3851
1803
1805
3858
1810
3859
1812
3860
3862
1815
1816
1817
3865
1819
3868
1820
1822
1823
1826
3877
3881
3882
1834
3886
3890
3891
1843
1844
3894
3897
1851
3899
3900
3902
3907
3908
3911
1865
1867
1870
3919
3920
1872
1874
1875
3924
1878
1883
3934
1886
3938
3942
3950
1905
1906
3957
1909
1913
1920
3970
1925
1926
1931
3984
1941
1943
3992
3998
1950
4002
4003
1956
4005
1963
4017
4020
4025
1981
1982
1984
4032
4033
4034
1987
1989
4047
4051
2004
4053
2005
4056
4058
2011
4060
4063
2017
2019
2020
2022
4071
2033
4082
2036
2037
4086
4088
2041
4090
2043
4091
4095
26
257
197
265
76
77
17
83
88
153
29
31
225
33
107
301
175
111
307
180
248
122
251
380
316
253
190
