1285
0
2049
4098
3
4101
2053
4102
2057
4106
4107
4113
2065
4116
2069
23
2071
4121
26
4123
2075
2076
28
2077
2078
4126
4127
4129
4130
4131
4132
4133
2089
41
2090
44
45
4142
46
4145
49
2100
2103
55
4152
56
2106
4154
2109
62
63
4161
66
4163
67
4164
2116
2121
77
78
2127
79
2128
4177
82
2131
89
90
2140
96
2144
97
4193
2147
4198
102
4199
4200
4202
112
115
2167
4217
122
125
2173
2176
131
132
4229
134
136
4234
139
2187
4236
2188
141
2193
145
2194
147
2196
148
2197
4245
4246
4247
4248
153
158
4254
2208
164
4261
2214
166
167
168
2217
2220
173
4272
178
4275
2229
2231
2232
4281
2234
189
2240
4288
192
193
2241
4290
4293
197
2247
4295
201
4299
204
2255
2256
2257
209
210
2259
212
213
4313
217
4315
2268
223
4320
2272
226
4324
2278
231
2280
2282
2283
4332
2286
2287
4336
241
4337
2290
242
243
246
2294
2296
249
251
252
4348
2300
253
4349
2303
256
2306
4354
4355
2308
4356
4358
263
4360
2312
2313
2315
4367
273
4369
4371
276
4372
277
279
4378
4379
2335
288
2337
4385
2342
295
2346
4394
2347
4395
300
4396
4397
303
2352
2356
310
4411
316
317
4415
2369
4417
4418
322
2372
327
4428
333
4430
4431
4432
337
4433
4434
2386
2388
342
2391
4440
344
2393
2394
2396
2397
2398
4447
352
353
2402
2403
4451
2406
2407
4456
2411
4460
365
4462
368
4465
2422
2423
4472
2425
2428
4476
2431
4480
2432
385
4481
386
4484
389
4486
4487
4489
4490
2443
2444
2445
4494
2447
4496
2449
4497
4499
4500
406
409
4507
413
414
2462
2465
420
2470
4519
2471
2474
426
2476
2480
433
4533
4536
2490
2491
2492
446
2495
448
4547
451
452
453
4551
2504
458
2508
465
4562
467
471
2520
2523
476
477
4573
4574
4575
480
482
4579
484
2533
485
4585
4588
494
2543
496
2545
499
4599
504
506
4603
511
4608
514
515
2568
4618
523
4619
525
2578
2579
2580
2582
534
536
2584
4634
4637
541
542
2592
545
2593
547
4649
4650
2603
2604
4653
2607
2608
4657
561
4660
2614
4664
2616
4665
2618
571
4669
2623
4673
578
2629
582
583
4680
589
4687
2640
593
4690
604
4701
2653
2654
609
2657
4707
2660
4711
4714
2667
4716
4717
622
623
4719
2672
627
2677
4726
4727
2680
632
635
4732
2689
2690
4738
2691
4739
2692
4741
2698
4747
651
2700
2701
4751
656
4752
2704
2706
659
4755
667
4764
4765
4767
2722
675
676
4772
2726
679
4776
4778
2734
4785
689
2741
693
695
2743
4795
701
2750
703
2753
2754
4802
2755
4803
708
2756
710
4808
4813
717
2767
2768
4821
725
729
730
4827
732
2781
734
741
4841
4844
2797
751
753
2801
754
4851
4854
758
759
4857
4859
4861
2815
4865
2818
771
772
4872
777
4873
2826
4874
2827
4875
779
780
786
788
4886
792
2841
4890
2844
4893
4894
801
4899
803
806
807
808
2858
810
811
812
4910
4913
819
2867
4917
825
2873
4925
4926
4930
837
4933
2885
2888
4936
4937
2891
4940
2892
845
2895
847
849
2897
852
856
859
2908
2910
864
867
2916
4966
870
4969
2921
874
875
877
4974
4975
879
4980
4982
2934
4983
2936
2937
889
890
4987
2943
2944
899
2953
907
5003
5004
5005
910
5008
5011
5013
5017
921
2972
5022
926
928
929
2978
5026
2980
934
2983
936
2984
937
5033
938
5035
2988
941
5038
942
5039
5040
2992
946
2994
947
5044
2999
5047
953
3003
5052
957
5053
3006
959
5056
3012
5061
5063
5064
5066
971
3021
5069
3025
5076
3029
981
5078
982
5079
3031
3035
5083
5085
5086
5090
996
3044
5092
5093
3046
3048
1001
5097
1004
3054
5102
5103
3055
1007
5104
1010
5106
3060
5110
5111
3064
5113
1018
5115
1019
3068
5116
1023
3071
5120
5121
3075
5123
5125
3084
3085
3090
5139
3091
5141
1047
1050
3099
5148
5151
5153
1057
3107
5157
3110
3111
3113
3115
1069
3118
5166
1071
1073
1075
5172
3124
5173
3127
1080
3128
3130
3133
1086
1088
3136
3137
1089
3139
3140
5192
1096
5193
3145
5194
5197
3151
1105
3153
1107
5204
3158
5207
3159
1111
3160
1114
5210
3163
5211
1117
5214
3167
3169
1121
1122
3174
5222
1129
3179
1131
5227
3181
1134
3182
1137
3186
3187
5237
5242
5243
3199
5248
3204
1160
5259
3212
5261
3217
1169
5267
5268
3222
1174
5270
3224
1177
1179
5275
5276
1182
5278
5279
1185
5281
3234
5283
3238
1192
5289
1194
3244
1196
3245
3246
1200
3249
3252
3254
5303
1208
3260
5308
5309
3262
5311
3263
3264
1217
1218
5314
3266
5315
3267
3270
1223
1224
3273
1226
3275
1230
3279
1235
1237
5334
1241
1242
1243
3292
5340
3293
5342
5343
3296
5344
3297
1251
5347
3302
1255
1256
3306
1260
1267
1268
5365
5369
3322
5370
5371
5372
3325
5373
3326
1281
5377
3330
3331
5382
3336
5384
1289
5385
3338
5387
5389
5391
1295
5392
3347
1301
1302
3350
3351
5400
3353
5401
1306
5404
3356
1311
3360
1312
5410
1315
3363
1317
3365
3366
1320
5417
3370
3371
5419
5420
3372
1325
1326
3374
1327
5424
3376
5425
1332
3380
5429
3388
5436
3389
5438
3394
1347
3395
1348
5445
3397
3398
5449
3401
1355
3405
3410
1364
5461
3414
1366
1367
1370
3419
3420
5469
5470
5471
1377
1382
3430
1383
1384
1386
5484
1389
1395
1398
1399
5500
1407
5505
1409
5506
3460
3461
1413
5509
1415
5513
3466
5515
3469
5519
1424
3477
3478
1431
1434
1436
1437
5534
3487
1439
5536
1440
1441
1443
3494
5542
1446
1447
3496
1449
5546
1452
1453
3501
1458
5555
3507
1460
5556
3508
1462
3510
3512
5560
1466
3514
1467
3516
1469
5566
5571
5572
5574
5575
5576
5577
3530
3532
1486
3539
1491
3541
1496
3545
3548
1500
1501
1502
3553
3558
1513
3562
3566
1518
1519
3569
1522
1524
1528
3577
1532
3580
1533
3581
3582
3587
1540
1547
3595
1549
1550
3599
1552
1553
1556
3606
3607
1559
1560
3610
1563
3611
3613
1569
3627
3629
1582
3633
1586
1588
1594
3648
1600
3650
1603
1606
3655
1609
3660
1615
3666
1619
1621
3671
1627
3678
1635
3684
3685
3692
1646
1652
3702
1661
1662
1664
1666
1667
3716
3717
3719
1674
1678
1680
1683
1684
3738
3741
1697
3746
1699
1700
1701
3750
3751
3753
1706
3754
1707
1708
3757
1712
3760
3767
1722
1724
1725
1732
3787
1739
1741
1742
3791
1743
3792
3793
1746
1748
1753
3804
1758
1761
3813
1766
3815
1767
3816
1775
3824
3826
3827
1779
1782
3832
1786
3841
1795
1797
1799
3849
1803
3852
1804
3854
1812
3860
1816
3865
1818
3870
1823
1824
3873
1828
3877
1830
1834
3882
1837
3886
1838
3890
1844
3893
3896
1851
3899
3901
1853
3902
3903
3911
3917
3920
1872
1873
1875
1879
1881
3934
3939
3944
3948
3951
1909
3958
3962
1914
1915
3965
1925
1927
3978
1931
3981
1934
3984
3985
1941
1948
3998
1953
4003
4004
1957
4009
1961
1962
1963
4014
4016
1973
4025
4029
1983
1987
4035
1990
4041
1995
4045
1999
4047
4048
4050
4052
2004
4053
2005
4055
4056
4058
2012
4062
4066
2018
4067
2022
2023
4071
4072
4073
4074
2028
2031
4082
2036
2037
4086
2039
4088
4090
2044
4095
32
192
2
323
131
4
324
70
8
392
395
208
209
83
149
342
409
153
90
92
350
286
94
224
161
227
102
166
363
43
111
244
63
