1096
4097
2
2051
4100
4101
2053
2055
4104
2057
2058
4106
4107
15
2063
2065
2070
23
24
25
2075
2078
4126
31
2079
32
4130
4131
4132
2085
4135
2090
44
45
4142
4144
4145
4146
2100
4149
55
56
58
2110
2112
2115
67
4166
2121
4169
2123
4174
4177
4178
83
2131
4183
90
2140
2143
96
2144
4193
2147
4195
2148
102
4199
104
2152
4202
107
4203
4206
2158
2160
113
116
2166
120
4217
4220
2172
2177
2178
4227
135
4231
2183
2185
4234
4236
143
4240
2192
2194
148
4245
4248
2200
2201
154
4251
159
2208
2211
166
2214
4262
4263
168
2217
4267
2220
4270
4271
4272
178
4274
4276
2228
182
2231
183
2234
186
4283
2238
2239
2240
193
4293
2251
204
4301
2259
212
2261
213
2263
2268
2269
223
4320
226
4324
229
232
2282
239
241
4338
2290
242
243
4339
244
2296
249
2306
4354
2307
262
4358
263
2313
267
4364
273
274
276
2326
4378
4380
285
2334
2335
4388
296
4394
2348
4396
2350
4398
303
2352
2355
309
4408
2361
4411
316
4415
320
323
327
2375
2376
4425
333
4432
336
2384
2385
4434
4440
344
2393
2394
2397
2398
352
2401
4453
4455
4456
361
2410
4458
363
364
4460
2413
4462
2415
371
372
4469
2422
4472
377
2428
382
4478
383
2432
2433
385
386
4483
2436
4489
394
2443
2445
4494
4499
2452
2453
4506
413
4510
414
420
2468
426
2474
430
431
2479
2482
4531
2491
444
2492
446
4544
452
4549
4550
456
2505
457
2506
4554
460
4559
4561
465
4562
466
2514
4563
468
4571
476
2524
4573
4574
479
4579
484
485
2534
493
494
2542
2543
4595
2549
4598
504
2552
4600
506
2556
4604
4605
4610
515
4614
519
4615
2568
2572
526
4623
527
2576
529
532
534
2582
2584
4634
2587
541
543
2592
2593
4641
4643
2595
2596
2597
4649
4650
4651
2604
559
2608
562
2610
4664
572
2621
4669
2624
578
4675
2628
4676
582
2630
2633
4683
587
4688
593
4690
594
2642
2645
4694
4695
2647
2649
2652
4700
4704
608
4705
2657
2658
2665
4715
4719
2673
627
2676
4724
628
4726
4728
632
2680
2684
2685
4738
2690
2692
646
653
4750
4751
656
2712
666
2714
4762
667
2715
2717
670
4767
2720
672
673
676
4772
2726
679
680
2734
4783
688
4784
694
695
699
2754
4803
710
2763
4811
716
4814
2767
4815
719
725
4821
729
2778
4827
741
2789
2790
743
4840
744
746
4842
747
2797
751
4849
754
4851
2805
758
2808
761
762
4859
4863
2820
772
4869
2821
4872
778
4875
780
782
784
2832
2834
786
4883
2838
791
4890
798
799
800
801
803
2854
2855
2856
2858
2859
4910
2863
4913
4914
819
820
821
4918
825
4930
4934
4935
4936
840
843
2894
851
4949
2901
854
2902
856
4953
2905
857
2910
864
2914
866
4966
4969
2921
874
4970
875
879
880
882
4980
4982
4984
889
4987
2946
4994
2947
4996
2950
5000
904
2953
5003
907
5011
917
5013
5014
918
5016
921
2970
5022
2974
927
2975
928
931
933
934
5031
935
5032
5034
938
5035
942
5038
5039
2993
947
5044
2997
952
3003
957
3005
5056
960
3011
3013
5061
5063
3018
3021
975
5072
3027
3030
5078
982
984
3035
5084
3037
3039
992
5089
3042
996
3044
3045
5093
998
3047
3048
5097
1004
1005
3054
5104
3057
5106
1010
1013
3062
5111
3064
1018
3066
5115
1019
5116
3071
1023
5120
5123
5124
1031
1033
3082
3085
3088
5136
1041
3091
1044
3093
5147
3100
5148
3101
1055
5152
5153
1058
1059
5157
1062
1063
3111
1065
1069
5165
1070
5167
1071
3120
1074
1078
5174
1079
5179
3131
5180
1085
1086
1088
1089
3139
3140
3141
1096
3145
1098
3148
5197
1101
3150
1104
3155
1108
1111
5207
1114
5210
1115
3167
1121
1124
1128
5227
1131
3181
5237
1141
3190
5239
3192
1144
1145
5242
1146
5248
5251
3204
3205
5255
1160
1162
5262
5263
1168
1169
5266
5267
3221
3222
1174
3225
5274
3227
1182
5279
3234
1192
3241
5289
3244
1196
5294
1200
1201
3251
3252
5301
1207
3256
1211
5309
5311
1217
5316
1223
1224
3272
3274
5323
3275
5324
5327
1232
1235
5334
5335
3288
1240
1241
5337
5338
3291
3292
5342
3295
5343
3296
5346
1251
3300
3301
1256
1260
5357
3310
1263
1266
1267
1268
3317
5365
3320
1273
5370
5372
1278
5374
5376
3329
1281
5378
3331
3336
1292
5389
3342
5391
1298
5398
1303
5400
5401
1308
1310
3358
3360
5410
1315
1317
1318
1319
3369
3370
3371
3372
1326
5422
3375
1327
3376
1332
3382
1334
5436
1342
5441
5442
3394
3397
3399
1357
5453
5454
1361
3410
1362
1364
1365
3415
5466
5469
1377
3428
5478
5481
5484
5486
5488
3443
5493
1398
5498
3452
5502
5505
1413
3461
3468
1421
3469
1424
1427
3477
3481
1434
3482
5531
5532
1437
1440
5536
5542
1446
3497
1453
5552
1458
5555
3508
1461
1462
3513
5563
3515
5569
1481
3530
5578
3532
3535
3539
3544
1497
3548
1500
3549
3551
1503
3553
3554
3558
1510
1519
1521
1524
1527
3577
3580
1533
3582
1535
1537
3589
3590
1548
3597
1550
1558
3607
1562
3611
3613
1565
1566
3614
1569
1576
3627
3628
3629
1583
3633
3637
1594
3646
3651
1604
3653
1607
1609
3661
3665
3666
1619
1620
3668
3669
1626
3679
1631
1632
3683
1636
3687
1640
1643
1646
1648
1649
1656
1657
3705
1666
3719
1671
3721
1675
3728
1680
3730
1683
3732
3733
3738
1691
3740
1693
1697
1699
1700
1701
3750
3751
1703
3753
1707
1712
1717
1720
1723
1725
3776
1728
3783
3785
3786
3787
3791
3792
3795
1753
3804
1757
3814
1766
3818
1771
1775
3826
1781
3831
3832
1785
3837
3839
3842
1795
1797
1802
1803
3856
1810
3859
3860
1812
1815
1816
3865
1819
1829
3879
1834
3882
1837
1840
3890
3891
1844
1847
3897
1850
3901
3904
1857
3908
3911
3916
3917
1870
3919
1872
1882
3941
3944
3948
3950
3957
1913
3964
1921
3970
1925
1928
3983
3984
1939
1941
1943
3991
3999
1956
1960
4016
4024
1980
4029
1982
4031
4035
1988
1989
4039
4041
4042
1995
4047
4053
4055
4058
2011
4061
2014
4063
2017
4067
2021
4071
4078
2033
2036
2037
4086
2039
4088
2044
2046
25
323
327
199
394
75
148
277
407
408
88
153
29
223
287
100
357
359
297
43
175
307
373
57
122
252
