1115
4096
4098
2052
4101
2053
7
4103
2058
4110
4113
2065
2069
2070
2071
23
2072
25
26
2075
28
2078
4126
4127
4130
4131
4133
2087
2090
2091
45
46
4142
48
4145
2100
55
56
57
4154
63
2113
66
67
4164
2118
4166
71
2122
2127
4177
2131
83
4181
89
90
2140
94
95
2144
96
4193
97
98
2147
4197
102
2157
4208
4211
115
4212
2166
122
2173
125
4223
2176
128
132
4228
136
2184
2185
4234
4236
142
4239
4241
146
2194
4245
2197
2204
2206
159
2208
2214
166
168
2216
4264
2217
2220
175
4272
178
4274
4276
2230
182
2232
2234
4282
4288
2240
2241
193
2250
209
210
2261
2263
217
4316
2268
223
4320
2272
4321
226
4324
229
2278
2284
2287
2290
242
4338
246
2296
249
2302
256
2306
4354
4358
2313
4362
2315
4364
271
4368
273
2322
2326
4376
4378
2333
2334
2335
4385
289
290
293
2342
4390
4394
4396
4397
4398
303
2352
305
2355
2356
4408
2361
313
316
317
4414
4415
4417
322
4418
2371
2374
327
4425
4431
337
4433
4434
2386
342
4440
2394
352
354
2406
358
2410
4458
4459
2411
4460
364
2413
2414
367
368
4466
4468
2422
2425
379
4476
2428
2432
2433
385
4486
2440
2443
2445
4494
398
4496
4499
2452
2453
409
410
4509
2462
414
420
422
4519
426
2484
2485
2487
2488
2490
2491
2492
446
452
4549
4551
456
2505
4553
457
4554
2508
4558
4561
4562
2515
471
2520
476
4573
2526
479
2528
2530
482
484
4580
4581
4582
4586
4590
2543
4596
501
4598
4599
504
2552
506
513
4610
4613
2567
4617
2572
4620
4622
2576
532
2580
2584
536
541
4637
543
2592
4643
549
4649
4650
559
2607
562
4660
2616
569
2619
572
4669
2621
2622
4672
2626
578
4675
2629
582
4679
589
592
593
2641
2643
4693
2651
603
604
2652
605
4701
4704
609
2657
4707
4713
4715
619
4716
621
2673
4723
2676
2677
2678
2683
635
4732
2689
4738
4739
2692
4741
646
647
4744
4747
652
4750
4751
656
4752
4753
660
662
664
666
2714
667
2716
4765
673
2722
674
2723
2724
2726
679
4778
2734
4783
4787
2741
2742
695
2743
2745
4795
700
702
703
4801
2754
2755
4803
2757
710
4810
2762
4811
4813
2767
4815
721
725
2773
4821
726
730
4828
732
734
4830
735
4832
2790
4838
744
4840
4841
745
4843
748
4846
753
2801
4851
2805
758
2807
4856
761
4859
2812
766
4862
2815
4865
771
772
2820
2823
4872
4874
4875
780
783
4879
784
786
4882
4883
788
4884
789
4886
2838
4887
2841
2842
4893
800
801
803
804
2853
806
807
4904
2858
810
4906
2863
4913
4914
819
2867
4918
4921
825
2873
2875
4926
4928
2881
4930
2885
4937
2890
845
2895
4946
2899
4950
856
4954
2908
4956
861
2910
4961
2914
2915
870
4967
4970
2927
879
2930
2932
2933
4982
889
890
4987
891
4992
4993
4995
901
5000
2953
5003
907
2962
2969
5017
921
2970
5022
2975
929
2978
5026
932
2980
933
934
5031
936
2984
5035
2988
940
941
942
5038
5039
943
2994
947
5044
2999
952
3005
957
962
3010
3015
5063
5064
5066
5067
971
972
3021
975
976
5078
3030
984
3034
3036
5086
3039
5087
994
995
3043
996
3044
5093
3045
1001
1004
3054
3055
1010
3059
3060
3061
1015
5111
5115
1019
1020
3070
1023
1024
3075
5125
1031
5127
3084
1038
3090
5139
3091
3093
3098
3100
1055
1056
5153
1059
3107
3109
1062
5158
1065
3115
5165
1069
5166
1071
5167
5175
5176
3130
5180
1085
3134
1086
1088
1089
3139
5187
1093
5192
1096
1097
5193
5194
1098
5201
1107
5204
3158
3159
5207
1111
1112
3160
3161
5210
1116
5217
5219
1124
5222
5223
3175
1129
5227
1131
1132
3181
3182
5230
3187
1139
5235
3189
5240
5242
1147
5243
5248
3200
5250
3204
3205
5253
1160
1161
1162
5259
5264
1168
3217
5266
5267
3219
1174
1175
3224
1177
1180
3229
1182
5279
1186
5283
3240
3244
3245
1200
3251
3254
5303
1208
3256
5306
5307
3260
5309
5311
1224
3274
3279
1235
5332
5334
5335
1241
3289
3292
3293
5343
3297
1251
3300
3302
1256
3307
1260
1263
3311
3316
1268
5365
3320
5370
5372
3325
1278
1279
3327
5377
1281
3329
3331
1284
5381
5382
5385
3338
3339
1292
1293
3342
1295
5392
1298
1299
3347
3348
3350
5398
5400
5401
1307
3356
1310
3358
1314
1315
5411
1317
3365
1319
5417
3369
3370
3372
5421
1326
3374
1327
3376
3377
3380
1332
1334
3382
3386
3387
3388
5436
3389
1341
5438
3392
5440
5441
3394
1347
5443
3397
5445
5447
3400
1352
3401
1355
5452
5453
3405
5454
1359
5457
3410
1362
3411
1364
3413
1365
5461
3414
3415
1368
1370
3419
5469
1374
1377
3425
5474
3427
3428
5477
1382
1384
5484
1389
5485
1390
1395
5494
1398
5496
3451
3452
5500
5505
1412
1415
3468
3469
1421
5519
3471
1424
1425
1428
3477
3480
1433
1434
3482
1436
1437
5534
5537
5538
3490
5542
3498
1452
5553
5555
3507
5556
3510
1463
5560
5561
3520
5569
1475
1477
1478
3526
5578
3532
1486
3535
3537
3539
1491
1493
1496
1499
3549
1501
1507
1513
3566
1519
3571
3572
1527
3577
1531
1532
3581
1533
3584
3587
1540
3590
1544
3593
3594
3595
1548
1550
3599
1552
1556
1560
1564
3613
3614
1569
1571
1575
3626
3627
3629
1581
1583
3633
1587
1588
1594
3646
1599
3648
3650
1602
3660
1614
3662
3666
1619
1620
3668
3670
3672
3674
3676
3677
1635
3684
1636
3686
1640
3690
3693
1648
3698
1653
1656
3705
3707
1660
1663
1664
3719
1672
1674
1678
1679
3727
1680
3728
3730
3738
1692
1699
1700
1701
3750
1703
3751
3752
3759
3763
1717
1718
1720
3770
1723
1724
1725
3777
3786
1741
3791
3792
3795
1748
1759
3810
1766
1769
1775
3826
1784
3833
1786
3838
3840
3847
3849
3851
3854
3861
1816
3865
3866
1823
1830
1840
3890
3893
1851
3901
1857
3908
3913
1867
3917
1870
3919
3920
1880
3939
3941
1896
3944
3951
1903
3952
3953
3954
1909
1913
3962
3963
3965
3969
1927
3980
1934
3983
3984
3985
3992
3999
4004
1959
1960
1961
1965
4016
4017
4020
4029
1981
4030
4034
4035
1990
1994
1998
4051
4052
4053
2007
4055
4058
4063
2017
2018
4066
4067
2022
4072
4073
2028
4076
2029
2030
2031
2036
2037
4086
4087
2044
24
224
161
385
323
68
324
100
261
293
102
230
327
103
201
203
76
47
114
85
311
121
251
348
350
