1328
2
4098
3
2052
4101
4103
2057
4106
10
4107
4108
12
14
2066
2067
2071
24
2075
28
29
2077
31
32
2081
4130
4131
36
4132
4133
2085
2086
39
40
4137
2092
4142
2095
4145
2100
4151
2103
55
4154
61
4158
4159
4160
2114
66
67
2116
4166
71
72
2122
2123
75
2124
4174
83
4181
88
4185
4186
4187
4189
94
2143
95
4193
98
4194
4196
2149
102
107
4204
4208
113
115
2166
2168
4216
122
2171
2172
2173
126
128
4225
2185
2189
142
2192
145
2194
154
2203
2206
4254
2211
4259
4261
2214
166
168
4264
2217
4265
2218
171
2220
2221
4272
178
4274
4275
4276
182
2231
4280
2234
4282
187
4284
2239
2241
195
4291
196
2244
4293
4296
2249
4298
204
205
4301
209
211
213
2261
222
223
2271
2272
224
4320
4321
2273
226
229
2278
2284
2285
2286
4335
4338
242
2290
2291
243
4342
2296
249
250
4350
2302
4353
257
2306
259
261
4358
2313
2314
4366
270
273
274
2322
4370
4378
284
2334
2335
290
4387
293
2342
295
4392
297
4394
2347
4396
4397
4398
2351
303
4403
307
2355
309
4407
4408
313
316
2366
4415
319
4417
322
327
4425
330
4430
4431
4432
2386
4434
4435
2387
341
4440
344
2395
2397
2398
2399
352
2401
354
2403
355
4453
359
2410
2411
4462
2415
367
368
4466
2418
4468
374
2424
4473
2428
4477
381
382
4483
388
4484
2436
4486
2439
2443
2445
4494
398
4496
2449
4498
2452
2453
405
406
4504
409
410
4507
4509
413
414
420
4519
426
2474
2478
432
433
2484
4533
437
2485
4535
2488
446
4544
4546
2499
4547
2501
4550
4551
456
2505
457
4554
461
462
2512
465
4561
2513
4562
2515
469
4567
471
2520
4568
474
476
4572
4574
478
479
2527
2528
484
4580
486
2537
4586
2542
2543
496
498
499
4596
500
2549
4598
504
4600
2552
2557
511
512
4609
2561
4610
515
4611
4613
4615
4616
521
523
4622
2575
4623
2577
4626
2579
532
4629
4634
2588
541
543
2592
545
4641
4643
549
4648
4649
4650
554
4651
2606
2607
562
2612
2614
4663
569
4665
4666
570
4668
572
2621
574
4672
2626
4675
2628
580
582
4678
4679
2631
4681
2633
586
587
2638
2641
593
4691
2643
4692
4693
4695
4699
603
2652
604
605
608
4704
2657
609
4707
4713
2665
2667
619
4716
621
4719
2673
2674
4723
2676
2677
629
2681
634
635
4732
2685
2686
2690
2692
645
646
4742
647
649
4745
2698
4747
4750
654
4751
4753
659
660
661
662
663
2712
666
2714
667
668
4764
4767
2721
674
675
2723
676
2724
2731
4779
2734
4782
4783
4784
2737
4786
691
2741
2742
695
4792
2745
4793
2750
702
704
4803
707
2755
2757
710
4806
2758
2762
4814
718
2767
719
2768
4818
723
2771
2772
2773
728
730
4828
2781
733
4830
735
4837
4838
2790
745
4843
4844
753
2801
2805
4856
760
761
4859
766
4862
4863
2817
771
772
2821
4870
774
777
4874
4875
2828
2829
4878
783
784
785
786
4883
4884
4885
2838
790
2842
2845
2846
798
800
801
802
2850
2851
803
804
2853
2856
808
2857
2858
4906
2861
2863
819
821
824
825
827
2875
4924
4928
833
4930
2883
838
4934
840
843
844
845
2895
4944
4946
2901
4949
2903
856
2904
4954
861
2910
2911
865
2914
2915
4965
2917
4966
870
4967
4969
874
4970
875
2927
2929
4979
4982
2935
889
890
4987
4989
4990
4992
4994
4995
4996
901
903
5000
2953
5003
5004
5007
2960
914
5014
5017
2969
2970
5018
924
5022
2975
927
5027
931
2980
932
5029
933
934
5031
2984
5035
2988
2989
942
5038
5039
944
5041
947
5044
950
2999
953
955
5054
959
5056
5058
962
963
967
971
5074
5077
3029
982
5080
3033
3034
3035
3037
3038
5087
992
3042
994
995
3043
5093
3045
997
998
5094
3048
5097
3050
1004
5103
3055
1009
3057
1010
3060
5115
1023
1024
3073
5125
3080
1033
3084
3085
5133
1042
3091
5139
1043
3092
3093
5141
1046
1050
3098
5147
3101
5150
3103
1056
3107
5157
3110
3111
1065
1066
5162
5165
1070
1071
5167
5168
1074
1076
3125
3129
3130
3132
5180
1085
5181
5182
3134
1086
3135
1088
1089
1094
1097
1098
1100
3148
5197
1102
3151
1104
1111
3160
5211
3167
5219
1124
1125
5221
3174
5227
1131
1132
3180
3181
3182
1134
5231
5235
3187
1139
1140
5237
5238
1143
5239
5240
1144
5242
3198
3200
5248
1153
1154
5250
5252
3204
5253
5255
1160
3210
5259
5261
1167
5264
1168
3217
5266
3218
3219
5270
1177
1180
3229
1181
1182
3234
1186
5283
5286
5287
3239
3240
3241
5291
1196
1200
1201
5299
3251
3252
5301
3254
1207
3256
5307
3260
1212
5309
3262
5311
5312
1217
1221
3270
3271
3272
1224
3274
1226
5323
1235
1236
5334
5335
3287
3289
1241
3292
3293
3295
1248
5346
1251
5353
3307
5356
3313
3315
1268
5365
3320
5370
5372
3325
3327
1279
1281
5377
3331
1284
1285
5382
1286
1290
3339
1292
3340
1293
5389
3342
5391
3346
1298
1299
5395
3348
5396
5397
5398
1302
3350
1303
5401
1308
1309
1310
3358
3359
5410
1314
1315
5411
1317
1318
1319
3368
1320
5417
3370
5421
3374
5422
1326
3375
1327
5425
3377
1332
3380
5429
1334
5436
5440
5441
3394
5442
3397
1350
5447
3400
1352
3402
5450
1355
5452
3405
3406
5456
5457
1362
1364
3414
3415
1370
5467
3419
5469
3422
1375
1376
1377
5474
3428
1382
1383
5483
3436
5485
1389
5488
3442
1396
5493
5494
3446
1398
5496
3450
3451
5501
3455
1410
3458
5507
1413
1415
3465
5513
3468
1421
5519
3471
1424
3474
5523
3477
3478
1431
5527
5528
3480
3481
1433
3483
1436
1437
3491
5540
3493
1446
5542
5543
1452
1453
5553
5555
1461
1462
5560
5561
3513
5563
1469
5566
5569
3521
3523
1475
3526
1478
5578
1483
3532
3537
3539
1492
3542
3544
3545
3548
1501
1503
3553
1509
1510
3561
1514
1516
3565
1519
3571
1524
3573
1527
3577
1530
1532
1533
1535
3585
1540
1543
1544
3593
3594
3595
1548
3597
1550
1551
3599
1552
1554
3606
1560
1562
1563
3612
1564
3613
1565
1566
1569
1570
1571
3620
1573
3626
3629
1582
3633
1587
3638
3639
1594
3643
1599
3649
3650
3653
1610
1613
1614
3664
3666
1619
1620
3668
3672
3674
3676
3677
3679
3680
1636
1643
1644
3693
1647
1648
1653
1655
1656
1657
3707
1660
3709
1661
1664
3715
3716
3719
3722
1674
1676
3727
3728
1680
3730
1683
3731
3732
3738
1691
1692
1693
3743
1698
1699
1700
3749
1701
3752
1707
3757
1712
3763
3765
1718
1720
1722
3770
1723
3773
1725
3777
3778
3786
3787
3788
3789
3791
3792
3795
3796
3798
3805
3810
1763
1764
3814
3815
1767
1769
3818
1771
1774
1775
3826
3828
1781
3837
3838
3841
3847
1803
3853
1807
1809
3858
1810
3859
3861
3862
1815
3865
1818
1819
1823
3871
3873
3877
3878
1830
1834
1840
3890
3891
1843
1844
3894
1851
3899
3902
1856
3907
1859
3908
1865
3913
3914
1867
3917
1870
3919
1871
1872
3920
1874
3926
1879
3927
3934
1886
3937
1895
3944
1902
3951
1904
3953
1905
3954
1907
1910
3961
3963
3965
1920
3969
3970
3971
3979
1933
3983
3984
3987
1941
3992
3993
1948
3997
3999
1953
4004
1956
4005
1959
1960
1961
1963
4016
4017
4020
4022
1975
4027
1981
1982
1984
4034
4035
1988
1989
1990
1994
1998
2000
4051
4052
4053
2007
4055
4056
4058
2014
4063
2018
2019
2020
2022
4073
2028
2029
4082
2036
4084
2037
4086
2039
2043
2045
31
132
68
324
71
136
330
76
333
397
143
80
210
276
282
220
29
355
100
230
300
175
114
371
55
247
248
121
378
251
316
380
