1028
3
4
4100
4101
4107
2059
2060
4108
2061
2064
2066
18
4116
2075
2078
31
4130
2083
4131
4132
2085
4133
39
40
4139
2097
4145
4146
55
4153
4154
2112
66
67
4166
2123
4172
4174
79
2129
82
83
4181
4186
4188
95
96
99
2149
4197
102
4202
4203
2157
2158
4207
112
2164
2165
118
2167
4215
122
124
4220
4223
2175
128
131
2184
2185
2188
4237
142
2192
2193
2194
147
148
4245
4248
154
2204
159
4257
163
166
2214
2220
173
4270
175
4272
178
4276
181
182
188
4284
193
4290
4291
2244
4296
201
4298
2252
4301
210
2258
2261
220
221
4320
4321
226
229
4326
2284
2286
2289
4338
2290
243
2296
4344
248
4348
4350
2302
255
2306
4358
2312
2313
273
2322
2334
2335
290
2339
293
2342
4394
2347
4396
4397
303
4399
2351
305
306
2355
307
2357
313
2361
314
316
4413
2366
4414
4415
2367
4417
4418
2372
327
328
4425
4428
333
2382
4430
4431
4432
4433
2385
2386
4434
4440
2397
352
353
2403
2409
2410
2411
366
4462
4466
2419
371
4469
4472
2424
2428
4483
2436
2437
4486
395
2443
2445
398
4496
2449
2452
2453
407
4506
410
4508
414
2465
420
423
426
4526
431
433
2485
437
438
2488
4537
2491
4544
2496
4551
456
457
2505
4554
4561
465
2514
4562
4563
2518
4568
2520
2523
476
479
4576
2528
4579
2532
484
485
4586
4587
494
2543
496
499
4596
2549
504
2552
506
4603
508
2557
511
512
513
4610
4616
2568
2569
4620
2573
4622
532
536
4632
538
4636
540
4637
4639
543
2592
4641
4643
549
550
4648
552
553
4649
4650
556
4652
562
4660
571
572
2621
4672
2624
4675
2628
4677
582
585
4681
2633
591
2641
593
2642
4691
2643
4693
603
2652
606
608
4704
4705
4706
611
615
617
2667
623
2673
4723
2676
2677
630
4728
4732
4738
4739
2692
2693
646
647
649
4747
4750
4751
2704
4753
659
2714
666
667
668
2717
2722
674
2723
2724
683
2732
2734
4783
4785
2738
692
2741
4789
2742
695
2745
699
702
4801
2755
4803
708
2757
709
710
2760
2762
2763
720
2768
4818
2772
724
725
2776
729
730
4826
2780
4830
4836
742
4838
745
4843
749
2799
753
756
2805
758
2809
761
766
767
2820
772
4873
777
4879
784
786
4884
789
2838
2842
2845
4893
798
799
800
801
2851
2852
804
4901
4904
2856
4906
4910
2863
4917
4918
823
824
2874
4928
2883
837
840
4936
4937
843
845
2894
4947
852
4949
2903
856
2905
4953
4954
2906
4956
861
4957
864
2914
2916
4967
4969
874
4970
4971
875
2924
879
2927
881
883
4980
4982
4983
2937
4987
2941
5000
2953
914
5017
2970
2971
5019
5022
927
2977
931
2980
933
5029
934
5031
5035
2988
5037
2989
5038
942
5039
943
2992
947
948
2998
2999
5050
957
958
5054
960
963
965
971
3023
976
3029
5078
3033
3034
5085
5087
3039
995
3043
5093
3045
3048
3053
5103
3056
5104
3057
1010
3060
1012
3061
1014
1020
5120
3074
5127
3080
3083
1036
5134
1041
3091
3092
3093
1045
5147
3100
3101
1055
1056
1057
5153
3107
1060
3108
5158
1065
3116
1069
5165
3117
1071
5167
1073
1074
1076
3125
3129
5177
5180
1085
1086
1088
1089
1090
5187
3139
5192
1098
5195
3148
5207
1111
3161
1115
1116
5214
1118
5215
5216
5219
1124
3173
3174
3175
5227
3181
3182
5232
1137
3185
1139
5235
5239
5241
5242
5243
3199
1151
5250
3204
5253
1161
5262
1168
3216
3217
5266
3219
3229
5277
1182
3234
1190
3238
5286
5287
1192
3241
1200
1201
5298
3251
3252
1206
3256
5307
3260
5309
5311
1222
1224
3274
5323
3278
5329
3284
5334
5335
1241
3292
3295
5343
3297
5346
1251
1255
5355
1260
3311
1266
5364
1268
5365
3320
3322
5370
5372
3325
3326
5374
3327
5376
1281
5377
3330
5379
3331
1284
5380
5382
3339
5389
1293
1296
1297
1299
5398
1303
5400
5401
3358
1310
1318
1319
1320
3370
5421
5422
1326
3374
1327
5423
5425
5427
1332
5429
1334
1335
5436
5439
3392
5440
5441
1346
5443
1348
1349
3397
5447
3400
5449
3402
1355
5454
1359
1362
3411
3414
3415
1370
3420
5469
1375
1377
3425
1379
3428
1381
1382
1383
1387
1389
5488
1392
3443
5491
5493
1398
5496
5499
1403
3460
5509
3461
5510
3467
1421
3471
5519
1424
3475
3476
3477
5529
1433
1434
1437
1441
1446
5542
1448
3497
1452
3504
5553
1459
3507
5555
3509
1461
3510
5560
5561
1469
5569
3526
5574
5576
3530
5578
3537
1489
3539
1492
3547
1500
1505
3562
3563
1516
1519
1521
3569
1523
3571
3572
1525
1527
1528
3577
1531
1532
3580
1533
3583
1535
3584
3585
1540
1543
3593
3595
3597
1550
3599
1552
3612
3626
3627
3629
1582
3632
3633
3636
3638
3642
1594
3643
1596
1598
3653
1614
3664
3665
3666
3668
1620
3672
3674
3680
1634
1636
3686
3687
3690
3692
1647
1649
1656
1657
3707
1660
1662
3711
1664
3714
3719
1673
3727
1680
3728
3730
1683
3732
1685
1689
3738
1690
3742
1699
3748
1700
1701
3749
3750
1704
3752
3753
1705
1707
3757
3763
3765
3766
1720
3769
1723
1725
3777
1732
3781
3786
1742
1743
3791
3792
3793
3795
3802
3806
3811
3813
3818
3820
1775
1777
1778
3826
3829
1781
3837
3838
1791
3839
3841
1797
1802
3860
3861
1813
3862
1815
1816
3865
1819
1823
3877
3879
1837
1840
3891
1848
1858
3908
3911
3914
3915
1867
1870
1872
1873
1874
1882
3934
1891
3947
3948
1902
1904
3958
1914
1915
3964
3965
1920
3970
3980
3983
3984
3987
3992
1946
3997
3999
1952
1953
1956
4005
4008
1960
4009
1965
4020
4025
1977
1981
1982
4031
4034
4037
1989
1990
1992
1999
2001
4051
2004
4052
4055
4056
4062
4063
2017
4066
4067
2020
2021
2022
4071
4073
2028
2036
2037
4086
2043
2045
4094
25
128
257
66
132
76
142
271
338
148
213
344
25
412
92
221
100
165
168
47
175
178
310
121
251
126
