914
2
2052
4101
4106
4107
2065
23
24
25
2075
27
29
4126
2079
31
2081
4130
35
4131
4132
2085
4137
2090
4142
2095
4145
2100
55
56
4154
2112
2115
67
4166
2122
2124
4177
82
83
2131
4181
4183
4185
90
2140
94
95
2143
4193
2147
2149
4197
102
107
2157
112
116
2166
118
2171
124
2172
2173
128
131
4228
2181
2185
138
4236
142
4239
2192
4241
2193
2194
147
4249
154
4251
2211
166
2214
168
2217
2220
4272
2225
178
4276
181
182
2234
4282
2239
2242
4296
2249
2250
4301
205
2261
213
4315
220
2268
222
223
4320
4321
226
4324
229
2284
2290
242
243
2296
248
249
4350
2302
2306
259
4358
2313
4364
273
2322
4378
2333
2334
2335
290
2342
295
2347
4397
303
305
2355
313
316
2366
4415
4417
327
4425
4428
4430
2384
4434
2386
4440
344
2394
352
353
2401
4451
4453
357
2410
4459
4460
2414
4465
372
4469
374
4478
382
383
4480
385
4483
2435
4486
2443
2445
398
4494
4496
4499
2452
2453
408
410
4509
414
2465
420
422
426
2474
4526
430
433
2484
2485
2488
2491
2493
446
4544
4547
452
456
2505
457
4554
4556
2509
4561
465
4562
2515
2518
4567
4568
2520
476
4573
479
2529
483
484
4582
4586
493
2543
496
499
4595
4596
2549
501
2552
4600
506
2557
4610
4620
2572
4623
530
2579
532
2582
4632
4637
543
2592
545
4642
4643
549
4648
4649
4650
4651
556
4652
562
4660
2613
2614
569
570
571
572
2621
2622
4672
4673
2626
578
4675
4676
582
4679
4680
4681
2633
4683
587
2641
593
2643
4694
600
2651
603
2652
605
606
4704
608
609
2657
2660
2665
618
4714
2667
4716
4719
2672
2673
4723
2676
2677
4732
2688
2692
646
647
4750
4751
660
4756
2712
666
2714
667
2715
4767
675
2726
679
4777
684
2734
4783
692
2742
694
695
4792
699
700
2750
2751
2754
2755
4803
2757
710
2760
713
4810
2762
2763
4811
719
720
721
4818
4821
2776
4826
735
4838
2792
745
4843
748
2801
753
4849
4851
2805
757
758
761
4857
762
4859
765
4862
4863
772
2823
2824
4872
4874
778
4875
2828
780
784
2834
786
4883
2838
4887
2842
2845
2846
800
2848
801
4897
2853
4904
808
2858
4906
2859
2861
813
2863
4913
819
821
4921
825
2875
837
839
840
4937
4949
2903
856
4954
4957
861
865
2914
2915
4969
4970
2923
2927
881
2930
4978
4982
2937
889
4987
891
2944
4992
4996
901
2950
5000
2953
908
5004
917
5014
5016
921
2970
2971
5022
2977
931
2979
2980
932
934
5031
2984
2987
5035
939
5038
942
943
947
5044
2999
954
958
959
5056
960
963
3011
3013
5063
5070
974
5074
980
981
3029
5077
5078
3034
3036
3037
3039
5087
992
3042
3043
3044
996
3045
5094
3048
1004
5103
3057
1010
3060
3061
5111
5115
1019
3070
1024
1031
5127
1033
5136
3091
3093
5147
3100
1056
5153
5158
3111
1065
5165
1069
1070
5167
1071
5168
5171
1079
3130
5180
1085
3133
1086
3134
5182
1088
1089
5192
1096
1097
1098
5195
3148
5197
1104
3155
5206
1111
5207
1114
5210
5216
1124
3174
1131
3181
1134
5232
5235
3189
5239
1144
5242
5243
1147
5248
5250
3204
5253
3207
5256
1160
3210
1165
5264
3216
1168
3217
5266
3219
5270
1174
1177
3229
1182
5279
1183
1186
5291
1201
3251
3252
1206
5303
3256
5309
1214
1217
1224
3272
5320
3274
1235
5332
5334
5335
1241
3292
3295
5346
1251
3300
3301
1255
1256
3307
1260
5357
1263
1268
5365
3320
1273
5370
3325
1281
3331
1285
5382
5383
3339
3340
1292
1293
5391
5392
1298
1299
3348
5397
5398
1302
5401
3355
1310
3358
1314
5411
1317
1318
1319
3370
5421
1326
3374
5422
1327
3375
3376
1332
5429
1333
1334
5436
3388
5438
5440
5441
3394
3396
3397
3399
5447
3400
1355
5452
5453
5458
3411
3415
1370
3418
5469
1374
3424
5474
3428
1381
1382
1383
1384
5483
5484
1389
5488
1396
5493
5494
5496
3448
5505
1413
3465
5515
1421
3471
1424
3472
3478
1431
5528
1433
3481
1434
3482
1436
1437
5538
5542
1452
1453
5553
3505
1458
5555
3507
1460
3510
1463
5561
5563
1468
5566
5569
1473
5572
3526
3532
3537
3539
1495
3545
3549
1503
1510
1519
3571
3572
1524
1525
1527
3577
1530
1532
1533
3582
1535
1536
1540
3594
1550
1551
1558
3609
1562
1563
3613
1569
3624
3626
3627
3629
3633
1594
3643
1604
3653
3666
1619
1620
3668
3670
3672
3680
3682
1636
1637
1644
1648
3697
1651
1656
1657
3707
1660
1664
3719
1672
1676
3727
3728
3730
1683
3732
3738
1699
1700
1701
1703
3751
3757
3758
3763
1723
1728
3777
3779
1732
3786
1742
3792
3795
3806
1764
3813
1766
3814
3818
1770
1771
1775
3826
3828
3841
1797
1799
3848
3854
1810
3861
1815
1819
3868
1822
1823
3879
1834
1840
3890
3891
1844
1849
1851
3907
3908
3913
3915
1867
3917
1870
1872
1876
3927
3934
1886
3951
1904
1905
1907
1909
1920
3970
1927
3980
3983
3984
1939
3992
3999
1956
1960
4009
1961
1963
4017
4020
4025
4029
4034
1988
1989
2003
4051
2007
4058
2014
2020
2022
2033
4082
2036
2037
2039
4091
16
323
100
68
203
76
300
77
175
112
274
344
57
251
316
253
29
