925
0
4098
2052
4101
4103
2057
2058
4107
4108
14
2067
4116
2070
27
4126
4130
4131
4133
38
39
40
45
4145
4146
2100
55
4151
2103
4154
2115
70
2121
2122
82
4181
4184
4185
4186
4188
2141
94
4193
102
4203
2158
113
115
2165
2167
2173
129
2177
2183
2188
4236
147
4247
153
4251
157
159
2214
168
4264
2217
173
2221
4272
178
4276
182
184
4280
2234
4282
4284
2239
4290
195
4291
2247
4296
201
4298
204
2255
2259
4309
2265
2268
221
222
4320
2272
4321
226
229
2283
235
2286
4338
2290
242
243
4339
2294
2296
248
249
253
2306
4358
2311
2312
4364
2318
4366
270
273
2322
2324
2326
2334
290
4388
4394
2347
4397
303
304
2355
4403
307
309
2360
2361
313
316
2366
324
327
333
4431
2384
4434
2386
342
344
4440
4443
2395
2397
352
2403
357
4457
2409
361
2410
2411
4460
2413
2414
4465
372
379
2428
4478
383
4480
2432
2433
2435
2437
4485
390
2443
2449
2452
4502
409
410
4507
4509
413
414
420
4519
426
430
2478
431
433
2484
437
2488
2491
2493
2495
4544
2499
4549
4550
4551
456
457
2505
4554
4556
2509
465
4562
2515
2520
2523
2528
2529
484
485
2536
4586
4588
493
494
2542
2543
499
504
4600
4602
4603
508
2556
512
516
4612
4615
2568
4616
530
4628
536
2584
537
4637
4638
2591
4643
549
4645
4649
4650
554
2605
559
2608
4660
2613
4662
567
2616
569
570
572
2623
4673
2626
580
4679
4680
4681
4683
589
593
4690
4691
4692
4694
4699
605
2654
609
4706
611
615
2665
4714
2667
4715
4716
623
2671
2672
2674
2676
4732
4736
2692
645
4743
647
4747
653
2704
4753
2706
2707
659
4756
2708
660
663
2712
666
2714
2715
668
2717
2718
673
4777
2730
2734
4783
4786
2741
694
695
2744
699
4803
707
2755
708
2757
2760
4809
716
2767
4815
2768
4818
2772
725
2776
2781
4830
735
2784
2790
4838
4839
2792
744
745
4842
4847
753
2801
4849
758
2809
762
765
4863
772
2820
2821
778
4875
2833
2834
4883
789
2842
797
798
2848
4896
801
803
4901
805
2853
2855
2856
2858
4906
2859
812
2864
4914
824
825
2875
4926
2878
833
834
2883
2885
4934
4936
843
845
4947
2901
856
859
861
864
2914
2915
2916
870
4966
872
4970
874
4971
875
4974
2927
4982
4983
2937
4987
2941
4992
901
2950
906
917
5016
5017
5019
927
2980
933
5029
934
935
5031
5032
5035
2989
942
5039
943
2992
2998
2999
952
955
3005
959
5056
963
3011
3013
5065
975
3023
5072
980
3029
5078
984
5080
5081
3033
5085
5087
993
3042
3045
5094
3048
3054
5103
1010
3060
1012
1014
1015
5112
1023
1025
1029
1031
3083
3085
5134
5136
5139
3092
3099
3100
1055
1056
1057
1059
1060
1061
1065
5165
1069
1071
5168
1073
5171
1076
1079
3129
5177
3130
5180
3133
1086
3134
5182
1088
3136
3139
5197
3155
5206
1111
5207
5214
1118
5216
5219
5225
3179
5227
3181
3182
3183
1136
1137
3189
1144
1147
3204
5252
3205
1160
1162
5259
1166
5264
1168
3217
5265
5266
3219
5270
1177
3228
1180
5277
3229
1182
5279
1183
3234
1186
5283
5287
3241
1196
3244
1200
3252
5301
5303
3257
3259
1211
1212
1215
3267
1221
3270
5320
1224
1226
5323
3276
5329
1235
5334
3292
5343
1247
1251
3300
3301
3307
5355
1260
5357
1268
3322
3325
3326
5374
3327
1281
3329
3330
3331
5382
3339
3340
1292
1293
3342
5391
1296
1298
1299
3348
1302
5398
3350
1303
5400
1305
3355
1308
3358
1310
3359
5408
3360
5410
5411
1315
1317
3369
3372
5421
1326
3374
5423
1327
3376
5425
1332
3380
5429
1333
1335
5439
5441
5442
1348
3396
3399
5447
3400
3402
1355
5452
5456
1364
3414
3418
1370
5469
1375
3424
1377
5474
1382
1383
3433
1385
5483
5485
1389
3439
1392
1396
5494
1398
5496
3452
3456
1409
1413
3461
5509
5515
3468
5519
1424
3472
5524
3477
1434
1441
1446
1452
1453
5553
1458
5555
1461
3513
1468
5566
5569
3523
5572
5574
3526
5576
3530
1483
3532
3533
1485
1489
3537
3539
1492
3541
3545
1497
1500
3549
3551
3559
3562
1519
3569
1521
1528
3577
1530
3580
1533
3581
3582
1536
3585
1540
3590
1543
1544
3594
1548
1550
1551
1558
1560
3609
1562
3612
3614
1566
1569
3624
3625
3627
1582
1594
3643
1596
3644
1604
3659
3660
1614
3666
1620
3674
3680
3692
1647
3698
1656
3705
1657
1662
3711
3719
3722
3727
3730
1688
3738
1691
3740
3741
1700
1701
3749
3750
3751
1703
1704
3752
3754
3757
3758
1711
3763
1715
1717
3765
1720
1721
1728
3776
3777
3792
1744
3793
3795
1757
1763
3811
1766
1770
1775
1777
3826
1781
1784
1785
3834
3837
3838
3841
1802
1803
3854
1809
1810
3861
1816
3868
1823
3873
3877
1840
3896
1851
3901
1857
3908
1864
3914
1870
3919
1872
1873
1874
1879
3941
1895
1902
1904
3953
1909
3958
1914
1915
1920
3984
1939
3987
3992
1946
3997
1951
4001
1955
4004
4005
4009
1961
4016
4017
1972
4020
1975
1982
1984
4035
1995
1999
4051
4052
2004
2005
2007
4055
4058
2011
2014
4062
4063
4065
2017
4066
4067
2022
2023
4071
2031
2033
4082
2036
4084
2037
2039
4091
2043
2045
2047
16
257
68
132
229
327
297
76
77
142
401
276
217
57
409
92
254
