910
4098
2051
4101
2065
2069
23
25
27
2075
28
4126
2080
2081
4131
36
2090
4142
2095
4145
2100
55
56
61
4159
4160
2115
72
2121
2122
2123
4177
82
2131
4181
90
4187
2140
95
2144
4193
4194
2147
4197
2149
4203
2158
2160
2166
4216
4220
124
2172
128
4225
2178
4228
2183
137
2188
4236
142
4239
4241
147
4248
4251
2203
2214
166
168
2217
2222
4272
178
4275
180
2234
2239
2241
4293
2250
2251
2268
2270
223
4320
226
4324
2284
2290
242
244
2296
249
2297
4350
2302
4351
2306
259
4357
2309
4358
263
2313
4363
4364
2318
273
2322
274
4378
2333
2334
290
4387
4388
293
2342
296
297
2347
4396
303
2352
2355
307
313
316
4412
2366
4415
4416
4417
322
327
4424
4425
333
4431
2384
2385
337
2386
4434
341
344
2394
2396
2397
2398
2399
352
2403
357
4456
4459
4460
2414
4463
367
2415
4465
372
374
2424
2428
4478
383
4480
385
2435
2436
390
4486
2441
2443
2445
398
4494
4496
4499
2452
4501
406
4504
410
413
414
418
420
426
430
432
2484
2485
4535
2488
2491
2493
446
448
4544
452
457
2505
4554
4556
2509
462
465
4567
471
474
476
4573
4574
2527
479
2528
2529
485
4582
2536
490
4586
493
496
498
499
4596
501
4600
506
4609
515
2564
4614
520
2572
530
2579
532
4637
541
2593
4641
2595
549
4647
4648
4649
4650
2608
4659
567
2622
4672
578
2628
4680
2633
4683
2638
4689
593
2641
594
2643
4692
4694
4695
2651
604
605
4702
608
2657
4707
4708
2665
4714
2667
621
4720
627
4723
2676
2677
4726
4728
2680
4732
636
637
2685
2687
2692
647
2702
4756
2712
2714
2715
667
2717
676
4772
2726
679
4777
4778
2732
2734
4782
4783
2737
4789
694
2742
695
699
700
4800
704
2754
4803
2755
2756
2757
710
4810
4811
4814
721
4818
722
4821
728
4828
733
2781
734
736
4838
2792
745
746
4843
748
2797
753
4851
758
2812
765
767
4863
772
2823
4872
777
778
4874
4875
780
2834
786
4887
794
2842
4890
2845
2848
803
2851
2856
4906
810
2859
2863
4913
819
821
825
4921
4930
837
838
4934
840
4936
841
4937
843
4946
851
2901
856
2904
4954
861
864
4963
4966
4969
874
4970
879
2927
2929
882
2930
4982
889
4987
891
4990
2950
5000
5003
917
921
5022
2978
2979
932
2980
5029
934
5031
2984
936
5035
942
5039
943
2994
5044
2998
5048
953
5056
5058
3011
3013
5063
967
5074
980
3029
5078
3033
3034
3035
5084
3038
5087
3042
3043
3044
996
5093
997
3047
5097
3051
1004
5103
1010
5111
3064
1018
5115
1019
5116
3070
1023
1024
5121
3080
1032
3085
5136
3089
3091
3093
1050
3100
3102
1056
5153
3107
5157
1065
3115
1069
5165
3120
3122
5171
5172
1078
1079
3130
5180
3133
1085
5181
5182
1086
3134
1088
3137
1089
3139
3140
1094
5192
1096
1097
1098
1100
5197
3155
5206
1111
5207
3159
1114
5210
5211
3165
1118
5216
1120
1121
1129
1131
1133
3181
3182
3187
5235
3189
5237
5238
1144
5242
1147
3199
5248
5250
3204
1160
1168
3217
1169
3218
5266
3219
1174
3225
1177
1178
1179
3229
1182
3231
1183
5279
3234
5291
3244
5297
5303
5309
1217
3270
1223
5320
1224
3273
5323
3275
1235
5332
5334
1239
1241
3289
5338
3291
3292
3293
3296
1251
3300
3301
1256
1260
5357
5359
1263
1267
1268
5370
5372
3325
1281
5377
1286
5382
3336
1290
3339
5388
3340
1292
1293
5391
1299
5397
3350
5398
1303
5401
3355
1308
3358
1310
1314
1317
3371
1326
3374
3376
5428
1333
5429
5431
3388
5436
5438
5440
5441
3394
3396
3397
3399
5447
3400
3401
1355
3404
5453
3410
5458
1363
3414
5463
3417
3418
1370
5469
1374
3424
1377
5478
1382
1383
1384
5484
1389
3442
1395
1396
1398
5494
5495
5496
3456
5505
1410
1413
1415
5515
3469
3471
1424
3472
5524
3477
1430
1431
1433
3482
1434
1436
5536
5538
1446
5543
3499
1452
1453
5550
5553
1458
3508
1461
1463
5560
5561
1468
5566
5569
5572
3526
3532
3533
3536
3537
3539
1493
3545
3548
3549
3553
3561
1516
1517
3565
1519
3571
1524
3577
1530
1532
1533
3581
3582
1536
3587
1540
3595
1550
3599
1558
3609
1562
3613
1566
1569
3624
3626
3627
1580
3633
1588
1594
3643
3644
3648
3651
1604
1614
3663
3666
1619
1620
3668
3670
3672
1631
3679
3680
1636
1637
3691
1646
1648
1649
1655
1656
1657
3707
1660
1664
3715
3716
3719
1672
1676
3727
3728
3730
1683
3738
3745
1699
1701
3750
1703
3751
3752
3757
3758
3763
1716
1724
1726
1728
3777
3785
3787
3789
3792
3804
1757
1766
1770
3819
1774
1775
3826
1781
3830
1787
3837
3850
3853
3854
1807
1810
3859
3860
3868
1823
3877
3878
1830
1834
1840
3889
3890
1843
1844
3893
3902
3908
3913
1867
3917
1873
3921
1874
1875
3927
1886
3937
1895
3944
3948
3950
3951
1904
1907
1910
3959
1914
3965
1920
3980
3984
1939
1943
3992
1948
1954
4004
4005
1963
4020
4023
4029
1982
1983
1986
4034
1990
4051
4053
4056
2014
4063
4066
2018
4067
2020
2022
2028
2033
4082
2036
2037
4086
2039
4091
2043
15
323
134
102
203
43
76
300
77
333
79
240
57
122
251
220
