933
4097
4098
2051
2052
4101
4103
2058
4108
14
19
4118
2070
4121
27
4126
2080
2081
2084
36
4133
39
40
45
4142
4145
2100
53
55
2103
4154
70
71
2121
4169
74
2122
2123
4177
81
2130
4181
4184
4185
4188
2141
94
4193
98
2147
102
104
4203
2158
2159
2160
4208
115
2165
2168
122
4220
2172
2173
4225
2177
2178
4227
4236
4237
2192
4240
147
4244
4248
153
2206
159
4264
168
4268
2220
4270
2222
174
178
4276
180
182
184
2234
4282
2237
2238
195
197
201
2251
2255
208
2259
2268
2270
2272
4321
226
2277
235
2287
2288
2290
4338
4339
244
2296
248
249
253
4350
4351
256
2306
2307
2309
261
2311
2313
273
2322
274
275
2324
2326
280
282
4378
2334
289
290
4388
2341
2342
296
4394
4396
304
2352
4403
2355
4408
313
2361
316
4412
4413
4415
4417
324
2375
4431
2385
4434
2386
2387
4435
4437
342
4438
2393
4441
347
2397
2399
352
2403
357
2410
2411
4461
2413
4462
2414
4463
2415
4465
371
4468
2421
4470
375
2427
2428
4480
2432
2433
2435
2436
4485
390
4487
393
2443
4493
398
400
404
4501
4502
410
4507
4509
413
414
4512
2464
416
418
420
4519
429
431
2486
2488
2491
2493
446
4544
2501
4549
456
2505
4556
2508
2509
4559
4561
465
466
2515
4563
470
4571
476
4574
2529
484
4580
2536
4586
4588
494
2543
499
501
4602
508
2556
4609
2564
4612
516
4613
4614
4615
2568
522
4625
530
2579
532
2582
536
2584
4637
542
2591
2593
4641
2595
2597
549
4647
4649
4650
558
559
4660
2613
4662
4663
569
570
572
575
4671
2624
2626
4679
4680
4681
2635
589
594
4691
4692
4695
2649
4699
4702
609
611
612
4712
4714
2667
4715
4716
2671
623
2672
2673
4723
627
2676
630
4728
4732
637
4736
2690
4739
2692
4743
647
4747
4750
4751
660
4756
666
2717
2721
673
4777
2734
4789
2741
695
2745
697
699
2748
4800
2755
707
2756
708
2757
710
4809
2762
2767
4815
4818
4819
725
2773
4830
735
4838
2790
743
2792
744
745
746
753
2801
4849
2802
754
2805
758
762
4859
765
4863
772
2820
2821
4870
777
4875
4883
4884
4887
2842
2843
798
2847
2848
4896
803
2853
805
2858
4906
2862
2863
4913
4914
820
821
4918
825
2875
2878
4926
834
2883
2885
4934
4935
4938
843
845
4947
851
4949
2901
856
857
861
2915
4963
872
4969
2921
4970
874
2927
879
2928
882
4987
4992
2946
4996
901
2949
906
5003
910
911
2964
918
2969
5019
5022
2974
927
5025
933
935
5032
942
5039
2995
2997
950
2999
5048
952
3005
959
962
5061
967
5065
5067
975
5074
980
3029
5078
984
5081
5084
5085
3039
993
994
5093
997
999
3047
3048
5097
3054
5103
1010
3060
1014
3062
5112
5114
5115
5117
5118
1023
1025
1029
1031
3084
1039
5136
3089
1042
5139
3091
3093
3102
1055
1056
5153
1059
1069
5165
1071
3120
1074
5171
1076
1078
1079
3130
5180
3133
3134
1086
5182
1089
3139
3140
1094
5192
5194
1100
3148
1101
3150
1103
5206
1111
1114
1115
5214
5215
1119
5216
5217
1125
1128
5224
5226
5227
1132
1133
3183
1136
3189
1147
3204
5252
3205
5254
1160
1162
3210
1166
5264
1168
5265
5266
3219
3221
5270
3223
1175
1177
3225
3229
5277
1182
1183
5280
3234
1186
3240
3243
3244
1196
5294
3247
1200
3252
5301
5303
3257
3259
3260
1215
1217
1218
1221
3270
1224
5320
3273
1226
5323
3276
3277
1235
5334
5337
3289
5338
3291
3292
3295
1247
5343
1251
3300
3307
1260
5359
1268
3322
5372
3324
3325
5374
3329
3330
1282
3333
5382
1290
3338
3339
3340
1292
1293
3342
5391
5392
3346
1298
5395
1299
3348
5398
5400
3355
1308
3359
5408
5411
1315
3366
1319
5415
3369
5417
3371
3372
5421
3374
1326
1327
3377
3380
1333
5429
5431
5435
3388
3396
3397
5447
3400
1352
1355
5452
1357
3405
3410
1364
3414
3417
1370
3418
3420
5469
3424
1376
1377
5474
5478
1383
1389
5485
3438
3439
1392
1396
5494
1398
5496
1401
3451
3452
3456
1409
3461
5513
5515
3468
1420
1424
3472
5524
3477
1430
3480
1434
3482
5536
1442
1446
3499
5550
5553
5555
1461
1463
3513
1468
5566
5569
3523
1475
5572
3526
1478
1481
5578
3532
3533
3536
3537
1494
3544
3545
1497
3548
1501
3551
3553
1507
3558
1515
1519
3572
3577
3581
1535
1536
1540
1544
3593
3594
1546
1548
1550
3602
1560
3609
3614
1571
3624
3627
1587
1594
3643
1596
3651
1609
3660
1614
3664
3666
3676
3679
3680
1632
3681
1636
1643
3693
1649
3697
1656
3705
3719
3727
1680
1684
1685
1688
3738
1691
1692
1699
1700
1701
3750
1703
3757
3758
1714
3763
3765
1717
1718
1721
1725
3777
3778
3785
1744
3792
3796
1756
1757
3810
1766
1767
1770
3819
1781
3830
1784
1789
3837
1803
1810
3859
1817
3868
1823
3873
1829
1834
3890
1844
3896
1851
3901
1854
1857
3908
3911
1864
1870
3919
1875
3924
1883
1890
1892
3941
3944
3950
3954
1909
1920
1926
1927
3981
3984
1943
3992
3996
3997
4001
4002
4004
1961
4016
4017
4020
1972
4023
1981
1982
1984
4035
1994
1995
1998
4051
2005
2007
4058
2011
4063
2017
4066
4067
2029
2033
4082
4083
2036
2037
4086
2041
4091
2043
4092
2047
18
68
198
38
230
327
40
11
76
108
77
301
240
401
181
122
28
252
254
