906
2057
2058
4107
12
14
4113
2066
18
2067
4118
2070
27
2075
4126
2079
2080
4131
2085
4133
40
45
4145
2100
55
2103
4151
4157
4158
63
2112
67
2122
75
4181
4183
89
90
4189
95
97
2149
4197
102
115
116
4213
122
128
4225
136
138
2188
4236
142
2194
147
157
4254
2206
159
4257
166
168
2217
173
2221
2222
4272
178
4274
180
2232
4280
2234
187
2242
4290
195
197
4293
4296
207
211
217
4315
2270
223
4320
4321
226
227
4324
2284
4333
2286
4335
2290
4342
246
2296
249
4350
2302
4351
2303
2306
4357
2309
2310
4358
2313
4363
2316
4366
273
2322
2326
2334
290
293
4392
4394
2347
303
2352
2355
309
4407
4408
2361
313
316
317
318
4415
4417
2372
327
4425
333
4431
2383
4433
4434
2395
2396
4446
2399
352
4451
2403
357
2410
2411
364
2413
2414
4463
2418
4466
2422
2428
4480
2432
2433
386
2435
390
4486
392
2444
398
2448
4496
2452
410
414
418
2467
420
4519
2478
4528
2484
4533
2485
2486
2492
2493
448
449
2499
2501
4549
4550
456
457
2505
4554
2507
4556
2508
2509
4560
4563
4568
476
4574
479
2529
483
484
486
2536
490
4586
2542
494
499
500
4596
504
4603
512
2564
4614
4615
2568
520
4622
530
2582
536
2584
2588
2592
549
4647
4648
4649
4650
554
2606
559
4660
4666
570
4668
572
4669
2621
4672
2628
2631
4680
4681
589
593
2641
2643
4693
2646
4699
603
605
4702
2654
2655
609
4707
4712
4714
4715
2667
2674
4723
2676
629
2677
2681
4732
637
2686
2687
2688
2689
2690
4739
645
647
4745
4747
2702
2704
4756
662
663
665
2714
4766
673
674
2723
676
2724
679
4777
683
684
2734
686
4783
2737
4786
4789
2741
2742
695
2743
699
4795
702
4800
4801
707
4803
2755
708
2756
2757
2758
710
4806
2760
2767
4815
2768
2772
725
732
2781
734
736
2786
2790
4838
4839
2792
744
745
4843
4844
753
4849
2801
4850
757
760
4859
765
766
4863
767
4865
772
2820
2821
4870
4872
4875
2829
786
2842
2848
801
804
810
4906
2863
4913
4914
2867
4917
825
827
4928
833
839
841
4937
845
4946
4949
856
4952
4954
861
2910
4963
2916
4964
4965
4967
4970
2927
2929
4982
4983
4987
2942
4996
903
2952
5000
2953
907
908
2960
5009
914
919
5022
927
2980
933
934
5031
939
5035
941
942
5039
2995
947
2998
950
2999
5048
952
955
3005
5053
959
963
5065
971
3021
5070
975
5072
5074
980
3029
5078
3030
984
5080
3034
3036
5085
5087
3043
5094
998
3048
1001
3051
1003
3054
5103
1010
3060
1023
1024
5121
5125
1031
5130
3085
5136
3089
3091
3093
3100
3102
1056
5153
1057
3107
1059
5157
1065
1068
5165
1069
1073
5169
1074
1079
3130
5180
3133
1085
5182
1086
1088
1089
3139
1096
1098
3151
5206
3158
1111
3160
1112
1114
3165
5214
1118
1119
5216
1121
5219
5222
5227
3181
1133
3182
1139
5235
1140
5237
1143
1147
3199
5248
5250
3204
5252
3205
1160
5256
1162
1165
1168
3217
5266
5267
3219
3224
1177
1178
1179
1180
3229
1182
3231
1183
3234
5282
5283
5297
5301
1208
1209
5307
1214
1217
3267
5320
1224
3273
1235
1241
3292
5341
3295
1251
3300
1260
5359
3313
1268
5365
5372
3325
3326
1279
3327
1281
5377
3330
3331
1285
5382
3338
3339
3340
5388
1292
1293
3342
5391
1295
1296
3346
1299
5395
3350
5400
3355
3358
1310
5410
1315
1319
3367
3369
3370
3372
1326
3374
1327
3377
1330
5426
1332
3380
5429
1333
5431
5436
3389
1341
5438
5440
5441
1347
3396
3397
5447
3400
1355
3404
1362
1363
1364
3414
5463
3417
3418
1370
5469
3422
3424
1377
1382
1383
1389
1393
5491
1396
5495
5496
3452
3456
3461
5515
3468
1424
3472
3473
5523
5524
3477
1430
1433
1434
3482
1436
1441
3493
5542
1446
3499
1451
1452
5553
5556
3510
5560
5561
1468
1469
5566
5569
3523
5572
3525
5574
3526
5576
3530
1483
3532
3533
1486
3536
3537
3539
1493
1495
3544
3545
1500
1501
3559
3561
1514
3562
3563
1517
1519
3569
3571
1524
1528
1530
3580
1532
1533
1535
1536
1540
1543
3593
3595
1548
1550
3599
1551
1554
3609
3612
3614
1569
3624
3626
1580
1582
3633
1587
3638
3639
3643
3645
1599
3658
1614
3663
3666
1619
1620
3668
3672
3677
3680
1636
3684
3691
3692
1653
3705
3707
1660
1662
1664
1665
3719
3722
1677
3727
1680
3730
1683
1684
3735
1688
3738
1700
1701
1703
1707
3757
3758
3763
1716
1717
1722
3777
1732
3788
1741
3792
3793
3800
1753
1760
1761
1762
1763
1770
1775
3826
3830
1786
1797
3855
1809
1810
3859
3860
3861
1816
3868
1822
1823
3877
1840
3889
1843
3894
3895
1851
1857
3907
3908
3909
3911
1865
1867
3919
3920
1873
3921
1874
1875
1879
1886
3939
3941
1895
1909
3958
3959
3962
1914
1915
3965
1920
1927
3981
3984
1936
1938
3992
1950
4009
4016
4020
4023
1975
4025
4031
1984
4034
1990
4047
1999
4051
2004
4052
4053
4055
4058
4060
4062
4063
2017
4066
2019
4067
2020
2022
2028
2033
4082
2035
2036
4084
2037
4086
2043
4091
2044
16
134
327
139
76
77
240
308
276
248
121
251
380
92
253
189
350
