951
4101
4103
4108
18
4118
25
27
28
2077
4126
4127
4130
4131
2085
4133
39
40
4137
4142
4145
2103
4159
2112
67
4166
70
2122
74
75
2124
83
4184
89
4186
2138
4187
4188
4189
2141
94
4194
102
2157
2158
112
115
4213
2166
118
4216
122
4220
125
4225
2177
131
4228
133
135
2185
4234
4236
2188
4239
4241
2193
2194
147
153
4254
2208
2214
4264
2217
2220
4270
4272
4276
181
2231
184
2234
187
4284
2241
4291
4293
197
2249
2250
4298
205
2255
207
211
2261
2268
220
2269
222
226
4324
229
232
235
4333
4335
2290
4339
2296
249
253
4350
256
2306
4357
4358
2311
2313
4363
4364
2316
270
273
274
2322
2324
277
2333
2334
2335
289
4387
2342
295
297
2347
4396
2348
2350
303
304
305
2355
4403
4407
316
4413
318
2366
4415
4417
322
324
327
330
4428
4430
4431
2383
4432
4434
2386
342
4440
2396
2397
352
353
2403
357
2406
4459
2414
4465
2418
375
2428
4476
4477
4480
2435
2436
4485
2441
4494
398
2449
4499
2452
2453
406
4502
4504
413
2462
4512
2464
2465
2467
420
4519
426
4526
432
433
2484
437
2491
2493
446
4544
448
449
4547
2501
4551
2505
2506
2507
4556
2509
4561
465
2513
4562
466
4563
2518
471
2520
474
476
2527
2528
2529
4582
490
2542
2543
498
499
500
4596
501
4599
504
2552
4602
2556
4605
4609
4610
4612
516
4614
520
2568
4616
2572
4620
4622
530
532
4632
536
2587
4637
543
2591
545
4641
4643
2597
4649
4650
554
556
4652
562
4660
2613
4662
2614
4666
571
572
2622
4675
2628
582
2631
4680
4681
589
2638
593
4691
4692
2651
2652
604
605
4701
606
2655
4704
611
4707
2665
4714
2667
623
2671
2673
627
2676
4724
629
632
4732
2685
2687
4736
2690
2692
4741
646
4743
4745
4747
4750
2702
4751
4753
659
4756
661
662
2712
666
667
668
675
2724
4777
2734
4782
686
4783
2737
692
695
4792
699
4795
700
2750
2758
4806
4809
4810
2762
4811
720
721
4818
4819
2776
4826
4828
733
734
4830
736
2792
748
4847
2801
4849
2802
2805
2808
761
762
4859
765
4863
767
771
772
4870
2823
4874
4875
2828
784
788
2838
4886
790
4887
2841
2843
2846
798
2848
800
4896
801
803
805
807
808
4904
2856
2858
813
2861
2863
4913
824
825
4921
2873
827
4926
2878
834
2883
2885
838
840
841
4937
843
845
2894
2896
4946
2901
2903
856
2904
2908
861
865
2914
4964
872
874
4970
875
2927
2928
2929
881
2930
4987
891
4990
4996
903
5003
5004
2960
5009
919
5017
2970
2971
5019
5022
2974
927
2977
5026
2978
2979
932
935
2989
5038
5039
943
947
950
2998
5053
958
959
5056
5058
5061
5064
5067
5074
980
3029
5077
3030
5078
5081
3035
3038
5086
3039
993
3045
5093
999
3051
1003
5103
3061
1014
5112
5118
3070
1024
5121
1025
5123
1029
5127
5133
5136
3090
5139
3092
1050
5150
1056
5153
5158
1065
5162
1068
5166
5167
1071
5168
5169
1074
1079
3130
3133
5182
3134
1086
3139
5192
1097
5193
1098
5194
5195
3150
3151
1103
5206
1111
1112
1114
5211
3165
1119
5216
1121
5219
1124
3174
5227
1131
3181
3182
1134
5232
1136
3187
1139
1140
3189
5238
3192
1144
5242
1147
5243
3199
5248
3204
5252
5253
1160
3210
1166
3216
5265
3218
1178
1179
5277
1182
1183
3231
3234
5287
3241
3244
1196
1200
5297
3251
5301
1206
5303
3256
1209
3257
3259
5309
1215
1221
3270
5320
1224
3274
1226
5323
3276
3277
3279
1232
1235
5332
5334
5335
3292
5341
1247
3295
1248
1255
1260
3313
1268
5365
3320
5370
1281
5377
3331
1284
1286
5382
5385
1290
3340
5388
1292
5391
3348
1302
5398
1303
5401
3355
1310
3359
5408
3365
1319
5415
3370
1326
5425
5426
1332
1333
5429
1334
5436
3388
5438
3394
1347
3396
3397
5447
3402
5450
3404
5453
5456
3410
5458
1363
3411
3414
3415
5463
3418
5467
1374
3422
1375
3424
1377
3428
5477
1381
1383
1384
5483
5485
3439
1392
1393
1396
5494
3446
5495
5496
5498
5500
5505
1409
3460
1415
3465
5515
1421
5519
1424
3472
3477
3478
5528
1434
1436
1437
5534
5538
1446
5542
5546
1451
5555
3507
1460
1461
1463
5560
3513
1468
5566
5569
5572
1481
5578
3532
3539
1492
1496
3545
3549
3551
3554
1514
1516
1517
3566
1524
1525
3573
1527
3577
1533
3581
1535
1536
1537
3585
1540
1544
3593
1550
3609
1562
1563
3613
3624
3628
1580
3629
3633
1587
1594
3643
1596
3645
1599
3650
1609
3658
3660
1614
3663
3666
3670
3677
3680
3683
1636
3691
1644
1647
1648
1649
1653
1656
1657
3715
3719
1671
1672
1680
3728
1688
3738
1700
3749
1703
3752
3757
3758
1712
1716
3765
1720
1721
1723
3786
3787
3788
3789
1742
1744
3800
1757
3806
1760
1764
3813
1766
1770
1774
1775
3828
1781
1784
1786
1789
3837
3838
3841
1803
3853
3854
1807
1810
3859
3860
3865
3868
1823
3873
3877
3878
1830
3889
1843
3895
3901
3902
1864
3914
3915
3916
3919
3920
1873
3921
1874
1886
3934
3937
1895
1902
3951
1904
1905
1909
1910
3959
3965
1920
3980
1933
3983
3984
1936
3985
3987
1948
3997
1950
3999
4001
4004
1960
1961
4016
1972
1982
1984
1990
4058
2011
4060
2015
4066
2018
2019
4067
4072
2029
2033
4082
2035
4083
2036
4086
2039
4091
2043
2044
4092
2045
2047
16
161
100
132
134
203
139
77
333
80
401
277
248
344
316
28
254
