964
2051
3
2052
4101
4103
2058
4106
12
2065
4113
18
2070
23
25
27
2075
4126
2080
4130
4131
36
40
2090
45
4145
4147
2100
55
4152
56
4153
4154
63
2112
65
2115
2117
70
4166
2122
2123
4172
2125
4175
4177
2129
2131
83
4184
89
4185
90
2140
4188
2141
94
4192
97
4193
98
2147
102
4203
2158
2160
115
2166
122
4220
124
130
2178
4227
4228
135
136
2185
4234
4236
4239
4241
2194
147
4248
153
4251
159
2214
4264
168
2217
2220
4272
4276
182
2231
2232
184
2234
4282
2239
2242
195
2250
2251
2255
210
2261
217
2268
2269
223
2272
4320
4321
226
4324
229
232
235
2290
242
244
246
2296
248
249
4348
4350
2302
2306
260
4357
4358
2311
2313
4364
273
274
2324
2326
4378
2333
2334
2335
4388
2342
296
4394
4396
2348
2350
303
2352
2355
4408
2361
316
317
4415
4417
2372
327
4432
2384
4433
2385
4434
342
4438
344
4440
2393
2394
2397
2399
352
2403
357
360
361
2410
2411
4459
4460
364
2413
2414
2415
4465
372
2422
2428
4478
383
2432
4480
385
2433
2435
2436
4485
2443
2445
4499
2452
2453
2458
4509
420
4519
4520
426
429
430
433
2483
2484
2490
2491
443
2492
2493
446
4547
452
4549
456
457
2505
4553
2506
4554
2508
4556
2509
4561
4562
466
2515
2522
476
4573
4574
2529
4579
484
4582
4585
4588
492
493
2543
501
504
4600
2552
4602
506
2556
4605
4606
511
4609
4610
516
4612
4614
522
2572
530
536
2584
538
2587
4637
2591
543
2593
4641
4643
2595
2597
4645
4649
4650
558
559
562
4660
4662
4664
569
570
572
4669
2622
578
2626
4675
582
4679
4680
2635
4683
589
4685
593
594
4692
4694
4695
2651
2652
605
4704
609
611
4707
4712
2665
4713
4714
4715
4716
623
4721
2673
627
4724
2676
2677
632
4728
634
4732
2686
2689
4739
2692
646
4743
4750
4751
2704
4756
660
2712
2714
666
2715
667
2718
673
2726
679
4777
2734
687
4785
2737
2738
694
695
2743
2745
699
700
2750
4799
2754
4803
4809
4810
4811
2764
2766
4814
2767
4815
721
4821
725
2776
732
735
2784
2790
4838
744
2792
746
748
753
4849
2801
4851
2805
758
2808
761
4859
2812
765
4863
772
2820
2823
4872
4874
778
4875
780
784
2834
4883
2838
4887
798
4896
800
2848
801
805
2853
2856
2857
810
2858
2859
4913
4914
2867
821
825
4921
2874
2875
4926
831
2885
837
4934
840
4937
843
845
2894
851
856
4952
861
2910
2914
2915
868
872
874
4970
875
2927
2930
882
883
4982
889
891
4987
896
4992
4996
901
2950
5003
907
2960
2963
2964
917
921
2970
5022
2974
2979
932
933
5031
935
5035
2988
941
5038
942
943
947
5044
2999
952
3005
5056
3011
3012
3013
5063
971
3021
975
5076
980
5078
3030
984
5084
3039
3042
996
3044
3045
3047
1001
3054
1010
1011
3060
3062
1014
5111
5112
5115
1019
3070
1023
1024
1025
3074
1029
1031
1039
5136
3100
1056
5153
5155
1059
3108
1065
1069
5165
5167
1071
3120
1074
1078
1079
3130
3133
3134
1086
5182
1089
3139
3140
5192
1096
3144
1097
1098
3148
5197
3150
3155
3158
5206
1111
5207
3160
5210
3165
5214
5215
5216
1124
3174
5222
5227
3185
3189
5238
1144
3192
3193
5242
1147
1148
5248
3204
5253
3205
1160
3208
1162
3210
1167
5264
5265
5266
5267
1174
5270
1175
1177
3225
5277
1182
5279
1183
3234
1186
5286
3241
5291
1196
3246
1200
1201
5298
3251
5301
3256
1208
3257
5309
1215
5311
1217
1221
3270
1223
1224
5320
1226
3274
5323
3276
1232
1235
5332
5334
5335
1241
3289
5338
3291
3292
5343
1247
3295
1251
3300
3301
3303
1256
3307
1260
5357
1263
1266
1268
5365
3320
5370
1281
3329
3331
3338
3340
1292
5389
3342
1295
5391
1298
3348
1302
3350
5398
1303
5401
3355
1308
3358
1310
1315
5411
1317
1318
1319
3369
3370
3372
1326
1327
3376
1332
3380
1333
1334
3384
5433
3389
1341
5438
5440
5441
3396
3397
5447
3399
1353
1355
5452
5453
5458
3410
1364
3414
3415
3418
5468
5469
1374
3424
5474
3428
1382
5478
1383
1384
5484
1396
5494
1398
5496
5498
3452
5505
1413
3465
3466
5515
3468
1421
1424
3472
3477
1434
3482
1436
1437
5536
5538
3490
1446
5542
1453
1458
5555
5556
1461
3510
1463
1468
1469
5566
5569
5572
5574
1481
5578
3532
1486
3539
1493
1497
3548
1500
3549
3551
3553
3554
1519
1524
1527
3577
3580
1533
3582
1536
1537
1540
3591
1544
3593
3594
1548
1550
1558
1560
3609
1562
1563
3614
1569
3624
3625
3627
3628
3629
3638
1594
3643
1596
1598
1603
3651
1604
3655
1609
1614
3664
3666
1619
1620
3670
3679
3681
3683
1636
3684
1648
1649
3697
1650
1656
3705
1670
3719
1671
1672
1673
3726
3728
3730
1688
3738
1691
1699
1700
3750
3751
1703
1706
3758
1712
1714
1717
1723
1725
1728
3778
3785
3786
1741
3792
1753
1757
1766
1770
1775
1778
1784
3837
1803
3854
1810
1817
3868
1820
1823
1834
3886
1840
3890
3891
1844
3898
1851
1857
3908
3911
1864
3916
3917
1870
3919
3920
1882
3938
3939
3941
3948
3950
3951
1909
3962
1927
3980
3983
3984
1939
1943
3999
4001
1953
1960
1961
1966
4016
4017
4029
1981
1982
4032
4033
4034
4035
4037
4045
4046
2005
4055
2007
4056
2010
4058
2014
4063
4064
2017
4066
4067
4073
2025
2033
2036
2037
4086
2039
4090
2043
4091
2044
2046
2047
16
323
292
100
68
327
203
11
107
77
178
277
57
122
26
254
350
