910
4098
3
2052
4101
4103
2058
12
2063
4113
18
4118
2070
2075
27
2077
2078
4126
4127
4131
4133
2085
4140
45
2094
4145
2100
55
2103
4153
4154
63
4159
2112
67
2117
70
2122
75
4172
2129
4181
4184
89
4185
4187
4188
4189
2141
94
4192
97
4193
4194
115
4216
4218
122
124
125
4225
2177
2183
136
137
2194
147
153
4254
159
2208
2214
168
4264
2217
169
2220
4272
2225
178
4275
4276
182
2232
184
4282
2234
187
2239
2242
4293
204
2255
210
211
217
2268
4320
4321
226
228
235
4335
2290
4339
246
2296
2297
249
252
4348
253
2302
256
2306
260
4357
2313
2318
4369
273
2322
2324
2326
4380
2334
290
4387
2342
297
4394
4396
2351
303
2352
304
2355
4403
4407
4408
313
2361
4412
316
317
4415
4416
4417
324
2372
327
4424
2382
4431
4433
2386
342
348
2397
2399
352
2403
357
2406
360
2410
2411
2413
2414
367
4465
2418
4466
2422
4476
2428
2432
4480
2433
2435
4485
2441
2443
395
2445
2452
4501
4502
406
4504
410
4508
4509
2462
414
415
420
4519
432
2483
4537
2492
2493
446
4544
4549
4551
456
2505
457
4554
2508
4556
2509
4562
2515
2516
474
2523
476
2527
2528
2529
4579
484
4585
4586
2542
2543
2546
498
500
4596
4599
504
506
4602
2556
511
4609
4612
516
519
4622
530
532
536
2584
538
4637
2591
544
2592
549
4645
4649
4650
554
559
2610
4659
4660
2613
4662
569
572
4669
2621
2626
582
2631
4679
4680
2634
589
4685
2638
4689
593
4693
4697
603
4701
609
4707
611
4708
4714
4715
4716
2671
623
4720
2676
629
2677
4728
4732
636
2685
2686
4736
2689
2690
4739
2692
4741
647
4743
4745
4747
660
4756
662
666
2714
2717
673
674
2723
2724
2727
4777
2732
2734
4782
2737
2739
4787
2743
695
2745
4795
699
702
704
4801
2755
4803
2757
2758
710
4809
2764
4813
4815
2767
4819
725
2776
732
4828
733
735
4838
2790
744
2792
745
4847
753
2801
765
4862
4863
771
772
2820
4870
2824
4875
786
4883
788
4886
791
2841
2842
794
4892
2848
4896
801
803
2851
804
2853
805
807
2857
810
4906
2858
2863
4914
2867
821
825
2873
2874
827
2875
2878
4926
4928
2881
834
2885
838
4936
4937
845
2901
856
2904
2908
2910
2915
2919
4967
872
4969
4970
883
4982
4984
4987
4990
4992
4996
901
903
2953
907
5003
2960
914
5019
5022
927
2975
2978
5026
933
5031
935
5035
2988
941
942
5039
950
2999
952
953
3005
959
5058
5064
971
5068
3021
975
3026
980
5078
984
5081
3035
5086
3038
993
1001
3054
1010
3060
1014
5112
3067
1023
1025
3074
1029
1031
1032
5136
3090
5139
5144
1050
3100
1056
5153
1059
3107
3108
1065
1069
5165
5166
1071
1074
3122
5171
5172
1079
3130
5180
3133
5182
3134
1086
3139
1094
1096
3144
5193
1097
5194
3151
3158
5206
1111
3160
5211
1118
5215
3167
1120
5216
5219
3172
5222
1127
5227
3181
1136
3185
1139
3189
5238
3193
1146
1147
5248
3204
5252
3205
1160
1162
1166
1167
5264
1168
5265
5266
3218
3219
5267
5270
3224
3229
5277
1182
1183
3234
1186
1192
5291
3244
1196
1200
1201
5298
5301
5303
1207
1208
3257
5307
5309
3263
5311
1215
1217
1221
3270
1223
1224
5320
1226
3276
3279
1235
5334
1239
3292
5343
1247
1251
3300
3307
1260
3313
1266
1268
3325
3327
1281
3329
5377
5382
1286
5385
3338
1290
3339
1292
3340
5389
1293
3341
3342
1295
5391
1298
1299
3348
3350
5398
3355
1310
3358
3359
5408
1315
5411
3365
1317
1318
1319
1320
3369
3370
5418
3372
1326
3374
1327
3380
5428
1333
3384
3388
5436
3389
1341
5438
5440
5441
3394
3396
3397
3400
1355
5452
1361
3410
1362
1364
3413
1370
3418
3424
1377
5474
5477
1382
5479
1383
1389
5485
3439
5487
1396
5494
5496
5500
3452
1409
1415
5515
3468
1424
3472
3477
1432
5529
1434
1436
5534
1440
3490
5542
1446
5546
5550
5553
5555
5556
3510
5560
1468
1469
5566
5569
5572
3526
5574
3527
3532
1486
3537
3539
1496
1500
3548
3551
3553
3561
1514
3563
1516
3566
1519
1524
3577
1530
3581
1533
1536
1540
1544
3593
3594
3595
1548
1550
3599
3609
3614
3618
3624
3629
1582
3633
1587
3638
3643
3644
1596
1598
1599
3650
3660
3663
3666
1620
3677
1631
3680
1633
3684
1636
1637
1653
1656
1657
3705
1665
3715
3719
1671
1673
3726
3727
3730
1683
3733
3738
1691
3745
1700
1701
1703
3758
3763
1717
3766
1721
1726
3777
3783
3787
3788
1741
3789
3792
1744
1753
1757
1766
1770
3819
1774
1775
1778
1784
1786
1787
3838
3839
3847
1803
3853
1807
1810
3859
3860
3861
3865
3868
1823
3873
1828
3878
1840
1843
3891
1851
3901
3902
1857
3908
1864
1870
3919
3920
1882
1886
3937
3939
1892
3941
1895
1896
3948
1909
1910
3962
1914
3965
1927
3984
3985
3992
1948
1953
4001
4004
1961
1964
1966
4016
4017
4020
1972
4024
1983
1984
1986
4034
4035
4037
1990
4045
4046
4051
2007
4055
4056
4058
4060
4063
2017
4066
2019
4067
4072
4073
2025
2028
2031
2033
2036
2037
4086
4091
2044
2046
2047
16
161
386
98
68
327
76
77
333
79
401
178
248
121
26
350
254
