972
2051
2052
4101
4103
4106
4107
2065
23
27
28
4126
31
2080
2081
4130
4131
36
4132
2085
4133
2090
4142
46
2095
4145
50
4147
2100
54
55
4152
56
4154
61
4159
2112
4160
65
67
4166
71
72
2121
2122
2123
2125
4174
4175
4177
83
2131
4185
2138
90
4187
4188
2140
94
4193
4194
2147
101
4197
102
4203
109
2158
2160
4208
4216
122
4220
2172
124
2173
4225
2178
130
2183
2185
137
4234
4236
2192
2194
147
4246
4248
2202
154
2203
4261
2214
168
4264
2220
2222
4272
2225
4276
180
182
4282
2234
2239
2241
4293
198
2251
204
4301
2261
2268
2270
223
226
4324
229
2288
2290
242
243
244
2296
249
2297
252
4350
4351
2306
259
2309
263
2313
2318
273
274
4378
283
2334
4382
2335
4387
4388
2342
296
297
4394
4396
303
2352
307
316
4412
2366
4415
4416
4417
322
327
4424
330
2385
2386
4434
4435
341
4438
4440
2394
2397
2399
352
2403
357
361
2410
2414
367
2415
4463
4468
4469
374
2424
2428
4477
4480
385
386
2435
4483
2436
390
4489
2441
2443
2445
4494
2452
2453
4501
406
4504
2458
4509
418
420
4520
426
432
433
2484
4535
2488
2490
443
2493
446
4544
4547
452
4550
456
2505
4556
2509
462
4561
465
2513
4562
2515
4567
471
473
2522
474
476
4573
4574
2527
2529
484
4580
2536
492
2543
496
498
499
4596
501
2549
2552
506
2556
4606
4609
4610
515
2564
4613
4614
530
2579
532
543
2593
4641
2594
2595
4643
4647
4649
4650
2606
558
562
4659
2615
567
4664
569
572
4669
2626
578
2627
4675
2628
582
4679
4680
2633
4681
2638
592
593
4689
594
4692
2645
4693
4695
604
2652
4702
608
4704
609
4705
4707
4708
613
4712
2665
4713
4714
2667
4716
621
4720
4721
2673
627
2676
2678
4728
634
4732
636
637
2685
2692
646
4750
4751
2704
660
4756
661
2712
666
667
2716
2717
2718
2724
2726
679
4777
2732
2734
4782
687
4783
4785
2737
2738
4789
695
2745
699
2750
4799
703
704
4800
2754
707
2756
710
2763
2765
4814
2766
2767
2768
4818
723
2773
4821
728
4828
2781
733
4830
735
2784
4838
744
2792
2793
746
2801
753
4849
4851
2805
758
761
4859
765
4863
772
4872
777
4875
780
784
4883
4884
790
2838
794
2845
798
800
2848
801
2851
803
2853
2856
2858
2863
4913
821
825
826
2874
2875
831
837
4934
838
840
4936
843
4946
851
2901
4949
856
2904
4955
2914
2915
4963
868
4969
874
4970
882
4980
889
4987
4990
895
4992
896
4996
901
5003
2960
2963
2969
921
2970
5019
5022
2978
931
5029
5030
2984
942
5038
5039
947
5044
2997
2999
5048
953
3005
5056
960
5058
962
3012
967
5063
5074
5076
980
3029
982
5078
3033
3035
5084
3038
3039
994
3044
996
5093
3045
997
3047
3048
5103
3057
1010
1011
3060
5111
5115
1019
1023
3071
3080
1032
5128
3084
3085
5133
5136
3089
5139
3093
1050
5147
3101
5150
3102
5153
5155
3112
1065
5162
5165
1069
1071
5167
3120
1074
3122
1075
5172
1078
1079
3130
3133
5181
1086
5182
1089
3140
5188
1094
1096
1097
1098
1100
3148
5206
5207
1111
5210
5211
3165
1118
5216
1120
5217
1124
3174
1128
5227
1131
1132
1133
3182
1136
5233
1139
3187
5238
5239
1144
5242
1147
1148
5248
3204
5253
3208
3210
5264
5266
3218
5270
1174
3225
1177
1180
1182
1183
3234
1186
3240
5291
3244
3246
1201
3251
3252
5303
3256
1210
3260
5309
5311
3264
1217
3270
5320
3273
3274
5323
1235
5334
5335
1239
3289
1241
5338
3291
3292
5342
3295
1248
5346
1251
3300
3303
1256
3307
1263
5359
3312
1268
5365
1270
3320
5370
5372
1278
1281
3331
1284
1286
1290
1292
3340
5391
1298
5395
3348
5397
1302
5398
3350
1303
5401
3355
1308
5405
1310
1314
1315
5411
1317
1318
1319
5417
3370
5421
1326
5422
1327
3377
1332
3380
5428
1333
5429
1334
5431
5433
3388
5436
3394
3396
3397
1352
1353
5450
1355
5452
3405
3410
1365
3414
3415
3417
3418
5467
5469
3424
1377
5474
3428
5478
1383
5484
5488
3442
1396
5493
1398
5494
3446
3451
3456
1410
1414
1415
3465
3466
5515
1421
3471
1424
3472
5524
3477
1430
1431
1434
3482
1437
5536
5538
5542
1446
5543
3499
5550
5555
1461
1462
1463
5560
1468
1469
5566
1475
5572
1478
5578
3532
5580
3533
3536
3539
3545
3548
3553
3561
1516
3565
1519
1524
3573
1527
3577
1530
1532
3580
3581
1536
1540
3591
1544
3594
1550
3609
1562
1563
3613
1566
1569
1571
3624
3625
3626
3627
3629
3633
1587
1594
3643
3644
3646
3651
1603
3653
3655
3660
3663
3664
3666
1619
3669
3676
3677
3679
1631
1636
1637
3693
1648
1649
3698
1650
1655
1656
3715
3716
1670
3719
1671
1676
1678
1680
3728
1683
3732
1688
3738
1691
1692
3745
1699
1700
3750
1706
3757
3758
1713
1718
1723
1726
1734
3785
3786
3787
3789
3792
1744
3795
1753
1757
3810
1766
1770
3818
3819
1774
1775
1781
3830
1787
3838
1803
3853
1807
1810
3859
1815
1817
1819
3868
1820
1823
1830
3878
1834
3886
3890
3891
1844
3898
1851
3902
3911
3913
3917
1870
1872
1874
1875
3927
1886
3937
1895
3950
1904
1907
1914
3965
1920
3970
3971
1933
3983
3984
1943
1948
3999
4004
1956
4005
1960
1961
1963
4014
4016
4017
4023
4029
1982
1983
4032
4033
1986
1989
1990
1994
1998
2007
4056
4058
2010
4063
4064
2018
2028
2031
4080
2033
4082
4084
2036
4086
2039
4090
4091
18
323
68
292
100
230
107
300
77
173
333
79
175
80
240
374
122
379
220
