948
4098
4101
2058
4107
4108
4113
4118
2070
2075
4130
4131
4133
2085
39
4137
4140
45
46
2094
4145
50
55
63
4159
67
4166
2124
4174
83
4181
89
4186
4187
4188
95
97
4194
2149
4197
102
4203
2157
2158
2159
112
115
118
4216
122
4218
4223
128
4225
131
2183
136
2185
137
142
2193
2194
147
4244
4248
153
2202
157
159
4257
4261
166
2214
168
2217
2220
173
174
178
4276
181
2232
4284
4290
4291
4293
2249
4298
204
205
2261
217
220
222
4320
226
229
2284
2286
2288
2290
246
2296
2297
252
2302
4350
4358
263
2313
270
2318
273
4369
2322
2326
280
2334
2335
290
4387
293
295
297
4394
2347
4396
303
2351
2352
305
2355
2357
313
2361
316
4412
4413
317
2366
4415
4416
4417
327
4424
4425
4428
333
4430
4432
4433
4434
2386
4440
2399
352
353
2403
2410
2411
364
4461
2413
4462
367
4466
2422
2428
2432
2433
386
4486
2441
2443
398
4496
400
2449
2452
2453
4501
406
407
4504
410
4507
414
2465
420
426
4526
431
432
433
2485
437
2492
446
4544
4547
4549
4551
457
2505
4554
2508
4561
4562
2518
2520
474
2523
476
479
2527
2528
484
4586
494
498
2546
499
4596
501
2552
4603
2557
4609
4610
4616
4620
4622
532
536
4632
2584
4637
543
2592
544
545
4641
2594
4643
549
4648
4649
4650
556
4652
558
559
562
4659
4660
2614
4662
2615
571
572
4669
2621
4671
4672
2624
4675
582
4681
2635
589
2638
592
2641
593
4689
2643
4691
4692
4693
4697
603
2652
606
4704
4705
609
4707
611
612
2660
4708
613
2667
4715
4720
2673
4723
2676
2677
630
4732
636
2689
4739
2692
646
647
4747
4750
4751
2704
659
2714
667
668
2717
673
674
675
2723
2724
2727
683
2732
2734
4782
2737
2739
692
2741
2742
695
2743
4792
2745
699
2750
702
703
704
4801
707
4803
2755
708
2757
4813
4815
2767
2768
720
4818
723
725
729
4826
732
4828
733
4830
4838
2790
744
745
2793
4843
753
2805
761
771
2820
2824
2828
784
786
2838
2842
794
4892
2846
798
2847
800
801
2851
803
804
808
4904
810
4906
813
2861
4914
2867
821
824
825
2878
4928
2883
4934
838
840
4936
4937
2891
845
4946
2901
2903
856
2904
4954
2906
2910
865
2914
2916
4967
4969
4970
874
875
881
4982
4983
889
4987
4990
2949
5000
2953
907
5003
5004
914
5017
2970
5019
2971
5022
2977
2978
2980
933
934
5031
5035
2989
941
942
5038
5039
947
2997
2999
952
953
3005
958
5058
971
5068
3021
975
5074
3029
5077
5078
982
984
3034
3035
5085
3038
5087
3039
3043
3045
3048
5097
1001
3053
3054
5103
1010
3060
3061
5115
3067
1020
1023
5127
1031
3080
1032
3085
3091
3092
1050
3100
3101
1056
1057
5153
3107
1059
5158
1065
5165
1069
5167
5168
1073
1074
3122
1075
5172
3130
5180
1085
1086
1088
1089
3139
1094
5192
1096
1097
1098
5194
5195
3150
3158
1111
5207
3160
1114
1115
5211
1118
5214
1120
5219
1124
3172
3174
5222
1127
3181
3182
1134
3183
5232
1139
5235
5238
5240
5242
5243
5250
5253
3205
1160
1162
5262
5264
3216
1168
3217
3218
5266
5267
3219
1180
3229
1182
1190
5287
5289
3243
3244
5294
3251
1206
5303
1207
1208
3256
5307
3260
5309
5311
3263
3267
1221
3270
1224
3274
1226
5323
3278
1235
5334
5335
1239
3292
5343
1251
3300
1255
1260
1268
5365
3320
5370
3325
3326
1278
1281
5377
3330
3331
1284
5382
1286
3338
1290
3339
1292
1293
5389
3342
1295
1297
1299
1302
3350
1303
5400
5401
1308
1309
3358
1310
1315
1319
3369
3370
3372
1326
3374
5425
5427
3380
1332
5428
5429
1333
1334
5436
3389
1341
5438
5440
5441
3397
3400
3402
1355
5456
1362
3410
3411
1364
3413
3414
3415
1370
1375
1377
3428
1381
1382
1383
5479
5483
1389
5496
1401
3452
3461
1414
1415
5513
3465
3468
1421
5519
1424
3477
3478
5528
1432
1433
1434
1437
1440
1441
1442
5538
5542
1446
1452
5550
5553
5555
1459
3507
5556
1460
1461
3510
1462
5560
5561
5566
5569
5574
3526
1478
5576
3530
5578
5580
1486
3537
1492
1493
3545
1497
1500
3561
3562
1515
3563
1516
1519
3569
3571
1524
1525
1527
1528
1530
1532
3580
1533
3581
1535
3583
3585
3593
3595
1548
1550
3599
1552
1563
3614
3618
3626
3629
1582
3633
1594
3644
3646
3660
3663
3666
3668
1620
3672
3676
3677
1631
3680
1633
3684
1636
1637
1644
3692
3698
1653
1656
3705
1657
3707
1660
1662
1664
3715
3719
3727
1680
3728
3730
1683
3738
1691
3745
1699
1700
1701
3749
1703
3752
1707
3757
1713
3763
3765
1717
1720
1723
1726
3777
1734
3786
3787
1741
3789
1742
3792
3793
1753
3806
1764
3813
3819
1774
1775
3826
3828
1781
1787
3837
3838
3841
3847
3853
1807
3861
3862
1816
1817
1823
3877
3878
1840
3890
3902
1857
1858
3908
3914
1867
3915
1870
3919
3920
1873
3924
1883
3934
3937
3939
1892
3941
1895
1902
1904
1905
1909
3958
1910
3962
1914
1915
3965
1920
3970
1926
1927
3983
3984
3987
3992
1948
3997
3999
4004
1960
4009
1964
4014
4016
4017
4020
1977
1981
1982
1983
4034
1986
4035
1990
4039
4041
1999
4051
2004
4052
4055
4056
2011
4062
4063
2015
2017
4066
4067
2020
2022
2028
2031
4082
2036
2037
4086
4088
2041
2043
2044
2045
4094
16
386
132
100
327
76
301
333
79
374
344
121
251
316
92
221
350
