160
1282
1542
774
1544
520
2060
12
524
14
1553
20
1045
2070
1046
534
24
536
537
282
1820
543
801
34
1315
547
1830
806
296
1065
1069
301
2094
817
2099
1587
1331
565
825
826
60
1340
829
2110
318
831
2114
842
586
2122
1868
1612
1616
2128
81
2131
339
340
2132
341
87
600
857
1625
1626
1883
1119
608
352
1377
356
1124
2149
2150
1382
107
1131
108
1645
366
623
1395
1653
1910
375
1145
634
1661
1412
389
1414
2182
393
2185
141
1167
2191
144
402
1431
1688
1178
1182
1183
2209
1954
2211
676
2214
1703
681
1708
428
2222
1454
1199
431
178
947
179
1974
1976
1468
1981
957
962
1219
1477
1733
710
1479
1737
1484
1231
722
1746
979
2004
1237
1750
215
984
985
729
475
988
2019
2025
1258
2030
1777
1778
243
756
2037
1527
1016
248
760
1275
2043
1
38
