1193
4098
6146
8197
4102
10246
10251
10256
4115
8212
8213
22
4121
6171
10270
6174
10275
10277
2088
6186
4139
43
4142
8241
8244
4150
2106
6203
10300
8253
10304
10305
2115
10309
4167
72
2121
76
10316
4173
6222
2129
6227
85
2133
8278
2136
90
4186
8283
10331
10332
10333
8287
10337
8293
102
2150
4200
2155
10347
2156
10348
2157
6254
10350
4207
10351
4208
6256
112
8308
2166
6262
125
10366
8319
10368
6275
8323
137
4235
6285
2189
4238
6291
4244
2196
148
10390
2198
6295
8343
2202
10396
2204
4254
10398
6303
159
6304
161
4257
10403
6309
2213
10406
166
8361
2217
184
6334
193
2241
2245
6342
10439
4298
204
4302
10447
6352
2259
211
6357
213
8407
10455
10456
217
218
219
220
8413
2270
6366
2271
4322
228
6376
2280
6380
6381
10479
6384
2288
6385
241
10482
244
2294
10488
249
252
8445
254
4355
8452
6405
6409
266
10508
6416
272
10513
274
2324
8469
280
10522
283
10526
2334
8478
2336
6432
2337
8481
290
293
4390
296
10536
8488
6442
8490
8492
10541
301
10543
2352
2354
2355
308
10549
10552
6458
8508
316
6462
6463
10560
8512
10562
4421
2377
6473
8523
4428
8527
4432
10582
2390
10583
2391
6488
10585
4444
6493
4447
2399
2401
6502
10598
360
10600
2409
2412
4461
6509
365
4462
2416
6518
2424
2427
8572
6527
384
6531
6532
2439
8584
4490
10643
6552
410
8604
4510
4513
417
2466
6562
4516
424
427
8621
4528
2481
8627
8629
8630
4537
10681
4538
6589
445
6592
4544
8643
4547
4551
457
4554
10698
8650
460
4557
2509
8655
10703
2511
464
2513
466
2515
10710
8662
2519
8666
8669
8671
2531
8678
10726
6633
2538
6635
10732
6636
8689
6647
6649
6653
6655
4608
2560
10753
4610
2566
6662
8710
8711
8712
2569
8714
8716
2576
8723
2579
4629
8726
535
10778
4636
2590
542
4640
10784
4641
10788
548
2600
6697
10798
4655
2611
4659
564
2614
4664
8761
2618
2620
8770
10819
10828
4684
4686
590
6736
10832
8785
2642
8787
10836
2644
4694
6744
6745
4697
2650
8795
8796
8802
4706
2658
4709
615
6759
6761
618
8811
8814
4720
8818
8819
10869
2678
636
8831
2687
10880
642
6788
10885
6789
8838
2695
648
10891
658
8850
8857
6812
4767
2721
4770
8867
2726
678
2728
681
4777
6826
2730
683
4780
10925
4781
8883
4789
8885
8886
4792
6841
6843
10942
8901
6853
6859
4811
8908
10956
4814
6862
8911
10961
2769
6866
6870
10966
4825
6874
6875
4830
10979
6885
10986
10987
6892
750
10993
6898
4851
756
6900
4854
6904
761
8955
8958
769
4865
11009
4866
11012
11015
777
8969
11020
4878
11022
6927
787
8980
6932
8985
11034
11035
4894
798
6943
2853
6950
11052
4909
2863
11055
11057
11058
4915
4916
9012
6967
2871
4919
9017
6969
2876
9022
2878
9023
4931
9031
2888
6987
11085
9037
2894
851
11092
9045
11098
4954
7003
2908
861
11102
864
4961
865
7011
9060
11109
11111
11114
7019
4971
876
4972
11116
4973
7022
4978
7027
9075
4981
886
9079
2936
7032
11133
9087
7041
4994
7042
11141
11144
9097
5001
11145
5004
5006
911
2960
7056
2965
11162
9115
5021
9118
11166
7072
7074
9123
2982
9127
7079
7080
7081
5035
5038
943
9136
9137
951
7095
11196
956
5053
5054
9153
7105
11203
3011
3013
11206
966
3015
11207
969
5069
976
11216
3025
978
9171
5076
9172
7128
987
3035
11228
9181
9182
990
5087
9185
11237
5095
3049
7147
1003
5101
3056
9200
1009
5108
9204
1014
3062
9207
11258
7162
9212
5117
3071
1027
11269
3077
3078
5127
11273
1035
11278
5135
3087
1040
3088
11280
11281
5138
1043
7188
5143
11289
11295
1056
5153
1058
5154
1059
1060
9252
1062
7210
1066
11307
5165
5166
1070
1071
5168
7217
5169
11319
1079
9273
7225
1086
7230
7232
7235
9285
5190
9286
3143
9290
1102
1103
7248
3154
7254
1111
1112
1114
9307
7262
7263
7264
1121
5217
1127
7271
1129
7274
9323
5227
5229
1135
9327
9330
7282
1139
5238
3191
1144
3192
7289
7290
9341
3197
7294
5249
9346
5250
7300
3205
5254
7302
5256
1160
3211
7308
1167
1168
3216
3217
1170
3218
3224
5272
3225
5274
7323
9372
1182
9375
7329
5281
1186
5282
9380
9383
7339
3245
1198
7343
1199
1200
5301
3255
9403
3262
1214
5312
1218
5316
1220
9412
5319
3272
5323
9422
3279
7377
9425
1235
5333
3287
9432
5336
7387
7388
5341
1250
9442
3298
5347
5349
1254
9451
5355
1260
1267
1269
9462
9463
5368
3326
5377
3331
3332
1285
1287
9483
9484
7442
7443
7444
3349
1301
3351
1303
5400
1304
3354
9501
5406
5409
7459
9509
3366
5414
1318
5415
7464
5417
3370
9515
3373
9519
3376
7473
3377
5425
5429
9527
1338
1340
5438
5439
1344
7488
3394
5444
5445
1349
7496
3403
9547
3407
5455
9554
5459
1366
3414
3415
1370
3419
9564
1374
5472
1376
5473
5479
9575
5480
5483
9580
9588
1403
3452
9605
3463
9608
1417
3466
1419
7565
5517
9615
9616
3473
9621
5528
3482
7578
7580
7582
7585
3491
3492
1445
7589
7592
9641
5547
5549
9646
3502
7599
7604
7605
3511
3512
1465
9658
1466
1468
7616
7617
3522
3524
7622
5575
5576
9677
1485
5586
3538
1492
3543
5594
1500
5596
3551
7654
5607
1511
3560
3561
1516
3566
5616
9714
7670
9722
5630
3583
3585
3587
7683
7685
9736
3592
5641
5644
5649
1553
3607
9752
9756
1564
5667
5668
9766
1575
5673
9772
3629
5678
9778
1588
1589
5686
5687
7739
1597
5696
3653
3655
7754
1614
9808
3666
5715
1621
5720
9816
1624
3674
1627
1629
9821
3678
1632
3681
5730
1634
1636
7780
7781
7783
9831
1642
3692
5741
7790
9839
7793
3697
5747
3702
5752
9852
5762
1669
7815
9866
9867
3728
1682
1687
7832
9881
5786
1690
1692
5789
3742
1695
9888
1700
9898
1707
3756
3760
7857
1716
9910
9912
1721
5817
3771
3773
3776
3782
9926
3786
5835
9938
9941
1750
9942
5853
3805
1757
7901
3808
1761
5860
7909
7912
7916
5869
1774
1775
1776
1784
1785
1787
1788
1791
3845
9990
3848
10000
10001
7954
10007
5912
1816
10010
1818
1819
3867
1822
10015
10016
5920
3873
1826
7970
7973
5928
3881
5932
1838
3886
7982
10032
7984
10033
10039
5945
1852
10044
10047
3903
3904
1856
3906
8004
1862
10054
8007
3912
10060
8015
1873
3923
8019
10068
5973
10077
1886
8030
3936
1901
8046
1903
3952
6001
1906
8050
6003
6004
8052
3957
3959
10104
3962
8059
10108
3970
1923
3972
6023
6026
10122
10125
10126
3982
6030
10130
1939
3988
8085
1943
1944
10140
4001
6049
4004
8103
1962
1963
10155
1965
10157
4014
8110
10158
4015
8114
6067
8118
10169
1978
6074
6075
8128
8131
4036
1989
10181
1990
10185
8138
10186
6091
8140
1997
6093
1999
10191
8143
10193
10194
4050
4052
10203
10204
8157
8165
2022
4071
8167
2023
10216
4074
4078
8178
2036
4085
10230
2039
8184
2040
4089
6139
2045
3
0
102
175
