184
513
1282
774
1542
520
1544
524
2060
14
1806
1553
20
1045
534
2070
1046
536
24
537
282
1820
543
799
801
34
547
1315
1830
806
807
296
1065
555
1069
301
2094
2095
817
2099
1587
1331
565
1589
825
826
1340
60
829
2110
318
831
2114
1353
842
586
2122
1868
1612
334
2128
1616
81
1361
339
2131
340
2132
341
87
600
857
1625
1883
1119
608
352
1377
1124
356
2149
2150
1382
1384
1131
107
2156
108
1645
366
623
1394
1395
1653
1910
375
1145
634
1661
1412
132
389
2182
1414
393
2185
141
2191
1167
144
402
1939
1431
2199
1688
1178
1182
1183
2209
1954
2211
676
1703
681
2219
1708
428
2222
1966
1454
1199
431
178
947
179
1976
1468
957
1981
449
962
1219
1477
1733
710
1479
1737
1227
1484
460
1485
1231
1746
722
979
2004
1237
1750
215
984
985
729
475
988
2019
1764
1509
1254
487
744
2025
1258
1002
2030
1777
1778
243
756
2037
501
1527
248
1016
2043
1275
1
38
