149
770
515
1027
4
1797
9
1290
1034
1547
1804
268
1293
525
527
533
1302
1052
1309
1054
543
31
32
1824
1570
1827
39
1835
1325
303
816
1584
1074
52
820
1588
565
54
1593
1339
1087
63
1602
590
1103
340
84
1111
1625
1630
863
97
356
1125
1637
1638
870
872
104
106
1387
875
878
366
367
1140
1142
1401
377
1403
637
127
128
1409
1666
644
390
903
391
1417
139
143
656
913
658
1171
403
915
1429
408
154
410
1183
161
675
677
1190
423
168
680
1193
170
1451
1716
949
951
952
1209
1721
957
1470
1215
704
448
193
708
455
971
1485
1742
719
211
1491
469
984
1753
985
1498
986
1754
730
221
734
481
1761
738
739
1508
1512
1260
240
1523
1269
757
1783
248
1529
1021
766
254
2
76
125
