122
256
515
1795
1284
1801
11
1039
273
1556
790
1303
538
795
540
1821
286
31
800
803
1059
808
1579
1070
47
566
1334
568
1594
1083
1596
573
1088
1345
834
1350
326
840
73
1102
1106
850
1620
1365
1368
861
93
95
1631
97
355
868
1636
1124
614
358
1386
878
1136
1393
1141
629
1656
1145
1403
1659
640
1410
386
391
395
1166
1423
1167
1680
403
663
1689
1690
161
929
1442
1188
676
165
679
168
944
176
692
948
695
183
1466
445
448
1472
1474
1732
198
1222
200
1736
968
1742
1743
1746
1235
1238
984
1753
1245
1248
229
1512
745
1005
1776
1264
497
1017
1023
255
2
37
156
