200
1027
515
4
1546
1548
1551
1556
1560
538
1562
1563
1565
1054
543
31
32
1570
1060
40
553
1584
561
1585
1075
1076
52
54
1595
1087
577
1602
1610
76
590
1615
1103
594
83
1620
1625
1114
91
1630
1120
97
1123
106
618
620
621
114
1140
1142
643
1667
135
1673
1171
1686
153
154
1693
670
1183
160
672
161
675
677
1189
168
680
174
1199
1209
1722
703
704
1731
196
206
1742
718
719
723
211
1237
1240
1753
1754
730
1756
221
1758
230
1766
231
1260
749
750
1776
240
1783
248
1787
1788
766
1790
1280
770
772
774
1290
1804
1293
782
1808
1296
1818
1821
1829
296
809
297
1835
1324
303
816
820
311
1338
834
836
1350
329
843
845
334
1361
851
863
867
1382
872
364
878
367
879
881
370
887
1401
1403
891
1409
897
390
391
903
1417
906
910
912
1426
403
1429
919
408
409
923
1436
926
414
929
421
423
935
1458
951
952
955
448
1472
963
1479
455
969
458
971
984
986
1498
475
1502
991
480
1512
490
1008
1023
3
84
76
77
