223
1548
13
527
1556
533
1559
1560
1562
1563
540
1564
1052
1566
1059
1060
1061
39
40
553
554
48
561
1585
1076
1593
1597
577
580
72
1611
76
77
1614
1616
1620
1111
89
1114
96
1120
1123
1636
1125
618
620
621
1136
1141
1143
1658
637
128
1666
1667
644
1669
647
135
136
1160
139
1166
1678
143
1170
1174
1686
670
671
1695
159
672
160
165
1189
678
170
174
1199
688
1712
1720
1721
698
1722
700
703
193
1731
196
1221
1741
718
210
1749
725
1237
1238
1240
217
734
738
1766
231
1256
1771
750
1782
1788
1790
1280
1795
1284
772
1797
774
1804
1292
782
1296
273
1306
1818
1819
796
1824
1827
803
1829
1317
1831
297
814
1328
819
311
312
1338
1339
832
1344
320
836
1350
329
843
1358
335
1361
850
851
340
1369
857
1374
353
355
1382
1385
1387
366
879
881
370
1403
381
897
388
1417
906
395
1419
910
912
913
1426
919
409
1434
1436
926
414
417
421
422
935
428
430
949
438
1462
955
450
451
963
454
1479
969
458
460
1485
463
465
977
469
475
1500
991
481
1508
487
490
1515
1004
1523
1525
503
1529
1019
1020
1532
1021
1023
3
84
90
159
