365
1025
1027
8
9
1034
1547
1548
525
527
529
1554
530
1556
20
21
533
1045
1559
1560
1562
1563
1052
540
1053
542
32
1568
36
1060
548
1573
1574
551
39
40
553
1581
561
1585
1074
1076
1588
565
568
1080
1592
1593
570
1083
63
1089
577
66
585
74
76
1105
594
1620
84
1621
1111
1114
1626
1629
1120
1122
1123
1635
1125
1637
1638
104
617
618
620
1645
621
1136
624
625
113
115
1141
117
118
631
1655
1144
121
637
127
128
1666
130
131
1667
644
1668
1669
135
136
139
1678
1166
143
656
144
1170
658
1171
1686
1175
1687
670
1182
671
160
672
1189
1190
680
168
1193
170
684
1710
174
1199
1712
180
1716
693
1719
695
1208
1721
1210
1722
699
189
703
1218
195
1731
196
708
1732
1221
197
1736
1738
716
718
719
1234
210
1748
1237
725
726
1240
732
221
1758
734
224
738
739
740
741
1254
1766
231
746
750
1263
752
1268
1269
757
1782
759
252
1788
1276
766
1790
254
1280
1795
1283
771
1797
774
775
1292
268
781
270
782
783
784
1296
273
1809
274
1299
276
1300
1302
279
1303
792
1817
1818
1307
1309
1824
800
1313
290
1827
803
1829
1318
297
1834
1325
1838
303
1839
816
817
820
1334
311
1338
827
1339
1340
834
1347
836
1350
329
843
844
1361
850
1363
851
852
340
341
853
344
1370
1372
864
865
1378
356
1382
870
361
1385
1386
1387
875
1389
878
366
879
880
881
370
373
1400
377
891
1403
1408
897
1410
390
1417
906
395
910
399
912
1424
913
401
914
402
1426
915
916
919
1432
1433
409
410
1436
413
926
414
1440
421
935
1451
1458
949
438
950
951
955
957
1470
448
450
963
964
452
1479
968
969
970
458
1485
1487
977
1491
980
469
982
983
985
475
477
991
481
1508
996
486
488
1512
490
1004
1005
1008
497
1010
1523
1524
1014
503
1529
1530
1019
1532
1021
1023
6
0
129
18
84
57
125
