200
515
1544
9
1034
1547
11
525
527
1039
530
1556
533
538
540
1052
1059
548
39
1579
1070
47
1074
1588
565
566
568
1593
1594
573
63
1088
581
1100
1102
1106
1619
1620
84
1111
600
1113
93
1631
1119
1124
1636
1637
1125
613
1638
104
1136
1141
119
1145
1659
637
127
128
640
1666
132
644
1156
139
142
1166
143
1167
1680
656
658
665
676
165
1190
679
1193
170
1709
176
690
1716
1717
183
695
1721
1215
1729
193
1732
708
1223
1736
1742
1743
209
1746
1235
1238
1245
734
738
227
739
229
745
238
1776
1264
1268
757
1269
1274
254
1279
1795
1284
1797
268
790
1302
1303
795
1309
1821
286
1824
800
1827
803
1830
295
808
1325
1839
1330
822
1334
1339
319
1345
324
1350
840
330
1355
850
340
1377
355
356
870
358
1386
1387
875
366
880
1393
885
377
1403
383
386
1415
391
395
913
915
1431
1433
410
1435
1442
1451
944
949
1466
445
1470
1474
968
1485
1491
1492
469
985
1499
481
995
484
1508
1512
1005
1523
1524
1529
1017
1021
3
37
41
125
