539
1
2
3
1027
7
1037
13
19
1046
27
1052
1053
33
36
37
1061
38
1062
39
41
42
1068
47
1072
48
50
1075
1076
1080
59
60
65
66
70
72
1096
1098
1101
77
1102
1103
82
1106
83
1111
1113
91
94
1119
97
1122
98
99
1124
101
1125
1127
106
1132
1136
112
114
1139
1141
117
1143
119
120
1147
123
124
1150
128
130
1157
1159
1160
139
1164
140
143
1170
1171
1173
149
150
151
152
1176
153
1177
154
1178
1183
159
1184
1185
164
165
168
1192
170
1196
175
178
1202
1203
179
184
1209
1212
189
1213
193
1218
1221
198
1222
199
206
209
210
1235
212
215
1239
217
218
219
221
1251
1252
1254
230
1255
1256
234
238
239
1264
240
242
1268
248
1284
1285
1289
273
1300
1301
1303
1306
285
1313
1317
1318
296
300
1324
303
1328
1330
313
314
1339
1341
1342
319
320
322
1347
324
1349
1350
1351
1352
1355
1356
333
334
1359
335
336
338
340
1366
1370
1372
1374
1378
1383
1385
1386
1387
1388
364
1389
366
371
372
373
1397
1401
1402
1403
380
381
383
1407
384
1408
385
1410
1411
388
1412
392
1417
394
1419
1425
401
403
1433
1434
1435
411
417
418
1442
1443
1444
422
1447
426
1451
427
428
1452
1453
1454
430
1455
1458
442
444
445
448
1472
1474
450
451
1476
453
454
455
1482
459
461
1485
462
1488
1490
467
1492
469
471
1497
1498
476
1500
1502
480
481
482
1506
1507
483
1508
1509
1512
1514
1515
493
1519
495
1522
1523
1524
501
1529
506
1532
509
511
1535
512
515
518
1544
521
1546
525
1550
1551
527
1552
1553
529
1555
1556
1557
533
534
1559
536
538
540
1565
541
1567
543
1572
1573
551
1575
552
1577
554
1579
555
556
557
1583
1584
1588
1591
1592
1593
1594
1595
1596
572
1597
1599
1601
1603
579
1605
581
583
584
1610
1611
1612
590
1614
1615
592
594
595
1619
1620
597
600
1626
1627
1628
1631
1632
617
1645
627
1652
1655
632
1657
1658
1659
635
637
1666
643
644
1670
648
1673
650
653
1678
1679
661
1690
1693
671
1695
1696
674
676
677
1702
680
683
685
687
688
1714
1717
693
1718
695
1720
1721
699
1724
701
1726
702
1728
705
1730
1739
1741
1742
719
720
1744
721
723
724
725
1749
726
1753
731
1756
1758
734
1760
736
1761
1762
738
1764
741
743
1768
1770
748
749
1774
751
1776
752
753
755
757
1782
1787
766
1792
1794
1795
771
772
1797
1801
1803
780
1808
784
1810
1811
1817
795
796
1821
1822
798
800
1824
1826
803
1827
1831
1832
809
1835
814
819
820
834
837
844
848
850
857
858
865
867
878
885
887
890
891
895
902
909
911
913
916
917
920
923
927
929
944
945
946
949
957
958
959
964
967
973
977
980
982
984
988
998
1001
1007
1008
1014
1020
1021
1023
16
163
4
68
136
12
77
141
112
81
82
19
85
120
153
95
159
