222
513
515
1027
1543
9
522
1034
1547
1549
525
1037
1038
1551
527
18
533
23
538
1052
1053
1569
547
39
1576
1582
48
1074
50
1588
1076
565
55
1593
59
1597
63
66
70
72
73
1098
1611
77
1614
1618
594
1106
83
595
1107
84
1111
93
1629
94
96
97
1122
1125
1637
1638
104
1641
1129
1647
1136
1137
1139
629
1143
631
1658
635
637
1150
127
128
129
1666
643
644
139
1678
143
656
1170
658
1171
151
668
159
1695
1188
1190
1193
170
1195
1716
1720
1209
1721
1210
699
193
1218
708
1221
1735
1741
206
1742
1230
1749
215
1753
217
1756
1758
1246
734
222
738
739
1256
1264
1776
1778
757
1269
254
1281
1797
268
273
276
1302
1814
1306
796
1309
1824
1827
1317
1320
1325
815
303
1328
307
819
1339
320
1350
335
340
1365
853
856
857
1374
865
356
1381
870
1384
875
1387
366
367
1392
886
377
891
381
1406
388
390
1417
1419
397
913
915
1434
410
1438
417
424
1451
428
1454
1458
946
949
957
1470
448
1472
1474
451
1477
454
971
973
1485
1491
469
985
1500
481
1508
485
1512
1002
1515
1004
1520
1008
1523
1014
1529
1021
1023
4
161
38
125
159
