247
513
1542
520
1544
1036
2060
524
12
14
1553
20
1045
2070
534
1046
1047
536
24
537
2073
1054
543
34
547
41
1065
43
555
1069
2094
47
2095
1587
2099
565
1589
1083
60
2110
2114
586
2122
1616
2128
81
1617
82
2131
2132
87
600
1625
602
1626
1119
608
1124
2149
2150
103
1131
107
2156
108
1645
623
111
629
1653
1145
634
1661
1150
132
645
2182
1672
2185
141
2191
1167
144
2199
1688
1690
1178
1692
1182
1183
2209
2211
164
676
1703
681
2219
1708
2222
1199
689
178
179
1208
697
1723
188
2237
1219
196
1733
710
1737
715
1227
1231
1746
722
1237
1750
215
729
1247
223
228
1764
1254
744
1258
1777
1778
243
756
1269
1781
247
248
760
1789
1282
774
1806
282
1820
799
801
1825
1315
1830
806
807
808
296
301
1839
817
1331
821
825
826
1340
829
318
831
320
324
1352
1353
842
331
1868
334
1363
339
340
341
857
1883
351
352
1377
1379
356
358
1382
1384
366
1394
1395
1398
1910
375
1915
380
893
1919
388
1412
389
1414
393
402
1939
1431
410
929
1954
419
1958
428
430
1966
1454
431
945
947
1976
1468
1981
957
959
962
1477
1479
455
1481
1484
460
1485
979
2004
984
985
475
988
2019
1509
487
2025
1002
2030
2035
2037
501
1527
1016
1530
2043
2
38
87
