2221
0
4096
4098
8194
3
4099
8195
8197
8
8200
8201
4108
8204
12
8205
14
4112
4115
20
22
4121
27
8220
4125
8223
32
33
8226
8227
8229
38
4135
43
8236
44
45
8240
4146
8243
51
8244
55
56
59
4161
66
4172
4173
78
4180
8278
88
4185
89
90
8282
4186
8284
94
8287
95
96
4195
8291
8292
8293
8294
102
8296
8297
4202
8300
8301
112
8307
8308
4213
117
4214
8313
8314
122
4220
8318
127
4223
129
4226
4227
133
136
8328
137
8331
8333
8337
4241
4243
148
4246
151
4254
8350
159
4257
164
4262
4263
8361
4267
4268
4270
4271
179
8372
184
8378
4283
4287
194
8387
195
4292
8388
8390
8397
8398
4304
211
8403
213
214
4310
8409
8411
219
8413
8414
8417
228
4324
4325
8421
230
8425
236
240
8435
249
4348
254
255
8448
258
266
8459
8460
8462
4367
272
4369
8465
274
4371
8469
8470
278
4375
8473
4379
284
8476
8477
8478
287
290
8483
292
8486
4390
297
8490
8492
4398
8508
4414
8512
4417
8513
8515
4419
324
326
4424
8522
4428
8524
335
8533
341
342
4438
4442
8538
348
352
354
355
4455
361
363
8555
4461
4465
8562
4466
4468
8564
8567
8568
8570
379
8572
383
384
4482
8579
4484
390
8584
8586
4494
400
401
4503
8600
410
4507
417
4513
8612
426
8618
4522
427
4525
8621
8627
4531
8630
438
442
4540
444
4542
4545
452
4551
8647
457
4553
8649
458
4554
459
461
4558
464
8663
8664
4569
8666
480
8675
4580
8680
8682
8686
494
8689
502
4599
4600
506
4604
509
8702
4608
515
8708
8709
8711
8714
523
526
528
8720
4629
8726
535
4632
8730
8731
8733
4637
542
8735
4640
8738
548
4644
8741
8742
8749
8753
561
562
4659
564
4661
8757
566
4663
4665
4666
4669
8767
579
4677
8775
587
590
593
594
4691
8791
602
4699
8795
606
8799
608
4705
8802
611
8806
615
617
8811
4716
621
4720
625
4721
8818
4722
626
4725
629
4729
634
8827
637
638
639
4735
4737
4738
642
651
4747
8845
4751
8850
662
8854
4758
4759
663
664
4761
8860
4767
4769
4773
8873
685
687
4783
8883
4787
8885
8886
694
696
699
8897
708
8901
4806
710
4807
712
4809
8908
4813
8913
4824
8922
8926
8928
742
4838
743
8935
744
8936
8937
746
4842
747
4845
4846
750
751
8944
756
4852
8948
8951
8955
765
766
767
4866
4868
8968
8972
4881
8978
8979
8980
790
4887
8985
794
8986
4894
4895
799
4898
802
805
4902
809
4908
4909
814
9009
9010
820
9013
4918
9018
9020
9022
4928
9026
4932
836
9030
4934
4939
9036
844
9039
4948
4949
855
9049
9051
9052
4958
9054
864
9056
4961
9060
9062
870
9063
9066
4973
9069
879
9071
881
9075
9076
4983
887
891
9084
4988
9087
9089
898
899
901
4999
9097
906
9098
907
5004
908
5006
5007
9104
9106
924
9117
5022
9123
5028
5030
9127
5031
936
9129
937
938
5035
9131
939
5038
9136
5040
9137
947
949
5046
9142
952
5053
9151
5056
5057
965
5062
968
9165
974
978
5076
981
5078
983
9177
5081
5083
987
5084
9181
9183
992
9185
996
1000
1003
9195
1005
5101
5102
1006
1010
1014
9206
5111
1016
1017
1020
1022
9214
5119
9218
9219
9223
9225
1034
9230
5135
5138
5140
1044
5146
5150
1054
1055
9248
9249
5154
9254
1063
5160
1066
5167
1073
1075
9268
5175
5180
1084
1086
5183
1087
5185
5186
9282
5189
9287
5193
5194
1102
1109
5205
9302
9303
1111
5208
1114
9307
9308
5212
1116
9310
5214
5215
5217
9314
1127
9320
5224
1130
9323
1131
9324
5229
1134
9328
5234
9333
5237
9338
1146
9340
9341
5246
1150
9344
5249
9345
1154
9347
9351
5256
9352
5258
9354
1166
9358
5263
1167
1168
9363
1172
5272
9369
5274
5279
9375
9377
1186
9378
5283
9379
9380
1189
5287
9388
1199
5298
9399
9403
1212
1214
5312
9408
9410
1218
1219
9412
9413
1221
9414
5322
5323
9419
9420
5325
9422
5328
5330
5333
5335
5336
9432
1241
5342
1250
5346
5349
9445
9446
9451
5357
1262
5360
9457
1266
1267
5364
9460
5365
9462
9463
5367
5368
5372
5377
9474
9475
1285
1286
9478
9479
9480
5385
1290
5387
1291
5390
9488
9496
5401
9498
5402
9500
5408
5409
9505
5410
5411
1315
9508
5413
1319
1322
1324
1325
9519
5424
5425
1329
5426
9527
5434
5436
5438
9536
5442
1347
5443
5444
5445
1350
9545
5451
1356
9551
5456
1361
9553
1362
5461
1367
9559
5464
9561
1370
1371
1374
5473
9571
9573
1383
9575
9576
5483
1387
1388
9580
1389
9584
5489
1395
9591
9595
9596
1406
9600
1410
9602
9603
5508
1412
9608
1417
9609
5514
5521
5523
5525
9621
5527
5528
9636
1445
9640
5549
9645
5550
1455
9649
5554
1460
5558
1463
1466
9658
1467
9660
5564
1468
5565
9662
5567
1474
5572
5577
5578
9677
5583
5584
1492
9687
9688
5594
1499
1500
9693
5599
9695
5600
9696
1505
9699
5607
1513
1514
5611
1516
9708
1517
9711
5615
5616
1520
5619
9715
9716
1528
1530
9727
1537
5634
9731
1542
9735
1543
9739
5644
9743
9744
1553
9746
9750
5656
9753
9754
9755
9756
1566
5662
9760
5665
1572
1574
1575
9768
5676
1581
9775
9779
5686
1591
5687
5690
1595
5694
9791
1601
5698
1604
1606
1607
5703
1608
1614
5711
9807
5718
1625
5725
9824
5730
1635
5731
1639
1642
1643
5740
1644
5741
9837
5746
5747
1652
5749
1656
5753
9851
1663
5761
1667
9861
5765
5766
9865
9866
9867
1676
1682
5781
9878
1687
9887
9888
1697
5795
1700
9896
5801
1709
5806
5809
9908
1716
5813
9911
1720
1721
1724
1725
9918
1728
9921
1731
1733
5832
1738
9930
5835
9932
9934
5840
1744
5841
5844
9940
1749
1751
1753
5853
5855
9951
1763
9955
1764
9958
9959
5863
1771
9963
1773
9965
1775
5871
1776
1777
1778
5877
1784
1788
5886
1791
5889
1793
9986
5890
9989
1804
9997
10004
1812
5910
5911
10007
5912
5913
10009
1817
1819
10013
10016
5921
1826
1828
5925
5926
5927
1838
1839
10032
10034
10037
10039
5945
10042
10043
1852
10045
10047
10048
5955
1859
10053
5959
1866
5962
5963
5966
10064
5970
10067
1875
5973
1882
5978
5982
10078
1891
1893
1894
1896
10089
5995
6000
6006
1911
6008
10108
6012
1917
10109
1920
1922
1923
6021
6022
10119
6024
6026
1931
10124
1932
1934
10126
1937
10130
10133
1941
1943
1944
1949
6046
6049
10146
6051
1955
1956
10155
1964
1965
10157
10159
6066
1971
10163
6069
10169
10170
6075
10172
1984
1988
10181
1989
1990
6088
10187
6091
10189
10190
1998
1999
6095
6096
10194
6098
10195
2003
10196
2007
2009
10204
10206
6111
2016
10209
10212
10214
10216
6120
6121
6123
10219
6128
6129
6130
2035
6131
2036
10230
2039
2040
6136
10233
6138
6140
10240
2048
10241
2051
10245
10246
2055
6152
10248
10249
2057
2058
10255
6160
2065
2067
6163
2068
2070
6171
2076
6174
2080
6178
6179
10277
2085
10279
6183
2087
6184
2088
2089
6187
10287
10290
2098
10292
2106
10298
10299
10301
6211
10308
10309
2118
2124
2127
2129
6227
2133
6230
2136
10329
2139
10334
2144
6241
10343
10345
10347
2157
2158
6255
6256
2162
6260
2165
6262
6263
10359
10360
2173
10365
2176
2178
2181
6277
2184
10377
6285
6286
10385
10386
6291
2196
6292
10389
6293
6295
2199
6300
2204
10396
10398
6302
10401
6306
6309
10406
10408
6315
6318
10417
6321
6322
6324
6326
6330
2236
10429
6336
2241
10434
2243
2245
10437
6342
10440
6349
6350
6351
10447
6352
10448
10449
2259
10454
10455
10457
10461
2270
2272
10467
2276
10470
2279
6376
10473
2282
10474
2285
10480
6384
2288
6385
6389
2294
10487
10488
6396
2305
10498
6405
10501
6409
10505
6411
6412
10510
2319
2324
2330
10522
6428
10526
2336
2337
10529
2339
6438
10535
10536
10537
2349
2351
2355
6451
10549
6454
6455
10552
2363
6460
6461
2365
2367
6464
2370
6467
2372
6469
6470
2375
10568
6473
2377
10569
2378
6475
2382
2384
6482
6483
6488
6490
10590
2399
6498
10600
2409
2410
6507
2414
10607
2416
10611
6516
2423
2425
6521
2426
2428
2431
10624
2433
6529
6532
6537
6540
6541
10640
6546
10645
2453
2455
6552
10649
2457
6556
6558
2463
2464
10657
2470
6568
2472
10665
2478
6574
6579
10675
2485
2488
2492
6589
2493
6590
2495
6592
2496
6600
6605
2510
10704
10706
10707
10708
6612
2517
10710
2519
2524
10717
10721
2530
10723
2531
2534
6633
2537
10729
2538
2539
10732
10735
2544
10737
2552
10744
6648
2553
2556
10749
10752
2560
6658
2562
2571
6667
10764
10765
2576
6674
6676
2580
6677
10774
6681
6683
6684
10780
6685
10782
2590
10783
10784
2596
10789
2599
6695
10792
6696
10793
6702
10801
2611
6710
6711
2618
6714
2626
10822
10823
6730
10827
10830
6735
6736
2642
2645
10841
6745
10842
10843
6748
10845
2655
6751
2656
2657
2658
10853
2661
2662
10855
2663
2665
6763
6764
2668
10860
6765
10864
2673
2674
6770
2675
6771
10869
10875
6780
2684
6781
6783
10885
6789
2695
2696
10890
2698
10891
10892
6796
2702
6799
10895
2704
2705
6804
10904
6810
2715
2718
10912
6817
10914
2722
10917
10920
2728
2730
10924
2734
6830
2735
6832
10931
6835
10933
10938
10942
6847
6848
6850
10948
10950
2758
10954
6859
10956
6863
2770
2773
6870
6871
10968
6872
6874
6875
2782
10975
6879
6883
10983
10985
10986
6892
2796
6893
2797
10990
2798
6900
10998
6902
2806
2807
6904
11002
6906
2811
2813
11006
11008
11012
6916
2822
2823
6920
11017
2825
11022
2833
11026
11027
6934
2843
2845
11037
6942
11039
11040
2849
2850
2853
6950
11047
11052
6959
2864
6962
6963
6965
6967
11064
6971
11069
2877
2880
6976
11074
6981
6987
2892
6988
11085
11086
6991
2895
6992
2896
2900
11097
11100
11103
11106
11108
11109
7013
7017
2923
7019
11118
2929
11122
2930
7027
2935
7031
7033
7034
7035
11131
2940
11133
2943
2944
7041
7042
11139
2950
7046
11143
2952
7049
7051
11148
7052
2956
11152
2960
7057
7059
11155
7060
7061
7063
11161
7065
7066
11162
2970
7067
2972
11164
7069
11166
7070
2977
11169
7074
2981
11173
7081
11177
2991
11183
11185
7090
2998
11191
3000
7098
11194
7099
11195
3004
11196
11197
11198
11199
3008
7105
7107
3012
7109
3014
7111
3018
3019
3021
7119
11216
3025
7122
7123
3028
3034
7131
11228
11234
11235
11238
3051
7149
7151
11249
7154
11253
3062
3064
7161
3073
7170
3076
11271
11272
11273
3085
11281
7185
3090
7187
7188
3093
7192
11290
11291
3099
7199
7202
7203
3110
11302
11304
11305
11307
3115
11310
7218
11315
11320
7225
3130
7231
7232
3138
7235
7237
3142
3147
7246
3153
7254
3158
3159
3162
7259
7262
3166
7263
7264
3168
7266
3184
3188
7284
3192
7288
7289
3193
7290
3197
7293
3201
3204
3205
3211
3216
7313
3218
7316
7321
3225
7326
7328
7329
7337
7338
3243
3245
7352
7353
7356
7360
3272
3279
7375
7377
3286
7388
7390
7393
3304
7400
7402
3306
3307
3314
3315
7421
3326
7423
3328
3330
3331
3333
7431
7436
3342
7440
3344
3347
3353
3354
7450
3355
7452
3359
7455
3360
7460
3366
3372
3376
7472
7473
3377
7474
3379
7476
7480
7484
3389
7485
7488
3396
7503
7506
7508
3415
3416
7514
7515
3420
7518
7520
3424
3425
7521
7523
7526
3432
7528
7530
3435
7535
3439
3440
3443
3444
3446
3450
7553
3460
7556
3462
7559
7561
3466
7569
3474
7571
3477
7575
7581
7582
7584
3492
7590
3494
7593
7597
3502
3504
7601
7603
7605
3511
7607
3518
7617
3524
3525
7622
7623
7628
7629
3543
7643
3557
7654
7656
3560
3563
3565
3566
7663
7664
3569
7666
3574
3575
3580
7678
3584
7682
7686
3591
3592
7688
7690
3596
3598
3599
7701
3607
7704
3612
7715
3621
3624
7720
3629
3631
3633
3635
3636
3638
7739
3643
3644
3650
3653
7751
3655
7753
7754
3661
3666
3668
7765
3669
3678
3680
7779
7780
7785
3690
7786
7789
7790
3695
7791
3697
3699
7795
7811
3717
7813
7814
7815
3720
3721
7821
7822
3726
7823
3727
3728
7827
3733
3738
3741
3743
7842
3756
7852
7855
7856
7857
3766
7864
3771
3773
3774
7872
7876
7881
3788
3790
7887
3795
3797
3800
3801
3804
3807
7905
7909
7912
7913
7914
7915
3820
7917
3823
7920
3825
3826
3837
3838
3847
3849
7945
7946
3852
7949
3857
7955
3860
7958
3864
7964
7965
3872
7970
7975
3882
7978
3884
3886
3890
7991
3896
7993
7996
3901
3903
3904
8001
3906
8004
3909
8007
3912
3914
3915
3922
8019
8020
8024
8030
8032
3936
3938
8034
8039
3944
3946
3952
3953
3958
8055
8059
3972
8069
8072
3980
3983
8082
3986
3992
8091
4000
8099
4004
4006
8102
8103
4008
4009
8107
4013
4014
8110
8114
4022
8121
4026
8123
4028
8126
4033
4034
8135
4041
8139
4050
8155
8156
8160
8165
4070
4071
8171
8174
4078
4083
8189
10
179
131
181
149
134
168
152
28
157
46
