45
0
1
2
4
68
69
5
7
8
9
10
11
12
13
15
16
17
18
19
20
22
23
26
28
29
30
31
32
33
37
39
41
42
43
44
45
46
49
50
52
53
58
59
60
63
144
3
263
8
9
10
267
11
268
12
13
269
14
272
273
274
18
275
20
21
279
280
25
281
283
284
28
29
286
30
31
287
33
290
291
36
293
294
295
296
40
297
41
300
301
303
48
49
50
54
56
58
59
62
65
69
72
73
74
75
76
77
80
81
84
85
86
89
90
93
94
95
99
101
102
103
104
106
107
114
120
123
124
125
131
134
137
139
141
142
143
144
145
146
148
150
156
158
160
161
162
164
165
166
167
168
169
170
172
173
174
175
178
180
181
182
183
187
190
192
197
198
200
201
203
207
208
218
219
220
224
226
227
229
230
231
234
235
240
241
242
243
246
251
253
