47
64
1
66
2
3
4
68
5
69
8
10
11
12
13
14
15
16
17
18
19
23
24
26
28
30
31
32
33
35
36
37
39
40
41
42
44
45
48
49
50
51
53
57
58
59
60
62
154
256
257
258
2
259
260
4
263
7
8
264
9
265
11
12
13
269
274
275
276
22
280
281
25
282
27
28
29
32
288
33
34
291
36
293
294
39
296
41
298
43
299
300
302
48
49
51
52
53
54
56
58
60
64
67
68
69
70
72
74
76
78
79
80
83
84
86
87
90
91
93
94
97
100
102
104
106
107
109
110
111
112
113
114
117
118
126
128
130
133
136
140
144
148
151
152
156
158
159
160
161
162
166
167
168
171
174
176
177
178
179
181
186
188
190
192
193
194
196
199
200
203
204
208
211
212
213
215
216
217
219
220
221
222
224
227
228
229
232
234
236
239
240
241
242
243
245
246
249
250
251
252
253
255
