41
64
1
2
69
7
8
9
13
14
15
16
17
18
19
20
23
24
26
27
28
30
31
32
33
37
38
39
40
41
42
43
44
46
48
50
51
52
56
57
58
59
125
2
3
4
261
5
262
263
8
266
10
12
270
14
15
274
19
278
279
23
24
281
282
29
30
31
287
289
34
37
38
39
40
296
41
44
48
50
53
57
60
61
64
66
67
68
69
70
77
78
80
81
82
87
88
89
91
94
95
99
101
104
106
107
110
112
114
115
116
118
119
120
121
124
126
128
130
133
134
136
140
151
152
154
155
158
160
161
166
167
168
170
171
173
176
180
182
184
190
198
201
202
203
204
207
208
213
214
217
218
220
221
227
230
232
234
239
240
241
242
243
246
249
250
253
255
