45
64
1
66
2
4
68
6
7
9
10
12
13
15
17
18
19
20
23
24
26
27
28
29
30
31
32
33
37
39
40
41
42
44
45
46
50
51
52
53
55
57
58
59
60
63
131
256
0
257
1
2
260
6
262
7
8
10
266
268
269
270
271
272
17
273
275
21
22
280
281
286
287
32
288
33
289
34
293
39
40
43
46
50
51
57
58
60
61
62
65
67
70
74
75
76
77
78
80
81
82
83
86
91
100
101
102
104
108
109
111
112
116
117
119
120
124
125
132
135
138
142
145
149
153
155
156
157
158
161
163
164
168
170
171
172
173
174
180
181
182
183
184
187
188
190
191
193
196
197
200
201
203
205
207
209
214
216
218
219
224
226
227
228
229
231
232
238
239
241
242
243
244
246
250
251
252
254
