46
0
64
1
2
67
3
4
69
6
8
9
11
13
14
15
16
17
18
19
20
23
24
26
28
29
30
31
32
36
37
39
40
42
43
44
45
46
49
51
53
56
57
58
59
60
62
138
257
2
259
7
8
265
266
267
14
15
271
272
274
275
277
278
23
279
280
24
26
282
283
286
31
288
289
34
35
291
293
294
295
39
41
44
46
50
51
52
55
56
57
60
63
64
66
67
69
70
73
76
77
78
79
80
82
85
86
89
90
95
98
102
104
105
110
113
114
117
122
123
124
125
128
129
132
134
135
137
138
139
140
141
143
144
145
152
156
157
159
162
163
164
165
166
168
173
176
177
179
180
183
186
187
188
189
191
192
194
195
196
198
199
201
203
208
213
214
215
218
223
227
229
230
232
233
234
237
238
239
240
241
242
246
248
251
253
