42
64
0
1
2
3
4
68
5
69
6
8
9
10
11
13
15
16
18
19
20
21
23
24
26
28
31
32
37
39
40
41
42
44
46
49
50
51
52
53
57
59
63
125
256
0
2
258
260
5
6
8
269
15
272
273
274
18
19
279
280
24
25
27
29
286
30
31
287
33
289
294
295
296
41
298
299
46
303
50
51
52
53
54
55
56
58
62
64
70
72
75
76
78
79
85
87
92
95
97
100
101
102
103
104
107
108
113
114
116
119
122
125
128
133
135
137
138
139
140
141
143
146
148
149
152
153
155
157
158
161
162
168
169
170
176
178
180
184
185
186
187
189
194
196
197
200
201
205
208
209
210
214
215
217
220
221
225
229
235
236
238
240
241
243
244
251
253
254
