41
64
1
2
3
68
4
69
5
6
8
9
11
12
13
16
17
18
19
20
23
24
26
29
30
32
33
37
38
39
40
41
42
43
44
47
49
50
51
57
59
63
125
0
256
258
3
261
6
263
264
265
9
10
266
11
269
13
270
14
271
272
17
273
18
22
279
24
25
282
283
284
285
286
32
33
289
34
291
293
294
40
41
297
42
44
301
303
47
49
50
51
52
53
55
58
59
64
66
68
70
72
73
77
78
80
82
84
88
90
92
95
99
100
104
106
111
114
117
120
121
123
124
125
127
129
135
136
137
145
146
151
153
155
157
158
162
165
168
169
171
177
180
183
189
197
201
208
209
210
216
217
219
223
225
231
233
234
235
236
237
240
241
245
246
250
251
253
