44
64
0
1
68
69
5
8
9
11
12
13
15
18
19
20
23
24
26
29
30
31
32
33
36
37
38
39
41
42
43
44
45
46
47
48
49
50
51
52
53
55
57
59
60
122
1
258
2
3
4
261
10
11
267
12
269
13
18
19
277
278
23
279
280
281
282
283
287
32
33
289
290
37
294
295
39
297
299
46
302
303
47
48
50
53
66
67
74
75
76
77
78
82
83
86
87
88
89
90
95
101
102
105
106
107
108
110
113
114
115
116
118
123
124
126
127
133
137
138
140
141
143
145
146
147
152
153
155
158
159
161
162
167
168
170
173
176
178
180
186
188
190
191
194
195
199
202
206
208
210
217
220
224
225
229
230
232
233
235
236
237
238
245
246
250
253
255
