239
2
3
515
5
1030
6
1543
2057
1034
15
1043
26
547
548
1060
1061
39
1065
1578
44
45
1581
564
1078
1081
1595
1084
573
1085
1086
1603
68
581
70
1095
1608
585
74
1098
1611
587
1100
77
1104
81
1619
1108
87
600
1112
1624
602
1114
604
1630
96
1121
1636
1637
1639
105
617
1129
1132
108
119
124
1148
1152
1156
1668
645
134
1672
137
140
142
1168
1686
1176
665
1690
668
1693
671
1696
160
161
674
1702
1192
170
173
688
177
178
183
1721
699
1726
1214
1727
706
1220
709
711
1735
712
200
1737
716
1743
1745
1746
723
1747
726
727
1751
1243
222
224
1763
227
1769
745
746
754
755
250
1792
258
772
1797
1285
773
1289
271
787
1813
789
277
790
1303
1818
1307
1820
1822
290
1830
299
1324
1838
1327
1331
309
830
1855
1860
1348
325
1350
331
1868
1356
333
1359
1872
1878
343
1373
1380
1381
870
874
363
1389
1901
1393
1394
371
1915
383
1408
897
1411
1412
1927
905
395
1931
401
1428
1431
407
1944
408
1945
409
1946
1435
412
1437
417
932
1956
933
1446
1447
1960
1452
1454
942
434
439
1980
956
1471
964
1477
969
458
467
1491
980
477
480
481
1511
2023
1002
2027
2029
1009
1527
1017
506
1532
1021
17
2
4
5
107
44
76
111
144
146
19
83
55
152
154
60
158
94
