234
1025
2
3
515
522
523
2059
15
1043
31
544
547
548
1061
39
44
1581
558
1585
54
56
571
1595
1085
573
1086
578
67
68
1604
581
70
1095
74
1611
587
1100
78
81
1108
87
1624
1625
604
1121
99
611
1636
102
617
107
1644
1132
627
118
630
1143
634
1660
132
1668
645
649
141
142
1170
146
1172
1686
665
1693
157
670
671
160
1185
161
1703
1192
170
173
174
694
696
703
1730
709
1735
1224
712
1738
716
204
1745
727
1752
218
1754
1243
1245
222
224
225
745
1773
755
1272
1792
1281
772
773
776
1803
273
787
1812
1813
277
789
790
1818
1820
1318
1830
1324
1838
1331
820
309
823
1335
1336
830
1342
1855
1344
1348
1860
325
326
1350
1351
1353
1868
1872
1876
852
1878
1879
1880
859
1371
860
1373
874
363
876
1396
1909
379
380
1408
897
1412
1926
1927
1418
395
1931
1426
1939
1428
408
1945
409
412
1437
415
417
1442
1443
1444
932
1956
933
421
1446
934
1447
1960
942
434
439
954
1978
1467
1980
1471
960
962
964
1477
456
969
458
461
462
2001
980
2005
477
1501
2014
1503
2015
480
481
993
2018
2023
2025
1002
493
2035
1011
2036
1525
1013
2039
1527
506
2042
1532
1021
14
32
131
4
71
8
76
81
83
149
119
152
25
153
94
