348
1536
1025
2
515
3
6
1030
15
527
2063
1043
27
1051
539
543
544
547
548
552
1066
1578
44
1581
45
1070
558
47
561
50
54
55
1082
570
1595
571
1085
573
1086
1088
1600
67
579
1604
68
580
1093
581
1605
1606
70
1095
1096
1608
585
74
1098
1611
587
77
78
1617
81
1106
1108
1621
87
1112
1624
1625
1626
1114
92
1116
604
606
96
99
611
1636
612
1637
1125
614
102
1639
617
105
618
107
1643
108
1644
1132
1133
1135
1136
1137
627
629
119
631
1145
633
634
1660
1152
132
645
646
1671
649
650
141
142
1680
1168
657
1171
1172
1177
1689
665
667
1693
670
160
1185
674
162
1702
1192
1194
1706
170
173
174
687
178
179
695
1720
696
1721
1210
699
1212
703
194
1730
709
1222
1735
711
1224
712
200
1738
716
206
1745
722
723
212
727
1752
218
1243
1245
222
224
1249
739
1251
743
1768
1769
745
746
1773
1775
754
756
1272
250
766
1792
1281
772
1285
1797
773
262
776
1289
265
267
1803
268
1807
787
1812
1813
277
790
1303
1818
1307
1820
1310
1313
1830
1318
299
1837
1838
1329
1841
1330
1331
308
820
1333
309
1334
823
1848
1849
315
830
1855
1344
1856
1860
325
326
1350
1351
1868
1356
334
1872
1876
852
1878
1879
1880
1371
859
860
1884
1373
352
1377
866
1890
361
1385
876
1901
1392
369
370
372
884
1396
891
379
383
1408
897
1922
899
1924
1412
1926
1927
1930
1418
395
1933
911
401
1939
916
1428
1944
1435
412
924
1437
1438
416
1441
417
1442
1444
1956
934
936
1960
1452
942
1966
1454
434
947
948
439
953
954
1467
1981
1469
1470
1471
962
964
1991
456
969
457
458
461
465
2001
467
980
1503
1504
2016
480
2018
2023
1511
488
2025
1002
1009
1010
1011
2036
1013
1525
1527
504
506
1530
1532
20
32
129
98
131
133
37
5
71
76
44
15
83
148
149
119
56
91
158
94
127
