283
2
1026
1538
3
515
1029
6
1545
522
1034
2058
1550
2062
15
2065
1043
544
33
547
36
550
1065
1577
1066
1578
44
558
1585
1587
54
571
1595
1085
1086
1600
1088
1089
1602
579
1603
68
580
581
1605
70
1608
1096
585
74
1098
587
77
589
1617
81
1108
87
1624
600
1114
604
92
606
96
98
1123
611
99
1636
614
1639
1129
617
105
618
107
619
1644
1132
113
627
115
1143
1145
634
635
124
1671
1672
650
138
142
1680
1168
1171
149
1687
665
667
1693
670
160
674
1702
170
173
174
177
1721
699
1726
1216
194
707
1220
1222
711
1735
712
200
716
1745
722
723
727
215
1243
222
224
1251
1763
1769
745
746
241
1792
1795
1285
773
265
1289
1803
1291
787
277
1813
790
1303
793
1818
1307
1820
1822
1313
290
1830
299
1324
300
1838
1327
1841
1330
1331
309
1334
1848
1849
1853
830
1855
1344
1860
325
837
1349
326
1350
328
843
331
1868
1359
1872
849
1361
852
1876
1877
1365
1879
343
859
863
1891
1381
361
362
1900
876
1388
880
1392
370
372
887
1402
1916
383
1408
897
1922
1412
1924
1926
1927
395
1422
1425
914
1939
1427
1428
916
1943
1944
1435
412
1437
415
417
1442
1444
932
1956
933
935
1960
938
1452
941
1454
942
434
947
948
1974
439
440
953
954
1469
1471
960
448
1987
969
458
974
464
465
467
980
477
480
2018
2023
2025
1001
1002
1006
1009
2033
498
1525
2038
1527
504
1017
1530
1532
1021
509
17
96
37
135
43
76
44
111
146
83
119
56
154
122
93
94
95
127
