210
1025
1538
515
3
2052
6
522
1034
11
15
1043
2067
1046
542
543
544
545
547
548
1060
1061
1066
44
1581
558
54
1079
571
1595
572
1085
1599
1600
67
1603
68
580
70
584
73
589
81
1108
1621
87
1624
1625
608
1636
1639
617
107
1644
108
1132
1136
1650
627
1143
120
1150
132
1668
645
1160
1672
649
139
141
657
1172
1693
160
1185
161
162
170
173
1206
183
1210
1722
1727
1220
709
1735
1224
716
722
723
1242
1755
220
1245
224
739
1767
745
1773
240
755
244
1792
258
1795
1285
776
1803
782
787
789
1813
1303
1818
1820
1822
287
805
1830
299
1324
1838
1330
1333
309
1336
1853
1855
1344
1857
323
325
326
1350
331
1868
334
1359
338
852
1876
340
1878
1879
1370
860
1375
1897
874
362
363
1912
891
379
380
383
1408
897
1922
899
1412
1413
1926
1927
395
1426
1939
1944
1945
412
415
1440
417
1443
1444
1956
421
936
1963
1452
1964
942
1454
952
954
1467
960
962
969
457
2001
980
470
1502
481
2018
483
2023
999
488
2025
1513
1002
2028
493
1009
2036
1013
506
1021
15
98
71
41
142
111
81
83
51
84
148
149
119
55
152
63
