224
1025
3
6
1545
1034
2058
15
2065
1043
532
540
544
33
547
548
36
1575
1578
558
50
564
56
1595
1085
1600
1089
1602
1603
68
1605
1095
1096
1608
74
587
1100
81
1106
1108
87
1624
600
1114
92
604
606
96
98
99
1123
1636
614
1639
105
617
618
1131
1132
113
627
1145
634
635
636
124
1668
1156
645
134
1671
1672
1674
142
1680
1168
1684
1172
1176
665
1693
670
671
160
674
170
173
1206
1721
699
1730
1220
1735
711
200
712
204
723
727
1752
1243
1758
222
736
224
1767
1769
745
1775
241
765
1792
1281
772
773
1289
1291
273
787
1812
1813
789
277
790
1303
1818
1820
1822
1313
1830
809
1324
1838
309
823
1855
1856
1860
1349
837
325
1350
1351
328
331
843
333
1359
1872
1876
1365
343
1879
859
860
863
362
367
1392
372
887
1408
1412
1927
395
397
1427
916
1428
1944
412
1437
417
1442
1444
1956
932
421
933
1447
938
941
942
1454
948
1461
954
1980
1469
1471
448
1986
456
969
458
461
1997
974
1998
467
980
2005
1501
2016
993
998
2023
488
2025
1513
1002
1517
498
1525
2038
2039
1527
504
2042
506
1530
1532
1021
1533
509
15
32
96
37
71
39
43
44
76
111
83
19
56
153
122
59
