271
1536
1025
515
3
2052
1029
6
1545
1034
522
11
15
1043
532
544
545
33
547
548
1061
1066
44
1581
558
561
50
564
54
1080
56
1082
571
1595
1085
573
1086
1599
1600
1089
68
580
1093
1605
70
1095
584
1096
1608
74
587
1616
81
83
1108
87
88
1624
600
1625
92
604
606
96
1122
98
99
611
1636
102
1639
617
105
107
108
1644
1132
1133
622
1136
627
1143
634
124
131
132
645
646
1672
649
1673
138
139
142
1680
1172
1684
665
667
670
160
1185
1192
170
1194
1706
1707
183
185
1721
1210
186
699
704
707
1220
1222
1735
711
200
712
716
204
206
1745
722
723
727
1752
1242
1243
1245
222
224
225
1251
230
745
1769
1773
241
1781
1792
1281
258
1285
773
262
776
1803
782
1294
1809
274
787
1812
1813
789
790
1303
793
1818
1310
1822
1824
1830
299
811
1324
1838
1841
309
1334
823
1855
1344
1856
1860
1349
837
325
326
1350
1351
331
1868
1872
1360
852
1876
1877
1879
343
860
1373
868
1385
362
876
1388
367
880
1392
370
1907
372
1908
1397
1400
379
1403
893
897
1412
1926
1927
395
397
1939
916
1428
1944
1435
412
1437
415
417
1444
932
421
933
1447
1960
1963
1452
1454
948
439
953
954
1467
1471
960
962
456
457
969
458
460
461
2001
980
1493
480
2018
2023
2025
489
2026
1002
2036
1525
1013
2038
1526
1527
506
1530
507
1020
1532
509
16
0
32
96
129
100
37
6
71
43
76
44
142
111
149
119
55
