226
1025
3
515
2052
6
1034
522
523
2062
15
1043
2067
532
1560
24
544
1570
547
548
1060
1061
44
1581
558
1070
50
564
54
56
1595
571
1085
1086
1603
67
1604
68
1608
587
77
81
1620
1108
87
1624
1625
1116
604
605
96
611
1636
102
1639
105
107
1644
1132
627
1143
634
1668
132
1156
645
1672
649
141
142
1168
1172
1684
665
1693
671
160
1185
161
674
170
173
174
694
183
1721
1722
186
699
1727
1730
1220
709
1222
1735
1224
712
716
1745
722
723
1748
727
1752
732
1245
222
224
225
1767
745
1769
1773
240
1792
1281
773
776
1803
787
1812
789
1813
277
790
1818
1820
1822
1310
803
1830
1318
299
1324
301
1838
820
1333
309
823
1336
1855
1344
1860
325
1350
326
1351
331
1868
1359
338
852
1876
1878
343
855
1879
860
1375
362
874
363
1909
379
380
383
1408
897
1412
1413
1926
1927
395
1426
1939
916
1428
1944
1945
412
1437
415
417
1443
1444
1956
933
1447
1960
1963
942
1454
439
954
1467
956
1471
960
962
964
456
969
457
458
1998
980
1502
2016
480
481
1505
2018
2023
2025
1002
491
493
1009
2033
2036
1525
1013
1527
506
1532
1021
15
32
71
41
105
44
111
81
83
117
149
54
119
55
152
25
