206
1025
2
3
6
1034
15
1043
2067
544
545
547
548
1061
1066
44
558
1585
54
56
1082
570
1595
1085
1086
1600
579
1603
68
581
1093
1605
1095
1608
587
1611
1100
81
1108
87
1624
1625
604
92
606
96
1122
611
1639
105
1131
1132
1644
622
1136
1143
634
124
1666
132
1668
1156
645
134
1672
649
142
1680
1168
1172
149
665
1693
160
1185
674
1702
170
173
1721
698
699
1220
709
711
1735
712
200
1224
716
1745
723
1748
727
1245
222
224
225
1252
1767
1769
745
234
1773
1792
1281
773
1803
1809
787
1813
277
789
790
1303
1818
1307
1820
1822
1310
805
1830
811
1324
1838
1331
309
830
1855
1860
325
1350
326
331
1868
1359
849
1876
343
860
1379
868
362
1900
1392
891
379
380
383
1408
897
899
1412
1927
395
1426
1428
916
1944
1434
1435
412
1437
1441
417
1443
932
1956
420
1444
933
1447
1960
936
941
942
1454
434
1974
439
953
954
1467
1471
962
451
969
457
458
1997
980
1493
2015
480
998
999
488
2025
1002
2026
493
2036
1527
506
1530
1532
1021
13
0
98
37
5
71
135
39
44
111
81
83
149
94
