161
1792
1025
2
3
1795
772
1285
773
6
1545
1807
527
787
1812
1813
790
1303
1307
1820
544
547
548
1830
1318
550
1066
1838
558
1585
1330
50
1331
309
823
1595
316
1085
1086
1855
1600
1089
68
1860
325
1605
581
1350
1351
1608
1096
74
587
843
1872
849
1108
1876
87
859
604
860
92
1116
98
99
1123
1636
614
1639
617
1897
1385
618
619
1900
1132
367
1136
1392
372
629
1143
1145
634
124
1408
897
1922
1412
645
1927
1671
1160
395
142
1422
1679
1168
1680
1172
1428
916
149
1944
665
1693
1437
670
160
417
162
932
1956
933
1960
170
173
942
1454
434
948
1974
439
1721
954
699
1471
1730
707
1735
712
456
200
969
458
461
1745
980
727
1243
222
224
480
2016
483
1251
2023
488
1513
745
1769
1002
1775
241
244
1525
1527
1530
506
1532
2047
11
32
96
83
51
148
37
135
71
56
76
94
