1267
4098
6146
6148
6149
8197
10246
6152
10256
6160
6164
2070
22
4121
10266
28
6172
6174
4127
35
36
37
2088
6187
8236
6189
48
8241
8244
4150
2106
8251
10304
2114
67
10309
8261
4166
4167
72
4173
4174
10319
4176
8274
2133
86
2136
2137
10331
2140
4190
8287
6239
2144
102
4201
10347
2156
4204
10350
6254
10351
4207
6256
6262
8312
10362
10366
2176
2178
8323
2184
6280
137
6282
4235
8333
2191
10386
4244
148
2196
2198
6295
2202
4251
2204
2205
10398
159
6304
4257
10403
10406
166
2217
4266
4267
4271
2225
8370
2230
184
2236
8385
2241
8387
4292
10436
2245
10439
2249
204
4302
10447
2258
211
6357
217
219
220
6364
2270
2271
2274
228
231
6376
2281
6384
6385
241
10482
2290
8436
244
2294
10487
10488
254
4350
10498
8452
6404
6405
263
4359
2313
266
8458
8459
2316
10511
6416
273
274
2324
8469
10522
4378
283
8478
2334
2336
6433
2337
10529
8481
10530
290
4390
10535
10536
8488
10539
8492
10541
10543
2352
2354
308
309
10553
6458
316
8509
6462
6463
8512
4417
2370
4418
10562
2375
2377
6473
8523
10571
4428
2384
4432
8530
338
8531
10579
2389
10582
2391
2392
348
2396
2399
4447
10594
360
10603
2412
4461
365
6509
2416
6518
10614
8567
6527
10623
8576
2433
10625
4482
2439
8585
4492
397
6541
10637
2445
400
10640
10643
407
6552
410
8604
4510
6561
8610
6562
10660
6571
427
428
2479
8627
436
8630
438
2488
10681
4538
6589
445
2494
8638
8639
4544
4547
8644
4551
6600
457
6601
10698
8650
4554
458
8653
2511
8655
464
466
2515
10708
10710
8662
2519
471
4569
6620
482
8676
2532
2533
10726
8678
8680
6633
4585
490
2538
8692
8693
8694
6649
508
8703
6655
2560
6660
8710
8712
2569
522
6666
4621
526
2576
8721
2579
6677
2581
8726
535
4632
10778
538
8730
4636
542
2590
10783
4640
10784
545
4641
548
10789
2598
8742
8743
2599
2600
10793
10794
10795
556
8750
10801
2611
4659
563
8757
2614
6710
4664
8760
10808
2618
2619
6717
574
2625
8770
10819
8771
8777
4684
4686
2639
591
6736
10832
2642
10836
4694
2648
6745
10841
4697
8795
2654
607
6751
2656
6754
615
6759
2664
8811
4717
8814
4720
8818
6771
10872
10874
636
4734
2687
8831
2688
10881
2689
642
4738
644
6788
8838
2695
10891
652
4752
2704
6805
6810
4767
8864
2721
4770
8867
678
6822
681
2729
2730
6826
10925
686
10926
6830
4783
2736
8881
4787
8883
8885
4789
10933
8886
695
6841
2747
10942
4800
8899
10947
8900
6852
2756
6853
710
2759
2761
4811
8908
4814
6862
8910
8912
720
2769
6866
6870
10966
6871
8922
6874
10971
10972
733
2781
8926
4831
6881
2788
4838
10986
747
2796
6892
6893
2800
6898
2803
4851
6900
756
4854
10998
6904
6906
4860
11006
4863
2817
769
8969
11022
6927
8980
6933
4887
792
8985
11034
6943
11040
802
4899
4900
2853
6950
11047
11048
6953
4910
2863
9012
6965
2871
4919
9015
4920
2876
831
4931
4932
6981
11077
11078
2888
4939
6987
2892
844
9037
11085
2894
848
6994
11092
9045
6997
853
11098
4954
7003
2908
9052
861
2909
11102
4958
864
11105
865
7011
11109
869
870
9063
11114
2923
7019
4971
876
4973
7024
9073
4978
7026
9075
9079
889
11131
9084
11133
9087
7041
4994
7042
9097
5004
5006
911
9103
2960
2962
7061
2965
11157
9111
11162
9115
2972
5021
11166
2976
7074
930
11175
7081
7082
5034
11179
5035
2991
9136
9137
11191
5050
956
11196
5053
9150
5054
958
11199
7105
11203
3012
966
11207
967
969
9162
971
11216
978
5076
981
983
985
5081
9182
3038
9185
3041
9188
11237
11238
5096
3048
5097
1003
7147
1004
1009
7154
11250
11251
5111
7162
7164
11261
9214
3072
11269
1030
11271
9223
5128
1032
5129
1034
1035
9229
5134
11278
3088
11281
5138
1043
7188
5140
9236
3093
5143
1047
7192
7193
1049
9245
7199
7203
9252
11301
1062
1066
3115
5165
7214
5166
1071
9263
5168
1072
5169
7217
3122
3125
11319
9273
3129
7225
1082
7230
7232
9280
3137
5185
5190
3143
9288
9290
9292
1103
9295
3154
9303
1111
5211
9310
7263
7264
5217
7268
1125
1127
3175
7274
1131
5229
9328
9330
7282
5234
3192
7289
9341
5246
3201
5249
5256
5258
3211
7308
7311
3216
1168
5264
3217
1171
7316
3224
3225
1180
9375
7329
3234
1187
1195
3245
1197
7349
3255
5307
7356
1213
3262
1215
7359
1218
1219
9412
1220
1221
5319
3272
3279
7377
9425
1235
5333
5336
5338
7388
5341
7391
7392
3298
5347
3304
1260
9454
5359
5365
9462
9463
1271
9468
3326
5374
5377
1282
3332
5387
9483
7436
5392
3345
7442
3347
1299
7444
1301
1304
5401
3354
9501
3358
7459
9509
3366
5414
1318
1319
7464
3370
9514
5421
3376
3377
7474
1333
7478
9527
3384
3385
1338
5439
5440
7488
1344
3394
5444
1349
7496
7498
7501
1358
5455
1361
1362
7506
5459
7508
7509
1366
7511
1370
5466
7514
3419
9564
1374
3423
1376
5473
9571
1379
7524
9573
9574
9575
5480
3432
1388
5489
1395
1403
1406
7552
3457
5506
3463
1417
9609
3466
1419
5515
5516
1421
5518
9616
7572
1432
7578
3482
7583
7586
9634
3491
1445
7592
5545
5548
3501
5549
5550
1456
7601
1459
7604
3508
7605
3509
3511
7607
1466
9658
7614
5566
7617
9666
3522
3523
1475
3524
7622
7626
9677
7629
5581
7637
7643
3547
5596
1500
3551
3552
9697
7649
5602
7654
5607
3565
7662
5616
9714
5618
7670
3574
7671
1528
7673
1530
9722
3585
7683
7685
9734
7686
9736
3592
3596
5646
1553
3602
3607
9751
9752
3612
9756
1571
5668
3621
1575
9768
5673
5674
9770
9772
3629
5678
7726
9776
1585
3635
1588
7733
5686
1591
5687
5690
5691
5693
1598
1600
5702
3655
1607
7754
3660
3661
1614
5712
1616
9809
3666
1619
5715
1621
7766
9816
1629
3678
1632
5730
1634
3683
9827
7781
1643
3692
7790
9839
5744
3697
9843
5747
1652
3702
5752
1656
9852
1662
9855
5762
3716
1669
7815
7816
9866
9867
3724
5774
7825
9875
1684
9876
1687
9881
1690
5786
3740
5789
1699
1700
9897
7849
1709
9904
5809
3761
7857
5811
9910
1719
9912
5817
1721
1722
3773
1725
1731
7877
9926
1735
9927
9928
3786
9933
1742
5838
9938
9941
1750
7899
7901
5853
3805
1763
5860
7909
7910
7912
7913
7915
9964
7916
5869
1774
7918
1775
3825
1781
1784
1787
1788
7933
3838
1791
1793
5893
7954
5912
10008
1816
1817
10010
1819
3867
10013
7965
10015
10016
5920
3873
7970
1829
7973
5925
3886
1838
10032
10033
5937
10034
1843
7990
10039
3899
3900
1852
3903
3904
3906
8004
10054
5959
3912
1865
10060
1873
5970
8019
1877
5973
3936
8032
3939
8037
5989
8043
3948
5997
10094
1906
10100
3956
6004
8052
3957
3959
10104
3962
10108
3964
3965
10111
1920
3970
3976
6024
10120
6026
1932
1933
3982
3984
1937
10129
1939
3987
8084
10134
1943
6039
8087
1944
1945
8089
10140
3996
4001
4004
6052
6054
8103
4010
1963
10155
10156
4014
10158
4015
10160
8114
6067
10163
10166
10168
1978
6075
10171
4031
8128
10181
6087
8136
10186
6091
8140
1999
8143
4047
6096
10194
6105
4057
10201
10203
10206
10208
8165
2023
4071
4074
10219
6123
8172
6125
2029
4078
4081
6131
4084
2036
4085
6134
2039
2040
4089
8187
8189
6142
3
176
161
175
