221
2
3
6
1030
15
18
1043
2067
532
547
1578
45
558
1585
50
56
1080
569
1595
1086
1600
579
68
581
1605
70
1608
587
1611
81
1106
1108
87
1624
1112
1625
1114
604
92
606
96
611
102
1639
105
1132
1135
119
1143
1656
633
634
124
1152
131
1668
132
142
1679
1680
1168
1170
1172
1684
149
665
1693
157
160
1185
674
1702
1703
170
1707
173
178
691
1716
1721
699
1730
709
711
1735
200
1224
712
716
1745
723
1748
212
727
218
1245
222
224
230
745
1769
234
1773
754
250
1792
1281
773
1289
1803
1294
1812
1813
789
277
790
1303
1818
1307
1819
1820
1822
1310
805
1318
1830
807
1324
1838
1329
1331
819
309
823
1855
1856
1860
325
1350
326
1351
1356
332
1360
849
1876
1884
860
1385
1900
1901
367
1392
1907
1909
1397
1402
379
380
893
383
1408
897
1412
1927
1417
1418
395
1426
1428
916
1944
1434
1435
412
1437
415
1441
417
1443
932
1444
1956
933
1960
1454
942
434
1974
439
1978
954
1467
1471
962
452
456
969
458
467
980
2014
2015
480
2016
1511
999
2025
1002
493
1010
2035
1011
2036
1525
1526
1527
1530
506
1532
2047
13
32
100
5
37
71
135
8
44
81
83
149
158
94
