181
1792
1281
2
3
773
6
1545
1289
1034
1803
15
1807
2065
18
1812
532
1813
277
789
790
1303
1818
1307
1820
1822
547
550
1318
1830
1578
558
1838
1585
50
1331
309
1595
1086
1342
1855
1600
1089
1603
1860
1605
325
581
1350
1351
1095
1608
1096
74
331
1611
587
1359
1872
849
1108
1876
1365
87
600
1880
1114
859
860
604
92
863
98
99
1636
1639
1385
617
362
1132
1900
367
1392
113
1143
634
379
635
124
383
1408
897
1666
1412
1668
132
1927
1672
395
1679
1168
1680
1426
1172
916
1428
149
1944
665
412
1437
670
160
417
1442
932
1956
933
1960
170
173
1454
942
434
1715
948
439
696
1721
698
699
1471
703
1730
1220
709
1735
200
712
456
969
458
1738
204
716
461
1998
974
464
1745
723
467
980
1748
727
1243
222
1758
1503
224
480
2016
2018
1251
1252
2023
1767
745
1769
1002
234
241
498
1011
2036
1525
1527
1272
506
1530
1532
2047
11
96
32
83
131
37
71
135
122
76
94
111
