176
1792
1281
2
3
773
6
1030
1289
1803
15
18
1043
1812
532
1813
277
789
790
1818
1307
1819
1820
1822
550
1830
1318
807
1578
1324
45
1838
558
1585
1329
50
1331
819
309
823
56
569
1595
1086
1855
1860
68
325
581
1350
70
1351
1608
587
1611
332
1356
81
849
1108
87
1624
1880
1112
1114
860
604
1884
96
352
99
1125
102
1639
105
1900
1132
1901
1135
1396
119
1656
633
634
379
1660
124
383
1408
1152
897
1668
1412
132
1927
1417
650
1418
142
1679
1168
1170
1428
1684
1172
149
1944
665
1435
412
156
1693
1437
670
160
1441
417
674
1442
932
1956
933
1702
1703
1960
173
942
1454
434
178
691
1716
439
696
1721
1978
699
703
1471
1730
962
709
711
1735
1224
200
456
969
1738
458
716
464
1745
467
723
1748
980
727
218
2014
222
480
2016
1511
745
1769
1002
234
754
1010
1011
1525
1527
1272
506
1532
2047
10
32
131
83
5
71
135
8
44
94
158
