265
2049
2
3
1029
6
1545
1034
2058
522
15
2065
1043
545
33
547
548
36
1060
550
1578
558
1070
1585
50
54
56
1595
571
1086
1600
1089
1601
1602
1603
579
68
580
1605
581
70
1095
1096
1608
74
1098
587
81
1108
87
1624
600
1114
604
92
606
96
98
99
1123
611
1636
614
1639
1129
105
617
618
619
107
1132
1644
1133
113
1650
627
115
1141
1143
1145
634
635
124
637
1666
1668
1156
645
1671
1672
138
142
1679
1680
1168
149
665
667
1693
670
1183
160
674
1702
1192
170
173
1710
177
1721
1210
699
1730
1220
1222
711
1735
200
712
204
716
1745
722
723
727
1752
1243
222
1758
224
1763
1251
1767
745
1769
234
1775
241
242
1792
773
1289
1803
1291
782
1812
1813
789
277
790
1303
793
1818
1307
1820
1822
1313
290
1830
1318
811
1324
1838
307
1331
819
1334
316
1855
1344
1860
837
1349
325
1350
326
1351
328
1352
331
843
1359
1872
849
1876
852
1877
1365
343
1879
859
863
868
362
874
1900
1388
876
367
880
1392
370
372
887
383
1408
897
1412
1926
1927
395
397
1427
1939
916
1428
1943
1944
1435
412
1437
415
417
1442
1956
932
1444
933
1960
938
1454
942
434
948
1974
439
954
1469
1471
448
969
458
974
464
467
980
982
477
480
2016
2018
2023
2025
1002
498
1525
2038
1527
504
1017
1530
506
1532
1020
509
2047
15
96
32
37
135
43
44
76
111
146
114
83
119
56
122
94
