270
3
1030
6
522
15
527
2065
1043
2067
539
543
544
547
1578
554
556
45
558
1585
564
54
55
56
569
1595
571
1085
1086
1600
578
1602
67
580
68
1605
70
1608
587
1611
78
81
1619
1108
87
1112
1624
600
1114
604
1116
92
99
611
1125
614
102
1639
618
107
1643
1132
1644
1136
113
627
115
629
631
1143
1656
1145
633
634
635
1660
124
1152
132
1668
1671
136
650
142
1680
1168
657
1170
1172
1684
149
665
667
156
1693
670
160
162
1703
170
1195
173
178
691
1716
183
1720
696
1721
186
1723
699
703
709
1735
711
712
1224
200
1738
716
204
209
1745
723
1748
212
727
222
224
229
745
1769
234
1775
754
1272
250
1791
1792
1281
773
1289
1803
1291
1813
277
789
790
1303
1818
1820
1822
1313
1314
1827
1830
1318
1324
1838
1329
1330
309
1334
1336
1342
1855
1344
1856
1860
325
1350
326
843
1356
332
849
852
1876
1879
1880
859
1884
860
1887
863
352
1890
866
1379
1900
876
1901
1392
372
1396
1909
1910
891
379
1408
897
899
1412
1926
1927
1417
395
911
1426
1939
916
1428
1943
1944
1434
1435
412
1437
415
417
1441
1443
420
932
1956
1444
933
934
1960
936
426
1963
1454
942
944
1974
439
954
1978
1467
1981
1469
446
1471
448
962
451
969
458
974
467
980
2014
2015
480
2018
1511
488
2025
1002
493
498
2035
2036
1013
1525
1527
1530
506
1532
15
98
131
37
5
135
71
8
81
83
148
119
55
56
122
158
