234
2
3
6
1545
1034
2058
15
2065
18
1043
532
33
547
36
550
1578
558
1585
50
56
1595
1086
1600
1089
1602
579
1603
68
581
1605
1095
1096
1608
74
587
81
1106
1108
87
600
1624
1114
604
92
606
96
98
99
1123
1636
100
614
1639
105
617
618
619
1132
113
115
627
629
1143
1145
634
635
124
1666
1156
1668
645
1671
1672
650
142
1679
1168
1680
1172
1684
149
665
1693
670
160
674
1702
170
173
1710
1715
1721
698
699
1730
1220
1735
711
712
200
202
204
1745
723
1748
727
1752
1243
222
1758
224
1251
1252
1767
745
1769
234
241
1792
1281
772
1285
773
1289
1291
1292
1807
787
1812
789
1813
790
1303
1818
1307
1820
1822
1313
1830
1318
1321
811
1324
1838
1331
819
309
823
1338
830
1855
1860
325
1349
837
1350
1351
328
331
843
1872
849
1876
1365
343
1879
859
860
863
1385
362
1900
367
1392
372
887
383
1408
897
1412
1927
397
1427
1428
916
1944
412
1437
417
1442
932
1444
1956
933
1446
1960
938
1454
942
434
1459
948
1974
439
440
954
1469
1471
448
456
969
458
461
974
1998
467
980
480
2016
2023
2025
1002
1517
498
1525
2038
1527
504
506
1530
1532
1020
509
2047
14
32
96
67
37
71
135
43
44
76
111
83
56
122
94
