269
2
3
2051
2052
6
1032
1545
2058
522
15
2065
1043
532
543
545
33
547
1572
1061
1066
1578
558
1585
54
56
1080
569
1082
1595
571
1086
1089
579
67
68
580
581
70
1095
1608
74
587
1611
81
1108
87
1624
600
1625
1114
604
1122
98
611
99
1636
102
1639
617
107
1132
1644
622
1136
113
627
115
1143
1656
633
634
635
124
1152
131
132
645
1672
649
138
142
1679
1168
1170
1172
149
665
667
668
157
1693
670
160
1185
1703
170
1707
1715
183
1721
186
698
699
704
1730
1220
709
1735
711
200
204
1745
209
723
727
1752
218
1243
1245
222
1247
224
230
1769
745
234
1773
241
1781
1792
1281
258
773
1289
1803
1294
274
1812
1813
789
277
790
1303
793
1818
1820
805
1830
1318
811
1324
301
1838
1326
1331
309
1845
1334
823
1339
1855
1344
1860
325
1349
326
1351
331
1868
1356
1360
1872
849
852
1365
1877
1879
860
350
863
866
1379
868
1380
362
1900
876
1388
367
880
370
1907
1908
372
1397
1400
379
891
383
897
1412
1926
1927
1417
1418
397
1939
1428
1943
1944
1435
412
1437
415
417
1441
1442
420
932
1444
933
934
1447
1960
936
1450
1963
1454
434
1974
439
953
954
1467
1471
962
451
452
456
969
458
461
974
1998
2001
467
980
1493
2014
480
2016
2018
2023
2025
1002
2026
498
1011
2036
1013
1525
1526
2038
1527
506
507
1532
509
2047
17
32
0
96
98
100
5
71
135
8
43
76
111
149
119
55
122
94
