260
3
515
1030
6
1542
522
1034
2058
15
2065
18
2067
1043
532
547
1578
1066
45
558
1585
50
564
54
1590
55
56
569
1595
571
573
1086
1600
67
1603
68
580
1605
70
1608
1096
1098
587
81
1106
1619
1108
1109
87
1112
1624
600
1625
1114
604
92
1125
102
1639
107
1644
1132
1133
1135
113
627
115
1143
1655
634
635
124
1152
1666
1156
132
1668
134
1672
136
649
142
1679
1168
1680
1170
1172
1684
149
665
156
1693
160
1185
1703
170
173
178
691
1715
1716
183
1720
1721
186
698
699
1214
1730
1220
709
1734
1735
712
1224
716
1745
722
1747
723
1748
212
727
1752
218
1245
222
1758
224
1252
745
1769
234
1773
754
250
1792
1281
258
773
775
776
1803
1812
1813
789
277
790
1303
1818
1820
1822
805
1830
294
1318
1324
301
1838
1326
1329
820
309
1334
823
1336
1855
1344
1856
1860
325
1350
326
1351
1353
331
332
1356
1359
849
852
1876
1879
1884
860
863
353
1385
362
1900
1901
1392
1909
1910
379
380
383
1408
897
1412
1926
1927
1417
1418
395
1426
1939
1428
916
1943
1944
412
1437
414
415
417
1443
932
1956
1444
933
1960
1963
1452
942
1454
946
439
954
1978
1467
446
1471
448
962
456
969
458
1998
974
467
980
2014
2016
480
2018
997
2023
2025
1002
493
498
2035
2036
1525
1013
1527
1530
506
1532
2047
14
32
37
71
135
8
104
111
81
83
149
55
119
122
158
