272
1025
2049
2
3
2051
6
1030
1034
15
18
1043
532
539
545
33
547
548
1060
1572
36
550
1578
554
45
558
1070
1071
1585
50
54
55
56
569
1595
571
1086
1600
1601
1603
579
68
580
581
1605
70
1608
1098
587
81
1106
1619
1108
87
1624
1112
1625
1114
92
604
611
102
1639
618
107
1643
1132
1644
1133
1135
1650
627
1141
1656
1145
634
124
637
1152
1666
1668
1156
132
645
1671
1672
138
142
1679
1168
1680
1170
1684
1172
149
665
156
157
670
160
1185
1703
170
173
178
691
1716
1720
1721
1210
699
704
1730
1220
711
1735
712
716
1745
722
723
1748
212
727
1752
218
1245
222
1758
224
1252
1767
745
1769
234
1773
754
250
1792
1281
773
775
1289
1812
789
277
1813
790
1303
793
1818
1307
1820
1822
1313
1830
1318
811
1324
1838
1329
1331
307
309
1845
1334
823
1855
1344
1856
1860
1349
325
837
1350
326
1351
328
331
332
1359
849
1876
852
1877
1879
859
860
1884
352
866
1379
868
1385
362
1900
1388
876
1901
1392
880
370
372
887
891
379
383
1408
897
899
1412
1926
1927
1417
1418
395
397
1422
1939
1428
916
1944
412
1437
415
417
1442
1956
1444
420
932
933
1960
936
942
1454
434
1974
439
954
1978
1467
1469
1471
962
451
456
969
458
1998
464
2001
467
980
982
2007
477
2014
480
2016
2018
2025
1002
2036
1525
1013
1527
506
1530
1532
1020
509
2047
15
32
98
37
135
71
8
43
111
114
83
149
119
56
158
94
