226
2049
2
3
515
6
11
15
2065
1043
545
547
1061
550
1066
1578
44
558
1585
50
1080
1082
1595
1085
1086
1599
1600
1602
67
68
1604
581
1093
1605
70
1608
587
1611
81
594
1108
87
1624
600
1114
92
604
1122
99
614
1639
618
108
1132
622
1136
113
627
115
1145
633
634
635
124
1149
131
645
1671
1673
649
650
139
142
1679
1680
1168
1172
149
665
160
170
1707
173
1715
1721
699
1212
1730
707
709
1735
711
712
200
716
1745
723
1748
727
222
224
225
230
1769
745
234
1775
1781
1792
1797
1285
773
1289
1291
782
1294
1809
787
1813
790
1303
1307
1820
1822
1313
805
1830
1318
299
811
1838
1841
1330
1331
309
823
1339
830
1855
1856
1860
325
1350
1351
1356
1868
1869
1360
849
1876
1879
860
1373
863
868
1894
1385
1900
369
1907
372
1397
1403
893
1408
897
1412
1927
395
1428
916
1944
1435
1437
1438
417
1442
932
1956
1444
421
933
1446
1447
1960
1452
1454
942
1967
434
947
1974
439
953
954
1469
1471
447
448
960
452
456
969
458
460
974
467
980
1493
470
2016
480
998
489
1002
2026
498
1011
1525
1526
1527
2040
1530
2042
506
1532
2047
14
32
0
100
5
37
71
135
109
142
83
118
56
122
94
