611
1024
1026
1027
1029
1032
2057
1036
2060
15
2064
1042
1043
21
22
2071
24
2075
28
30
1054
1055
2079
32
1058
1059
2083
1060
38
1062
2087
40
43
1067
1068
45
1070
47
2095
2096
1074
1076
53
54
1080
57
1081
1082
1083
60
1085
2110
64
2112
65
2113
66
1091
2115
69
1096
73
1100
1101
79
1103
80
1104
1106
85
2133
1112
2136
89
2138
91
2139
2140
1119
96
1120
97
2146
1123
2147
100
1124
2148
101
1126
103
2153
1130
107
2155
108
110
2158
111
1135
2160
2161
2162
115
1139
118
2167
2169
2172
1149
126
1151
2175
2177
2178
1158
2182
135
136
1160
2184
1161
2185
1162
142
2190
1167
2192
2193
2194
2195
148
149
1173
2198
151
2199
154
1178
155
1179
2203
2205
2206
1183
160
2208
2209
162
2212
166
2214
168
1192
1193
170
1195
2221
2225
178
1202
180
2228
182
2230
2232
185
1209
2233
187
1213
2239
195
1219
2243
1220
2244
197
1221
198
1222
2246
199
2247
201
1225
1226
2252
1231
2255
208
1233
1236
1237
215
1239
1240
217
1242
219
1247
225
228
230
238
244
245
1269
246
1270
1271
248
249
250
1274
1275
1276
253
1277
1278
255
256
1285
1286
264
1289
268
1292
1295
272
1296
273
1297
275
276
279
1303
1304
1306
1309
286
288
290
292
1316
1318
1319
1320
297
1323
1324
1325
305
315
316
321
322
1346
325
326
1350
1354
1356
1357
334
1359
336
1362
343
1367
344
1372
349
351
352
356
357
359
360
1387
1388
368
1393
1395
1400
378
380
382
384
386
1411
391
392
1420
397
398
400
401
407
1432
410
411
412
1437
1438
415
1439
1440
418
419
1444
1445
424
426
427
428
430
432
1458
1459
442
1476
455
1479
458
459
1484
1485
466
1493
472
1496
1502
480
1505
1507
1508
1510
1517
1521
499
501
1525
502
1526
505
507
509
510
1534
512
514
515
1539
1541
518
1543
520
522
1548
1549
1554
1556
545
1569
1571
551
553
555
1583
560
1584
1586
1587
565
1593
570
1594
572
573
1598
1600
577
579
1606
583
1609
587
1611
588
592
1616
1618
597
1622
1624
1626
1630
607
1631
609
611
613
614
1640
1641
619
620
1645
1647
624
1648
1650
1651
630
633
642
1666
1668
645
1669
647
1671
1672
1674
1679
656
658
659
1686
670
671
672
674
1698
1704
1705
682
684
1708
1710
691
1716
1720
697
1721
698
1722
707
708
1733
711
712
713
1737
718
722
1749
729
1755
1756
1757
1759
736
1761
1764
741
1768
1770
750
1774
751
752
1777
1778
756
758
1783
762
1788
1789
768
1792
774
776
1800
1802
785
1810
788
1814
1817
1818
1823
1829
1835
814
1838
815
1840
818
821
1846
825
1849
830
832
1857
1859
836
1862
839
841
1866
1867
1868
845
851
1876
854
1880
858
1882
1885
867
1893
871
872
1897
874
1898
875
1900
877
878
1904
1905
891
892
896
1924
903
1928
907
908
909
1933
912
1936
913
1937
914
917
1947
1948
930
931
934
1958
1959
1960
1961
1963
941
1965
946
1971
1973
950
1976
1977
957
1983
962
1988
1989
1991
1993
1996
973
2000
2001
978
979
2003
2004
981
2006
2007
984
2010
988
2016
993
2017
995
998
999
1004
2028
2030
1008
2039
1016
2041
1018
2042
1019
2043
2046
1023
2047
28
0
1
6
70
11
12
14
16
82
19
20
26
28
96
35
99
36
37
101
103
104
49
51
52
121
58
63
127
