565
1025
2049
1026
8
10
2059
1036
2060
13
1037
1038
17
1041
2067
1044
2068
1046
24
25
1049
1050
2077
30
1054
2079
1057
34
1058
1059
2083
1060
2086
1066
2090
1067
45
2094
47
48
1073
51
54
1078
2103
1081
1083
61
1085
2110
64
2112
1090
67
2115
1092
2116
2117
2118
1096
73
75
1101
1102
2128
2131
2134
87
88
89
2138
94
95
1123
1124
101
1125
1126
1133
113
2161
2163
117
1143
2167
121
2170
124
2172
1150
2177
130
2178
131
2179
132
1157
1158
135
1160
138
1162
142
1167
144
146
1170
148
149
2199
1177
2201
1178
2203
157
2205
1182
1183
160
1184
2208
2209
162
2212
1189
166
1191
2215
1192
1193
2218
2220
1198
2222
1199
177
1202
1203
2227
1205
2229
185
1209
186
188
1216
2240
194
1219
196
2245
198
2246
199
2247
201
1225
203
206
1231
2255
2256
1237
215
1244
1247
230
231
232
236
1260
238
1265
1267
1271
250
1274
251
1275
1276
1277
257
1283
260
261
1287
265
269
1298
1302
1306
1309
286
1313
1316
293
1318
297
298
1322
316
1340
317
319
320
1344
322
325
1350
327
334
1359
1360
1361
1362
340
1366
343
1367
345
346
1371
349
1373
351
352
353
1377
356
1380
357
358
1382
359
360
366
1395
1397
374
1398
1400
379
383
384
1408
386
1416
393
1417
1418
1419
1420
398
1427
1431
410
411
1436
1439
1440
419
1445
1446
428
1452
430
1454
432
433
1457
435
1459
438
1464
1465
442
444
1470
447
449
1473
1476
1479
1484
1485
462
1491
1494
471
1502
1508
1512
1514
1515
1516
1517
494
496
1520
499
501
1525
1527
1534
512
1538
515
1542
1545
1547
527
528
1556
535
537
1561
539
1563
1566
547
549
551
554
557
1584
1588
565
1589
1593
1598
575
1600
578
1603
580
1605
1608
586
587
1612
1613
592
595
599
602
1626
604
607
1631
608
1632
609
1635
612
613
1642
1643
620
621
1647
1650
629
630
631
632
1656
633
652
1677
1678
1681
1682
660
1684
663
672
1697
675
676
1701
680
1704
681
684
1708
689
691
1716
1719
1720
1721
698
1723
702
1726
1728
1729
707
1733
710
712
1736
1737
721
1746
724
725
1749
1755
732
735
1759
736
1760
1763
1764
1765
1766
743
1769
748
1772
1774
1777
764
765
767
1791
768
1792
775
778
1804
781
782
784
1808
1813
791
1815
794
795
1820
798
1827
1828
806
807
808
1836
814
1839
1840
1841
819
820
821
1846
823
1849
832
1861
1862
1865
1867
1869
848
851
852
1876
1877
1878
1880
857
858
1883
1884
861
1885
862
866
867
871
872
1897
875
1901
1910
1913
1914
1916
893
894
896
1921
899
1923
1924
1927
905
1931
908
1932
909
912
913
920
921
1945
923
1952
930
1954
1956
1961
1966
946
947
948
1972
950
1974
1977
954
1978
1981
959
1983
960
1988
1989
967
968
970
1994
1995
1998
979
984
985
2010
987
988
2012
989
990
2016
2017
995
2019
997
999
1001
1003
2028
1009
2033
2034
1013
2041
2042
1019
2043
1021
1023
2047
27
131
68
132
7
75
17
27
97
34
36
37
42
46
51
115
52
54
118
55
119
56
58
122
125
62
126
63
