532
1029
2057
12
2060
2061
1038
2063
1041
2065
2066
20
22
1046
2070
24
1050
2075
2077
1054
2078
34
2083
36
2084
1061
40
1064
1066
2091
1069
2094
47
2095
1073
51
2099
52
1079
2104
1083
2107
61
1085
2110
1087
2111
2112
65
1090
2114
67
69
1093
70
2122
77
1101
1106
84
85
1110
1111
2136
1113
2140
1117
2141
1118
1119
1123
1124
2148
1125
2149
1126
1127
2153
106
1131
1133
2157
110
1135
117
2165
1143
2169
122
1146
127
1151
1154
2178
132
133
1159
136
2185
2187
1167
144
1168
146
1172
2196
149
2197
150
2199
1176
1178
1182
1183
1184
161
2209
1186
1188
1189
1190
2214
1195
2221
2222
2223
178
1202
179
180
2228
1205
185
1210
2234
189
1213
1215
2239
1220
2246
2247
201
1225
203
1231
1237
214
1241
222
1246
1247
224
225
1251
228
1253
1254
232
1257
1258
237
238
1263
240
1265
1269
246
247
250
1274
1279
259
1283
261
1287
1291
1296
1298
1304
1306
1311
1313
290
1314
291
1315
1318
302
1331
308
310
1334
311
312
1339
316
1341
318
321
1345
325
326
1352
330
332
1362
339
1363
340
1364
1367
344
1368
345
1369
350
351
1376
356
357
1382
359
1384
1385
365
1390
1391
368
1394
371
1399
1402
380
381
383
1410
387
1411
1414
392
1416
393
1419
407
409
410
1434
411
1437
415
416
1444
1445
1454
432
1459
1463
1464
445
447
1472
449
1479
460
1484
462
465
1489
1491
1497
475
1499
1508
485
486
487
1511
489
1513
1515
1517
495
499
1523
502
1531
509
1534
513
1542
521
522
1547
524
527
530
531
534
536
1560
1565
1566
547
550
1576
553
1577
556
559
563
1589
570
1595
1596
1597
574
1598
575
580
581
1608
585
1609
1611
1612
591
1615
592
1616
596
597
1621
598
1622
600
1625
602
1626
607
1631
1632
1633
611
612
613
618
1645
623
629
1653
630
1656
634
636
638
642
644
645
1671
1672
651
653
1677
1678
1681
658
663
664
1688
670
674
675
1703
1704
1707
1708
1711
691
1715
1720
697
701
1726
704
707
708
710
1734
713
1739
719
722
1746
724
1750
727
728
729
1753
731
1757
1759
1764
1766
743
744
1768
745
1769
748
749
752
757
760
1785
1789
768
770
1798
1799
780
781
782
1808
785
1809
787
1814
1818
1819
799
801
1827
807
812
1838
818
825
1849
826
1851
829
831
833
834
1859
836
842
843
1868
1871
1872
1874
853
1878
1880
859
1883
860
1884
1886
867
1891
1893
872
880
1905
883
1907
886
887
889
893
894
895
899
902
1929
1931
908
915
1943
926
1951
928
1952
929
931
942
945
947
950
1976
1977
1978
955
1983
961
962
963
964
1989
966
1994
978
979
2004
2005
982
2006
2007
985
986
988
992
2016
2019
996
2021
2022
999
2023
2025
2027
2028
2029
2032
1013
2040
2042
1020
1023
21
128
100
132
133
38
8
72
11
77
110
47
79
82
51
83
21
54
55
92
124
61
