503
1024
2048
1026
2051
2053
6
2055
8
2060
2061
1040
2064
1041
19
1043
2067
22
24
1049
1050
1052
1053
31
1056
34
2084
1062
39
2087
45
50
53
54
2103
56
60
2110
1090
2114
67
1091
2121
77
1103
1104
1106
85
1109
88
1112
1114
91
2141
1119
1121
98
1124
1125
2149
103
2151
2153
1135
1138
2163
116
1140
2164
2165
2171
124
2172
1149
2174
2175
128
1152
1153
2177
131
2181
1158
2182
1159
136
1161
1162
140
2189
142
1166
1167
2191
144
2192
148
1172
2197
1175
152
2202
155
1181
1182
2210
1189
166
1191
1192
1195
1196
174
2222
1199
177
179
180
2228
1206
1209
2234
1212
1214
2239
1216
2240
2242
1219
196
1222
2246
2247
2248
201
1226
2252
1233
1234
1237
218
223
1248
1251
229
1253
230
1256
1258
1265
1275
253
1278
257
1283
1286
1296
273
1297
274
1298
1302
279
282
286
1310
288
1313
291
292
1318
1320
1325
1327
306
307
313
1337
314
1340
320
326
330
1356
337
341
348
1374
351
353
1377
357
1381
1383
360
362
364
1389
371
373
1402
1404
381
1407
1414
392
1416
393
395
1420
398
400
401
1425
1431
1432
410
412
415
1439
1445
426
1451
430
431
434
1459
1460
437
438
440
443
1467
1468
447
448
450
1479
458
459
1485
1487
467
1492
1494
471
472
473
1501
479
1503
1504
483
485
486
494
1520
498
1524
506
507
512
1538
1543
1545
1549
528
529
1562
543
1567
1569
1570
547
1576
553
556
557
559
564
565
1595
574
578
580
584
1609
586
588
589
591
592
1616
1618
596
605
606
1635
612
613
616
623
624
628
1653
634
1658
638
1662
642
644
645
1669
1675
1676
653
1682
1686
666
668
670
672
1696
673
674
1700
678
682
684
1708
685
686
1710
1711
688
1713
691
692
694
695
1722
1723
701
702
1726
705
707
708
1733
711
1735
1736
713
1737
715
716
717
1744
1745
722
726
1759
1761
741
1768
1769
1771
748
750
751
1777
754
1778
1781
761
762
1788
767
1792
1794
773
1797
775
777
1802
1804
1808
1819
796
798
1822
1823
801
804
1829
806
807
808
813
814
1839
816
1842
1844
823
825
1849
1851
1853
830
832
1856
836
1861
840
841
842
1867
1868
1869
1870
1876
853
857
1885
1886
1888
1889
867
872
1896
873
875
876
877
882
883
1908
893
894
895
899
1923
1924
1934
912
915
1940
920
1945
1948
1950
930
1959
938
1963
940
1969
946
947
1973
950
1974
956
957
958
960
1988
967
1993
1996
1998
1999
2001
979
2004
2005
2007
984
985
2012
2013
990
2016
993
994
997
998
2024
1002
2028
2029
2030
2032
1009
1013
2037
2038
1016
1017
1019
1020
2046
1023
19
129
66
37
70
39
104
9
73
10
42
106
45
15
47
80
50
19
89
60
