440
1024
1026
8
1032
1034
12
2060
1037
2062
1040
2066
19
20
2068
1046
25
2075
28
2079
34
36
1062
1063
1065
2089
1068
2092
45
1069
2094
47
1073
1076
53
1082
2110
2112
2114
1092
1093
70
1094
74
75
77
79
2128
1106
1108
2132
85
87
2138
1116
94
2142
95
2144
1123
1124
1125
2149
103
2153
1131
2155
2157
2159
2162
2163
116
2164
2165
2166
2174
1151
2176
131
1158
2182
1159
2184
137
1162
139
141
1166
143
1167
2191
2192
1170
2197
1175
2199
152
1179
2205
1183
1185
2210
166
1192
2218
1199
2226
2227
183
185
1209
186
2235
189
1213
190
1216
1219
196
2244
2246
2247
1225
202
2250
1230
208
213
221
226
1258
240
246
1270
248
1274
251
253
254
1282
265
1300
1304
282
1312
1313
1315
292
1318
296
297
1322
1323
1326
303
306
1337
1343
322
1349
1352
1357
334
1359
1361
1362
339
342
349
350
351
352
1376
353
1378
356
1381
1382
1383
1384
364
366
1394
1395
374
1400
379
381
384
1409
387
1412
389
1422
399
400
401
1425
402
1431
410
412
1436
415
1439
1440
1445
424
427
430
1454
435
1459
437
438
443
444
1468
447
449
452
1477
459
1485
465
474
1499
1501
1504
484
1508
487
489
1513
1515
1517
1519
496
499
503
507
1534
514
1543
520
1547
528
530
1555
1556
533
534
536
1566
1567
1569
547
549
553
554
557
1587
565
1592
569
1593
571
1600
578
579
1604
1611
598
1622
600
602
1626
608
1632
611
1643
630
632
1660
1662
1668
1669
647
653
1685
663
674
675
676
1703
1707
684
1710
688
691
1715
692
1716
1720
1723
704
1729
707
1733
710
711
1735
1737
715
1744
1749
1750
729
1753
734
1761
741
1766
1768
1769
751
756
759
762
1791
769
779
1804
782
1806
784
788
1817
796
1820
798
1822
799
1823
801
1825
804
811
813
816
821
1851
829
1853
832
834
1859
1862
1863
1865
842
1866
1869
847
1871
1877
1880
857
858
1883
865
867
871
1895
1899
1900
1903
882
1910
1915
894
899
1923
1928
906
1934
912
915
1940
917
920
1944
1947
924
928
1952
1963
940
945
946
1970
947
950
1976
954
1981
958
1983
1986
1991
1993
1995
973
1998
2001
979
2004
981
2005
2006
2007
985
2012
990
992
2016
2019
998
2024
1001
1002
2028
2032
1012
2039
1016
2042
1019
2043
1020
2047
15
129
130
131
38
70
7
72
42
43
109
17
20
86
57
30
