659
1024
1025
4
6
1031
2055
11
1035
13
2062
2063
16
2065
1044
22
2070
1047
24
2073
26
1051
2075
2078
31
2079
1056
2080
1057
2082
36
2087
42
2090
43
2091
2093
2097
1075
2099
1076
2101
56
1080
1083
62
1086
2110
63
2111
2114
67
1091
1092
1093
1096
2121
1098
1099
77
1102
1103
1104
2128
1106
1110
2136
1113
2137
1114
92
1117
94
2143
96
2144
98
2149
102
1126
103
2152
105
107
108
1133
2157
110
1134
2158
1135
2159
112
1137
114
2163
1140
2165
118
2169
122
2171
2172
2173
1153
2177
1154
1156
2182
1159
136
1160
2185
138
2186
139
140
1164
142
1167
2191
2192
149
1173
2197
2199
1178
155
1179
1181
2205
2206
2207
164
1188
1189
2214
1191
1193
2218
1195
172
173
174
2222
1202
2227
180
2229
2230
1208
186
1210
2235
188
189
2237
191
2239
1216
2240
2241
194
1219
2243
2248
202
2252
205
208
1233
1234
213
1237
214
223
224
1248
227
231
1256
234
1258
235
237
238
1262
1264
241
246
254
1279
1280
1283
1284
271
272
1296
1298
277
1303
1304
282
1306
284
1308
286
289
1313
290
1315
294
1322
1324
302
303
1328
1330
307
1331
1332
1333
310
1336
316
1340
319
321
322
1348
326
327
330
1358
336
337
338
1362
1364
1365
342
1367
1368
345
348
1372
350
1374
351
1377
354
355
1379
356
359
1386
1389
1392
1394
1397
374
1398
1402
1403
380
1404
381
384
387
388
389
392
1418
1420
397
1424
402
1426
1431
408
1432
410
411
412
1436
414
1439
416
1442
1443
1444
421
1445
1451
1453
430
1454
432
434
437
438
1463
443
444
1469
448
449
1476
453
455
1480
1481
460
461
1487
1490
1491
471
1496
1497
475
1501
483
484
486
1510
1511
1512
489
1513
1515
492
493
1517
1520
1521
498
499
500
1524
502
1526
1528
1530
1531
509
1535
512
515
1541
519
1543
521
1546
1549
526
1550
528
529
530
1554
531
1556
533
534
1558
1559
536
1560
537
538
539
540
1564
541
1566
543
1567
1570
1571
1574
1577
1585
1587
565
570
1596
574
1598
575
576
1600
577
578
580
584
1610
587
1611
589
1616
1618
599
601
606
1631
608
613
614
1640
1643
620
1645
1646
623
1651
629
1653
1657
1659
1661
638
1663
642
643
645
1670
1671
1672
1681
659
1685
663
664
1688
668
1692
669
670
672
1696
674
1701
679
682
686
688
689
691
693
1717
1719
697
699
1723
1726
1727
1728
705
1733
710
711
1735
712
714
715
717
1743
1745
723
724
726
1752
729
731
732
1756
1760
738
739
1764
741
742
743
744
1769
746
750
751
1775
1777
758
762
764
1789
1790
767
1792
771
1798
777
783
1808
1812
789
1820
797
798
1822
1823
1825
802
806
1830
808
818
1843
1844
1849
1850
1852
1853
832
833
1859
836
1860
1861
1862
1863
840
1866
1868
1870
849
1876
1877
1880
857
1881
858
1884
1886
864
1888
1889
867
1891
872
1896
873
875
1900
877
1901
878
888
1912
889
1913
893
1917
1919
898
903
905
906
1931
908
909
1934
1935
1938
915
916
1940
917
1941
1943
1944
1945
922
923
1947
925
927
1951
928
1952
1953
931
1956
1958
1959
1962
1963
1965
1967
945
946
1970
1971
950
1976
953
954
1978
956
1981
1983
960
962
963
964
1988
967
1996
973
1998
975
976
2001
2004
2005
983
2007
984
2010
2011
988
989
2013
992
2016
993
994
995
2019
2020
997
998
1001
2026
2027
2028
2030
1007
2034
1013
2037
2038
1016
1017
2042
2043
1020
2045
1022
2046
2047
33
65
129
66
131
69
133
72
77
80
17
81
23
87
25
92
93
96
33
101
39
40
104
41
45
109
47
113
117
58
123
60
62
127
