577
1024
2054
2056
1035
2060
1037
2061
14
15
16
1040
20
22
1046
24
2072
26
2074
2077
1055
2079
32
1057
34
2083
36
1062
2086
39
2087
1064
1065
42
1066
2090
1067
45
1069
1070
2094
48
1072
2096
50
1075
2099
1076
2100
54
1078
60
1085
2110
2111
1090
67
2115
70
2118
2120
73
1098
75
1101
79
2127
81
82
1107
2131
1108
1110
2135
88
1113
2137
2138
2141
2144
1122
1123
1124
1125
2150
104
1130
107
108
1132
1137
1139
2164
2165
1142
1143
2171
1150
2175
2178
131
1156
133
1158
2182
138
1162
139
2187
140
2188
1165
1166
1167
1170
2196
2197
1174
2199
152
1176
1178
155
1179
157
1184
161
2209
166
1193
1194
1195
172
1196
2220
1199
1200
2226
2227
1204
2228
181
2229
185
1210
189
2238
1219
196
1221
2245
198
2246
2247
200
1224
203
2252
205
206
1231
213
1243
225
1249
227
1251
231
232
234
236
1260
237
238
1262
240
1264
1265
1267
244
246
1271
249
1273
1275
1277
1280
257
1281
1283
1285
262
1287
269
271
1298
277
1302
1304
282
286
287
1313
290
1314
291
1315
1317
1318
296
1320
297
298
1322
1323
1324
303
1331
1335
1339
1340
319
1344
321
1345
326
1351
330
332
335
1361
1362
1363
340
1366
1367
345
351
1376
1378
1381
359
1384
366
1390
1392
1393
371
373
1399
1400
378
380
381
1408
388
1412
1413
1415
393
1418
400
401
1425
402
407
1431
411
413
1437
415
1444
421
1445
427
1453
430
431
432
1456
433
1459
437
1462
1468
1470
447
454
1481
459
1486
1488
465
470
471
1496
473
474
1502
1505
482
1507
485
486
1512
489
1517
494
1518
495
496
1521
499
1524
502
1526
1527
504
507
1532
1534
511
512
1536
1538
1539
516
1543
520
521
1545
522
523
524
527
531
532
1556
533
534
535
537
1566
543
1567
1568
1569
1572
551
553
1577
554
555
1579
557
1584
1587
565
1589
569
1593
570
1596
575
1599
1600
1603
580
1605
586
589
590
1614
1615
595
1621
1623
606
1632
610
611
613
1642
619
620
621
1645
623
624
1649
629
634
1658
645
1673
1674
651
653
1677
1682
659
660
1685
663
665
671
673
674
1702
1703
1705
682
1708
686
1711
1713
1715
693
1718
1723
1726
1728
708
709
1735
1739
719
720
1744
723
724
726
729
1753
732
1758
737
1761
739
741
742
744
745
1769
750
1775
752
754
760
762
1787
767
1791
768
1797
1802
779
783
1808
789
791
1819
1820
1822
799
801
804
1830
814
815
1839
816
818
820
1847
825
1849
829
832
1859
836
841
1867
1868
846
1871
1872
849
1873
1874
853
1877
1878
855
856
1883
861
864
865
1890
868
1892
869
870
875
1903
880
1904
1905
1908
1910
1913
1915
893
894
1924
903
906
1931
1932
1934
911
915
1942
922
1952
930
1956
1957
1958
1961
1963
1967
946
947
948
949
1974
952
1976
954
1978
957
1981
1983
960
1984
962
963
1988
1989
968
1993
1994
1995
973
976
2001
979
2005
986
987
2012
990
2017
997
1001
2026
2032
1009
2035
2037
2039
1016
1017
2042
2043
2047
22
64
35
67
131
68
7
108
15
47
50
114
83
115
84
55
57
26
58
27
91
28
29
