648
1024
1025
1026
1032
9
1036
1037
2061
14
16
1042
2066
1043
20
2071
1048
1050
1051
30
1054
2078
2079
1057
34
36
38
1062
2086
2087
40
1065
2090
45
2093
1073
2098
51
1075
2099
1076
54
58
59
1083
60
62
2110
65
2114
67
1091
2115
1095
2120
1098
1099
1100
1101
79
2128
82
85
2133
2134
88
1112
1113
2137
2139
94
1119
96
1120
2144
1121
98
1124
1125
2149
2150
103
1127
2152
2153
2154
107
108
1133
2157
1135
2163
2164
2165
1145
2169
1147
2171
125
1149
126
1150
2175
2177
131
1155
132
1156
1157
1159
2183
136
1160
2184
138
2186
139
140
1164
2188
142
1166
1167
144
2192
1169
2193
147
148
149
1173
1175
2202
155
2206
1183
1185
2209
162
164
1188
1189
166
2214
1192
172
1196
2222
2225
178
181
2229
182
185
1209
1210
190
2238
2239
1216
194
2242
2243
2245
2248
1226
2250
205
1229
206
1231
2255
1233
213
1237
215
219
1243
1244
224
225
1249
1251
229
1256
233
234
1258
235
237
238
239
1263
241
1265
243
245
246
1270
248
249
250
251
252
1276
254
1278
1280
257
261
1285
262
1286
264
267
268
1292
270
1294
271
274
1298
1299
1300
1301
1303
280
1305
1306
283
1309
1310
287
1311
1314
1318
1320
1321
1322
1323
1324
305
306
307
1331
1332
311
312
1337
1339
319
320
321
322
326
1350
329
330
331
1355
336
1360
1363
344
1368
348
349
1373
1377
1379
1381
359
1383
1386
1388
1389
368
369
370
377
378
380
1404
381
1405
382
388
1412
389
1416
1418
1420
398
400
403
1428
408
413
415
1440
1442
419
421
1445
423
1449
426
427
1454
1455
432
1458
1459
1460
437
438
1462
1463
440
441
442
1470
447
1471
448
449
455
1479
458
460
1485
1487
464
467
469
471
1495
473
475
1501
1502
1503
480
482
489
496
1520
497
1523
1525
1529
509
511
1535
512
1536
1539
517
518
520
521
522
1546
1547
1549
526
527
1552
529
531
532
534
537
1562
539
1567
546
547
549
1573
552
553
1578
1580
557
558
559
1584
565
1591
569
1594
571
572
1596
1600
577
1605
583
586
1610
1611
588
1612
589
591
1616
1618
596
1620
597
602
1626
1631
608
1632
611
612
613
614
1641
620
1644
1646
628
629
630
631
1656
633
634
638
1663
1669
1670
647
1672
653
1681
1686
1690
1691
668
674
1699
676
677
1702
1703
1704
684
1708
685
1714
691
1716
1718
695
1719
697
1721
1722
1723
701
704
1731
1733
1735
712
713
1737
715
1740
717
721
723
1747
724
1751
735
1759
739
742
1766
1768
1769
1774
751
756
757
1783
761
762
1789
767
771
772
773
1797
1799
1801
779
780
783
1807
1811
1812
1813
1814
791
1815
1819
1820
798
1825
802
804
1828
1830
807
1831
808
1837
816
1841
1842
820
1844
1845
824
1848
1849
1851
828
829
1853
832
833
836
1861
839
840
1864
842
1866
1867
1868
847
848
1876
1877
1880
857
858
1883
861
1888
1890
867
869
871
1895
872
1896
1897
874
1899
877
1901
878
1909
887
889
1915
1916
1917
899
1923
1924
1931
909
1933
1937
915
916
917
921
1947
1951
928
1952
929
931
1959
1961
1962
939
940
1966
1967
946
947
949
950
1974
951
954
1978
1980
958
1983
1987
964
1988
1991
1993
970
1995
1996
976
2001
979
980
2004
981
982
2006
984
985
987
988
989
992
993
2018
997
2021
999
1002
2028
2029
2036
2037
2040
1017
2043
1020
1022
1023
27
133
6
70
15
16
17
81
18
84
23
87
24
36
103
40
104
41
42
47
111
114
51
58
59
123
60
127
