556
1025
2051
5
2055
10
13
2062
16
2064
1041
1043
21
2069
22
2070
2075
1052
2077
30
1055
2079
1059
1060
38
1066
2091
44
1070
47
2095
2099
1077
54
1078
1079
61
2109
2110
63
65
1090
2114
67
1091
69
70
2119
2120
2121
2125
79
2127
80
1104
2129
1106
83
85
2134
87
88
89
1113
91
2140
1117
2144
98
2146
1123
2147
1124
1125
1126
1131
108
112
1137
2162
2163
1140
2164
2166
121
1145
1146
1147
1148
126
2174
129
2177
130
2181
2183
138
1166
143
2194
1172
2196
149
2197
150
1174
2198
1175
152
1177
154
1179
2203
156
2205
1188
1189
1190
2214
1192
1194
1195
1196
173
2222
1200
178
1202
179
181
1205
2230
2232
185
1209
1210
189
1213
1216
195
1219
196
2244
197
2247
2248
202
2250
2252
207
1231
2255
208
1234
1243
225
226
229
1253
230
231
232
1256
236
1264
1265
246
250
251
1275
253
1279
256
1284
262
264
1288
268
1292
1295
1296
273
1297
277
1305
1306
286
1311
293
1318
1320
297
299
1325
307
309
1337
1339
316
1340
317
1343
321
322
1350
330
331
332
1357
338
1362
1363
341
1365
343
344
345
1371
349
351
1376
353
1377
354
355
356
1381
360
362
365
1389
368
1393
374
375
377
382
384
385
1409
393
395
1420
1425
1430
408
409
411
1435
415
1444
1445
423
1447
1449
1452
431
432
1458
1461
1464
441
442
445
1471
449
454
1479
1481
458
465
1491
471
1497
475
1502
479
480
1505
1508
485
1512
489
1515
1517
1519
496
1520
503
1527
507
1532
509
1534
513
1537
517
1541
1543
520
521
1545
524
1548
526
1550
1551
528
531
1555
536
537
1562
539
1568
545
547
548
550
1574
551
1576
1578
555
557
560
1584
1586
1594
1598
575
1600
1604
581
585
586
592
596
1620
602
1626
1627
606
607
608
611
1637
614
616
620
1645
624
626
1650
635
1661
1663
641
1665
1667
1670
651
652
1676
1679
656
658
659
1686
666
1691
670
672
673
675
1699
676
1703
1704
681
1705
682
684
1710
691
1715
694
1722
1723
1727
704
1728
706
708
1737
716
1746
1748
1749
732
1757
1760
1762
739
1764
741
743
746
748
749
1774
751
752
1776
1778
1780
759
762
1788
769
771
1795
775
1802
779
780
1804
781
785
1809
1810
787
1815
793
1820
1822
1823
801
1825
1828
1830
1831
1833
1835
812
1836
1837
1839
818
1844
821
825
830
832
833
1859
1862
840
841
1865
1867
1868
845
1869
1871
1872
1874
851
1876
1877
857
862
1886
1888
867
1891
871
1895
872
1897
1899
1900
1903
1904
1909
1910
891
1915
893
894
1918
895
1921
899
1923
900
1924
903
906
1933
910
913
917
920
1945
1946
924
1948
929
933
1960
1963
940
1964
946
1974
1977
954
957
1981
958
1984
962
1986
1988
965
1989
967
1993
1998
2000
977
2001
978
981
2006
2012
990
2016
2017
994
998
2022
999
2023
2026
2029
2031
2032
1012
2037
2038
1017
1018
2043
1020
2046
26
0
128
130
132
5
70
9
75
79
16
19
83
20
85
91
30
31
96
103
42
51
52
53
57
123
124
