635
0
1025
4
1028
5
1032
2056
2057
1034
12
1036
2060
13
2061
14
16
1041
2066
1043
20
1045
22
1046
24
1049
28
2083
36
1060
2085
38
1064
1065
42
1066
2090
2091
44
45
1069
47
2095
1074
51
2100
1078
59
1084
61
2110
65
1090
67
1091
1092
1096
2121
1098
2122
2128
2129
82
1106
2131
85
1109
89
1113
1114
2138
91
1116
2141
94
1119
2144
97
1121
98
99
1123
2147
101
2149
1126
1127
106
1130
1131
2155
1133
2158
111
2159
112
116
2164
117
2165
118
1143
120
1144
1145
1146
2171
1148
125
1149
128
1152
129
2177
1154
2185
138
1162
139
2187
141
1167
2191
1168
1169
1170
2194
147
148
1172
149
2199
154
1179
1181
2205
158
1182
2208
2209
1188
1189
1190
2214
1191
1193
1194
2218
1195
172
2222
1199
2223
1200
2225
179
2227
2229
2231
185
1209
186
1210
187
1212
2236
190
2239
195
1219
196
197
198
2247
1225
2249
2250
203
1230
208
1233
1234
212
213
1237
219
221
222
1246
1247
225
1249
227
228
1252
229
1253
1254
1256
1259
237
240
1270
247
1271
1274
251
254
1280
260
1286
271
1295
1296
1297
274
1298
1300
1301
1303
280
282
283
285
1309
286
287
1311
1313
1314
1315
295
297
299
300
1325
302
303
307
1331
308
309
1334
1335
312
1337
318
319
321
1345
1347
325
1350
1352
329
1353
330
1355
1356
334
1358
1361
1362
339
1363
340
342
343
1367
344
345
1369
350
352
354
1378
356
357
358
1384
361
362
1389
1390
1391
369
1394
372
373
1398
375
1399
1403
380
1404
381
1407
1408
1410
387
389
1414
1416
393
395
401
1427
404
1431
408
411
1435
1437
1442
1444
1445
425
427
430
1454
431
435
1459
438
441
1468
1469
449
1476
1477
1481
458
459
460
1487
466
470
1496
475
478
1502
479
480
1505
1507
487
488
1512
489
1513
492
495
1519
1520
1522
1523
501
1526
1527
1531
513
517
519
1543
1544
1546
523
524
1549
1550
531
1556
537
1562
539
1563
540
543
1568
547
1571
1572
549
1573
554
557
558
560
1586
1587
565
1591
569
1593
1594
1599
1600
577
1601
578
1602
1603
1604
1605
1609
586
590
1615
1616
1618
595
599
600
601
602
604
605
607
608
1632
613
614
1641
618
621
1645
1648
1649
1651
628
630
1656
633
1658
1660
1663
1664
641
642
1667
644
1668
1669
647
1671
1674
1679
656
1681
1682
660
663
1687
1688
1692
671
673
674
1699
676
1703
1704
1706
683
1708
1714
692
693
1718
696
1721
698
1722
702
1726
1729
1731
708
1734
716
719
720
1744
722
1746
726
1750
1751
729
1760
1762
1764
741
1766
743
1771
748
750
752
753
1777
1779
1781
760
1789
768
771
772
775
778
1804
1806
783
787
1813
791
1817
1818
797
798
799
801
804
1829
1830
1831
809
1833
813
1838
1839
817
1843
1845
825
826
1852
832
833
1859
1862
1863
840
841
842
1866
845
848
1874
851
853
1877
1878
1880
857
1883
1885
1887
1890
868
871
872
876
886
889
890
1915
893
1917
894
898
900
903
1928
1929
908
1933
910
1936
1937
920
922
924
925
1950
927
1952
930
936
1960
1962
1963
1967
945
1972
1973
950
953
957
958
961
964
1988
965
1989
1991
970
1995
1998
2000
2005
2006
2011
2012
989
990
2015
992
2016
994
996
2021
2025
2028
2029
2030
1008
2032
1009
1013
2037
2039
1016
1019
2043
2047
24
96
33
100
69
101
38
70
103
40
11
76
111
16
17
113
50
115
20
52
117
55
26
29
61
