411
1026
1035
11
2060
13
1037
2061
14
1040
2065
20
1046
2070
24
25
1049
2075
2079
34
36
1062
2086
2091
2094
1072
2096
2099
54
60
2110
2114
1091
70
1095
1097
1098
74
75
1099
77
2125
1101
79
2128
81
1107
85
1110
87
2136
1113
2137
2140
1119
1124
1125
1126
2150
2153
1130
107
1134
116
2164
2165
2172
2175
1151
2177
1154
2178
2181
1158
1160
1162
138
1164
142
143
1167
2192
1172
2197
1174
2199
1175
152
1178
156
157
2205
1183
2209
161
2210
162
1188
1189
165
2214
1191
1193
2218
1195
1196
172
2220
2222
2226
178
179
180
181
185
1209
189
1213
2238
1219
2244
2246
200
2252
211
227
230
1255
1258
1262
1263
1264
240
245
246
1271
248
1272
1275
1279
1280
262
264
1288
265
1296
272
274
1299
277
1306
283
1309
286
290
1314
1315
1318
1322
1323
1326
307
1331
309
1333
1340
322
325
1362
341
343
1367
1376
356
1381
1393
1402
378
1404
1405
381
384
389
393
401
1431
1439
416
1444
423
427
1453
431
433
1459
437
1463
1464
447
1473
452
1477
454
1479
1484
1491
467
1494
1497
1499
475
1503
1505
486
1512
1515
495
496
1523
1526
509
1534
1535
511
512
1539
516
521
1547
1549
528
1553
1556
533
536
537
543
1569
546
549
550
551
553
554
557
1584
1587
1592
1596
574
575
576
1600
577
1603
1609
1611
1613
1625
1626
1631
1632
609
1634
1646
623
633
1657
634
638
642
651
1675
653
1681
659
1685
1688
1691
670
1696
673
676
679
1703
681
682
1708
691
1715
693
1718
1720
1729
708
710
1737
713
1743
1746
1747
1748
1753
731
732
741
1766
743
1769
747
750
1775
754
1778
756
762
1790
1796
775
782
788
789
1815
794
1820
801
1827
804
1829
806
1830
1831
807
1839
816
1843
1844
823
1847
825
829
833
1859
836
1862
1866
846
1871
849
1874
851
1880
857
1883
1884
1886
867
1899
878
1903
1904
884
1909
1910
889
1924
901
903
909
1933
913
1938
920
923
1951
1956
1961
941
947
949
1974
950
952
1976
1977
954
1978
956
1981
957
1983
975
976
979
2004
981
2005
2007
984
985
990
992
2019
1001
2030
1013
2038
1016
2042
2043
2045
1021
6
67
7
57
123
93
77
