2192
0
8194
4098
4099
8197
4102
8
8201
8204
4112
8210
20
4116
22
4120
4121
8220
4125
8221
32
8227
35
4135
43
44
8236
45
47
8240
48
4147
52
4150
55
56
59
66
4167
4171
75
4172
4173
8274
4178
4180
8278
88
4185
8282
8283
8284
93
94
8287
8291
8292
8293
8294
102
4198
4199
8296
8297
4202
4205
4207
8307
8308
4212
4213
4214
8314
4220
8318
127
8319
4226
8322
132
136
8328
137
8329
8331
8333
142
8337
148
4244
149
4246
151
4247
4257
4259
164
166
4263
4270
4271
4273
179
8371
4276
184
4280
8378
4283
190
4287
192
194
195
8387
4292
196
8397
205
8398
211
8403
213
214
4310
8409
8411
8413
223
228
4325
8421
231
235
8429
240
243
8436
244
8438
4344
250
4348
8444
8445
254
255
258
8452
8460
8462
272
273
4369
274
4371
8469
8470
278
4375
280
283
284
8477
8478
287
4384
8482
290
292
293
8486
4390
296
298
8490
8492
4398
4406
311
8509
8512
8513
4419
324
8522
4427
4428
8524
335
336
4432
8533
4438
342
4441
4442
8538
348
352
354
8552
362
363
4461
4465
8562
4468
8564
373
8567
8568
8570
379
8572
383
4481
8579
4485
8581
4489
8586
397
400
401
4497
4498
4499
408
8600
410
4510
4513
8612
4516
421
426
8618
4522
427
4525
8621
4528
8627
4531
436
8630
438
8632
440
4540
4541
445
4542
448
8641
449
4551
457
4553
458
4554
459
461
4558
8655
464
4566
8666
4573
8671
4575
482
8675
4580
8678
487
8680
8682
490
8686
496
8689
498
499
4596
502
8694
8695
4599
4600
4602
4604
508
8703
4608
4610
8708
8714
526
528
8720
535
4632
8730
540
8733
542
8735
4640
8737
8738
548
8741
549
8742
551
8749
8750
8753
561
564
4661
8757
566
8758
4663
4665
4666
4669
574
8770
579
8772
8774
8775
4679
8777
4684
593
8785
594
4691
4697
602
8795
8796
605
607
608
4705
8802
611
4709
8806
615
8807
4712
617
8811
4716
4720
625
8818
4722
4725
8825
634
636
639
4737
4738
8835
651
652
4752
656
8850
8854
4759
664
8860
670
4767
4768
4769
4773
678
679
8873
681
4783
687
8883
4787
691
8885
8886
694
696
8892
8895
704
4801
8897
8901
4806
4807
712
4809
8908
4813
8911
8912
8913
4826
733
4831
8928
743
4839
744
8937
4842
747
4845
4846
8944
4849
4852
8951
8955
4860
765
769
4868
8969
777
8975
8976
8977
8979
8980
790
4887
8985
794
8986
4895
4898
8995
805
4902
809
4907
4909
814
9009
820
4923
9020
9026
4932
836
9030
9036
844
9038
9039
9042
851
4948
4949
9052
9054
4958
864
9056
9058
9060
869
9062
870
874
4973
9069
879
9071
9073
9075
9076
4983
4985
4986
891
9083
9084
4988
9086
9087
9089
898
899
9097
9098
906
5004
5005
5007
9103
9104
9106
5010
9114
9116
5022
9123
5028
5029
5030
9127
5031
936
937
938
9131
5035
5038
9135
9136
9137
5042
5043
5046
9142
9148
5053
9151
5056
5057
965
5062
967
969
970
5069
9165
974
978
5076
981
5078
983
9176
5081
5083
987
9181
9185
5089
1000
1003
9195
5099
1006
5103
1009
5108
1014
9206
1018
5117
1022
5118
1029
5127
9225
1034
1035
9230
1041
5138
1043
9236
5141
1046
1047
5149
9248
5153
1057
5154
5156
9252
5157
9254
1062
1063
9255
1066
5166
5167
5168
1073
5177
5180
9277
5182
5183
5185
1089
9282
9287
1096
5194
9290
9292
9294
1107
1109
5205
9302
5207
5208
9305
1114
9307
9308
5212
9310
5215
1119
5217
1127
5223
9320
1130
9324
5229
1134
1135
9328
5234
9330
1139
9333
5237
1142
1144
9338
1146
9340
5245
9341
5246
9342
1151
1154
5250
9352
1160
5256
5257
5258
9354
1166
9358
1167
1168
9361
1172
9369
5274
1180
1182
5279
9375
5282
1186
5283
9379
9380
5287
9384
9388
1199
5298
9394
9399
9401
1212
5312
9408
9410
1218
1219
9412
9414
9419
9422
5328
1232
5330
5333
1239
9432
5336
1241
1250
5346
5347
5349
1254
5352
9451
1260
1262
9457
1267
5364
9462
5366
9463
5367
5368
9464
5372
9470
5377
9474
9475
9478
1286
9479
1287
5385
5386
5387
5390
1295
9488
1302
5401
9498
5403
9500
5406
5408
5409
9505
5410
1315
9508
5413
1319
9515
1324
1325
5421
9519
5424
1329
5426
9527
5434
5436
1340
5438
9535
9536
1347
5443
9541
1350
5449
9545
1356
1358
9551
1359
5455
1361
1362
5459
1371
1374
1379
1383
9575
5483
1387
9579
1388
9580
1389
9585
1393
5489
5490
1395
9591
5498
5500
1406
1410
5508
9606
9608
1417
5514
9614
9615
5521
5523
9619
5525
9621
5530
5532
9633
9634
9636
1445
1446
9639
9640
5545
9645
5549
9646
5550
9649
5554
1458
1459
1463
5560
1466
9660
5564
1468
9662
5567
9664
5568
5575
5576
5578
9677
5582
5586
5592
5594
1499
9691
1500
5599
9696
5600
9699
1508
9705
1513
1514
9708
1517
9711
5615
1520
5616
5619
9715
9716
1528
1530
1537
5634
1542
9735
5641
9743
5649
9748
9750
1560
1563
9756
1564
1566
5662
5665
5668
1575
9768
5676
1581
9775
1583
1584
5680
5682
5686
1591
5687
5690
5691
1595
1596
9789
5696
1601
5698
1604
1606
5703
9803
5708
1614
5711
9808
5713
5715
5718
5719
9816
1625
9818
1629
5730
1634
5731
1638
1642
1643
5740
1644
5741
9841
5747
9843
1652
1656
5754
9854
9855
5761
1667
9861
9866
9867
1676
5772
5774
5781
1687
1694
9888
1700
9896
5801
1707
1709
9905
5809
9908
5813
9911
1721
1722
1724
9918
9919
1728
9921
1731
1738
9932
5836
9933
5840
5844
9940
1749
1751
1752
1753
5853
5855
1759
1764
9958
9959
5863
1771
9963
1772
1773
1775
1776
1777
1778
1780
5879
9977
1788
5886
1791
9984
5889
1793
9985
9986
5890
1796
9989
1804
10001
1810
10004
5910
5912
1816
10009
1819
1820
5917
10013
10016
5921
1828
10020
5925
5926
5927
10024
5932
10028
1838
1839
10032
10034
5939
10037
10040
5944
1849
5945
10042
1852
10047
5951
10048
10049
1859
5955
10053
10054
5959
5962
1866
5963
5966
5967
10064
10066
1875
5973
1879
1882
5978
5982
1891
1893
1896
10089
5995
1903
6000
6001
1906
10108
1917
10109
1918
1920
1922
10114
1923
10119
6024
6026
1931
10124
10126
10128
1937
10130
1939
1940
6036
10133
1941
10134
1943
1944
1949
10146
6051
1956
10155
1964
1965
10159
6066
1970
1971
10165
10169
6074
6075
10172
1984
1986
10179
10181
6088
10186
10187
6091
6093
10190
1998
6094
1999
6095
6096
10194
6098
2003
10196
2006
6104
2009
10203
6111
10209
10212
6116
10214
10216
6120
6121
6123
10219
6125
10221
2032
6129
6130
2035
2036
10230
2039
2040
6136
2041
6139
6140
2044
2048
10240
10241
2051
2055
6151
10249
2058
10250
2060
10254
10255
2068
6164
10261
2070
6174
2080
10277
2085
10279
6187
2092
2094
10287
10290
10292
6196
10293
2106
10298
6211
10308
10309
2124
2127
2129
10323
2133
6230
2135
10329
2144
6241
6244
10343
10345
10347
2155
6253
10349
2157
2158
6254
6255
6260
2165
6263
10359
10360
6267
2173
10365
6271
2176
2178
2181
10373
10374
10377
10379
10385
6290
10386
6291
2196
6292
6295
6298
6300
2204
10398
6303
10401
6306
6307
10403
10406
10408
6314
6318
10417
6324
6330
6332
10429
6334
6336
2241
10434
2243
2245
6342
10439
6345
6347
10445
6350
6351
2255
10447
10448
6352
10449
10453
10454
10455
10459
10461
2270
10462
10466
10467
2276
10470
2279
6376
2280
10473
2281
2282
10474
2285
10480
6384
6385
6389
10485
10487
10488
2296
10489
2298
2305
6401
10498
6405
10501
6409
10505
2317
2319
2324
2330
10522
6428
6429
10526
2336
2337
6433
10529
2339
10536
10540
2349
2351
2353
2355
6451
6452
10549
6455
10552
6458
2365
6461
6462
2367
6463
6464
10561
2370
6467
2372
6469
2373
2375
6473
2377
10569
2378
2382
2384
6483
10579
6484
6488
6490
2394
10590
2399
2401
10594
10600
2410
10603
2412
6510
10607
2416
6516
6518
2423
2425
10619
6527
10624
6532
6541
10637
2446
6542
6543
6545
6546
10643
10645
2453
6552
10649
6556
6558
2462
2464
10656
10657
2470
2471
6568
2472
10665
6569
2478
6574
6575
10672
2481
6579
2485
2488
6589
2493
6590
6592
2496
6595
10694
6600
6601
10697
2509
2511
10704
10706
10708
6612
2517
10710
2519
2524
10717
10723
6628
2534
2535
6633
2537
10729
2538
2539
6635
2543
6643
10739
6647
6648
10744
2556
10749
10752
2560
6656
2562
6658
2566
6666
2571
6667
10764
10765
2576
2579
10771
6677
2581
10774
6681
10780
6685
10783
6689
2596
10788
10789
2598
2599
10792
2600
10795
6699
6701
2605
10801
2611
10808
2618
6714
10811
2620
10815
10819
10822
10823
10827
6731
10831
6736
2642
10836
2645
6744
10841
6745
10842
6746
10845
2654
6751
2655
2656
2657
6754
10851
10853
2661
2662
6759
2663
2665
6763
2668
6764
10864
2673
6771
2675
10869
6773
10871
2682
10875
6780
10878
2688
10885
2695
2696
10889
10890
2698
10891
10892
2700
6797
2702
10895
6804
10903
6810
2718
10912
2721
10914
2722
10917
10920
2728
2730
10923
10924
6835
2740
2741
6841
6847
6850
2756
10948
6853
10950
2759
2761
6857
10954
10956
6862
6863
2773
6870
6871
10968
6872
6874
6875
10975
6879
10977
6883
10979
6885
10983
10985
10986
2796
6892
2801
6900
10998
6902
2806
2807
6904
11001
11002
2813
11008
6913
11009
6915
11012
2822
2823
6920
2825
2829
11022
11026
11027
11029
2837
6934
2845
11037
6942
11039
11040
2850
2853
6950
11047
2855
2857
2860
6956
6959
11055
6962
6963
2867
6967
2871
6968
6970
6971
11067
6972
2880
6976
11074
6979
6981
2885
6987
2892
6988
11085
6990
11086
6991
6992
11088
2900
11092
2904
11098
11100
11102
11103
11106
7011
11109
7013
11111
7017
2923
7019
11118
2929
2930
7026
2931
2932
2933
2935
7033
7034
7035
11131
2940
11133
2944
7042
2947
2949
2950
7046
2952
7051
11148
7052
11151
11152
2960
11155
7059
7060
11157
11159
7066
11162
11164
7069
11166
7070
7072
2977
7074
2981
11173
2982
7079
7080
11177
7081
7082
11183
2991
7090
2997
2998
11191
3000
11192
11195
7100
11197
3008
7105
7107
11203
3012
7109
3014
7113
3018
3019
7116
3021
7119
11216
3025
7122
7123
3028
11225
7131
11234
7138
7139
3046
3048
3051
7147
7149
7151
3056
11249
7154
3061
3062
7159
3064
7161
7162
3070
7166
7170
3076
3078
11271
11272
11273
3085
11278
3088
11281
7187
7188
7189
7192
7193
11290
11291
3099
7195
7199
11295
11297
7202
3106
7203
11299
7205
3110
11302
3112
11304
11305
11313
11315
11320
7225
3130
7231
7232
3140
7237
3142
3143
3144
7240
3147
3153
7250
3155
3157
7254
3158
3159
7255
7257
3162
7262
3168
3173
3175
3184
7282
3188
7285
3192
3193
7289
3197
3201
3204
3205
3211
3216
7312
7313
3218
7316
7324
7326
7329
3234
7338
3243
7352
7356
3262
3264
3266
3272
3279
7375
3281
7388
7393
7394
7397
3304
7400
7402
3307
3309
3315
7421
3326
3327
3328
7424
3329
7431
7432
7436
3341
3342
7440
3347
7443
3348
3351
3353
7449
3354
7450
3355
7455
3359
7460
3366
7463
3370
3372
7468
7470
3376
7472
7473
7474
7476
7477
7478
7480
3385
7484
3389
7485
7488
3396
7497
7501
7506
3411
3416
7512
7514
7515
3419
7519
3423
3424
3425
7528
3432
7530
3435
7535
3439
3440
3441
3444
7541
3449
3450
7550
7552
3456
3457
7553
3460
7556
3462
7559
3463
3466
7564
7571
3477
7575
3484
7583
7584
7585
3492
7590
7593
7597
3501
7601
7603
7604
3508
7605
3511
3518
7617
3524
7622
7623
7628
3543
7643
3547
7654
3560
3563
3565
7664
3569
3574
3584
3587
7686
3592
3596
7701
3607
7704
3612
7714
7715
3621
3624
3629
3633
7730
3635
3636
3644
3645
3653
3655
7751
3656
7753
3661
3668
7765
3669
7768
3678
3680
7779
7780
7781
7783
7785
3690
3692
7790
3695
7791
7792
3697
3699
7795
3700
7797
7814
7815
3720
3721
7820
7822
3726
7823
3727
3728
7827
3740
3741
7843
3753
7852
3756
7855
7856
7857
3764
7861
3766
7863
3767
7864
3773
7875
7877
3784
7881
3788
7887
3795
3800
3801
7899
3804
3805
3807
3808
7905
7912
7913
7914
7915
3820
7917
3822
3823
7920
3825
7922
3829
3837
3847
7945
3849
7946
3852
3857
3864
7964
7965
3872
7968
3873
7975
3880
7978
3884
7984
3890
3892
3896
7996
3900
3901
3903
3906
8004
8007
3912
3915
3918
8019
8020
8030
3936
8032
3938
8037
8039
3944
3946
3952
3953
8050
3958
3962
8059
8061
8072
3980
3983
8082
3989
8085
3992
4000
4004
8104
8105
4013
4014
8114
4022
8118
8121
4026
8123
4028
8126
8127
4032
4033
8135
4041
4050
8149
8150
4059
8155
8156
8160
4070
4074
8171
8174
8177
8184
8187
6
179
149
91
77
46
174
