281
1025
1538
2
3
515
6
1034
522
1550
15
1043
543
544
33
547
548
1061
39
1575
1577
1066
42
44
1581
558
54
1595
571
1085
573
1086
63
1600
67
1603
579
68
580
1604
581
70
1095
1608
74
1611
587
1100
589
78
1103
81
1108
87
1624
1625
604
1116
1120
1121
99
611
1636
1637
1639
617
107
1132
1136
627
118
1660
124
636
127
132
1668
645
1672
649
138
141
142
1168
657
1172
1686
1687
665
1690
670
671
160
1185
161
162
1192
170
173
174
695
696
1721
699
703
704
194
1220
709
1735
711
1224
1738
714
716
1745
722
723
1748
727
1751
1243
1245
222
224
1766
1767
1769
745
239
751
755
1272
1792
1281
772
1797
1285
773
776
1803
268
1809
273
787
1813
277
789
790
1303
793
1818
1820
1822
1312
1830
300
1324
1838
1330
1331
309
1334
1335
1848
315
1852
1855
1344
1348
1860
1349
837
325
326
1350
331
1868
334
1359
1872
1361
852
1877
1878
1879
1880
859
860
1373
361
362
874
363
876
1388
880
370
1396
891
383
1408
897
899
1411
1412
1926
1927
1929
395
1931
909
1933
914
1939
1428
408
1944
409
1945
412
1437
415
417
1442
1444
1956
932
933
421
934
1446
1447
936
1960
428
941
942
1454
432
434
439
953
954
1467
1980
1981
1471
962
1987
964
1477
969
457
1482
458
461
462
2001
980
2005
1501
477
1503
480
993
481
2018
2023
488
1001
2025
1002
2036
1013
1527
1016
506
1531
1532
509
1021
18
98
131
4
71
43
76
111
82
83
148
149
119
152
153
60
93
94
127
