294
1025
2
3
517
6
1030
2057
522
1549
13
1550
15
531
1556
534
543
544
545
547
548
39
1575
40
44
1581
45
1070
558
47
1071
1585
1587
54
566
1082
1595
571
1084
1085
573
1086
576
1088
1600
578
1091
67
1604
68
580
70
1095
1608
584
585
1098
74
587
1611
1100
77
1613
78
81
1108
1621
1624
1112
1114
602
1116
604
99
611
1636
1639
617
107
1132
1644
1133
1136
1650
627
629
630
634
124
1660
637
1152
132
645
134
654
142
1168
657
1172
149
1686
665
1690
1693
670
671
160
1192
170
682
173
174
178
696
1721
1210
699
1212
1726
1727
703
707
197
709
1735
712
1224
1738
716
1745
722
1747
723
1748
1237
727
1240
1243
219
222
224
1761
1249
1769
745
746
749
750
754
1272
250
1793
772
1285
773
776
1289
1803
782
273
1813
790
1303
1820
1822
1314
805
1830
811
299
1324
1838
1327
1330
308
1333
1335
1336
315
1852
1342
1855
1344
1348
1860
325
1350
326
1352
1872
849
338
852
1879
1880
859
860
1373
1887
1377
1379
868
1381
359
874
1900
1901
1393
369
884
1396
1401
1915
379
891
380
1408
899
1412
1926
1927
905
395
1933
1425
1426
1939
1428
1431
408
1944
409
1437
1438
927
417
1443
932
1956
420
933
421
1446
934
1960
1452
1454
942
430
947
436
439
1981
1471
962
1986
963
451
964
969
458
1483
461
467
980
2005
471
476
477
1501
2015
480
481
993
2018
2023
488
1513
2025
1002
493
1006
1008
1009
2036
1013
1527
2039
1015
1528
2042
1532
1021
1023
19
2
98
131
4
68
133
102
135
71
76
81
114
83
148
119
153
154
27
158
