240
2
3
6
1030
1034
15
1043
532
539
544
545
547
1061
550
1066
1578
44
45
558
1585
54
1081
1082
1595
571
1086
1603
1604
68
580
581
1095
1608
1098
74
587
589
1617
1106
1108
87
1112
1624
1625
1114
604
1630
1122
1636
1125
102
1639
617
618
1643
107
108
1132
1644
1135
627
1145
634
124
1661
1152
1668
1156
132
645
1671
1672
649
142
1168
1172
149
665
160
1185
170
173
1712
178
1720
1721
699
1212
1214
194
1730
706
1220
1735
1737
716
1745
722
723
1748
727
218
1243
1245
222
1758
224
1769
745
234
1773
754
1781
250
1792
1281
773
1797
1289
1807
1809
787
1812
1813
277
789
790
1303
1818
1307
1820
1822
805
1830
1318
811
1324
1837
1838
1329
1331
309
1845
1334
823
1848
1339
1855
1344
1860
325
1350
326
1351
331
1868
332
1356
1359
1872
849
852
1878
1879
859
860
1884
352
866
1379
868
361
362
363
1900
1901
879
370
372
891
379
383
1408
897
899
1411
1924
1412
1926
1927
1418
1939
1428
1944
412
1437
415
417
1956
420
933
1446
1447
936
1960
942
1454
434
1974
439
953
954
1467
1471
451
456
969
457
458
461
1998
2001
467
980
1493
2016
480
2018
2023
2025
1002
2026
2027
1010
2036
1525
1013
1527
506
1532
16
32
0
162
98
71
135
76
111
144
83
149
119
56
158
94
127
