258
2
3
6
1034
1550
15
1043
544
545
547
548
1060
1065
1066
44
558
1070
1071
1585
1587
1077
54
1595
571
1086
1088
1600
1601
1603
67
68
580
581
1605
70
1606
1095
1608
1096
585
74
587
1611
77
1617
1108
87
600
1624
604
92
606
99
611
1636
1639
1129
617
105
618
107
1132
1644
1133
627
1141
631
1145
634
1659
124
1660
637
1668
132
1156
645
1671
1672
649
652
142
1680
1168
147
149
665
1689
670
160
1185
1702
1192
170
173
1197
177
695
1721
699
1726
1727
703
194
1220
709
1222
1735
712
1224
1738
714
716
204
1745
722
723
727
1243
1245
222
224
1763
1251
1769
745
746
242
1272
1792
1285
773
1803
782
787
1813
277
790
1303
1818
1307
1820
1822
1310
1313
290
1830
299
811
1324
300
1838
1327
1330
1331
307
309
310
1334
1848
1849
830
1855
1856
1344
1860
325
1350
326
1352
331
1868
1359
1872
849
1876
852
1879
1880
859
868
1381
361
362
874
1900
876
879
1392
370
372
1401
1402
383
1408
897
1412
1924
1926
1927
395
1422
911
1939
916
1428
1944
412
1437
1438
415
927
1440
417
1442
418
1956
933
934
1960
1452
1454
942
434
948
1974
439
954
1467
1980
1471
969
458
1483
1996
465
980
982
477
1503
480
2018
2023
2025
1002
1516
1009
2036
1013
1527
504
1016
1017
506
1530
1532
1020
1021
17
131
37
135
76
44
111
49
146
114
83
149
119
56
154
124
94
127
