325
1025
1538
3
515
2052
6
1030
1034
523
11
15
1043
1046
539
1052
31
543
544
545
547
548
1060
1061
1575
1577
1066
1578
44
45
558
564
54
55
571
1595
59
572
1085
1599
1600
1089
67
68
580
1604
70
1606
585
1098
587
1611
1617
1105
81
1619
1108
87
1624
1112
1114
1116
604
605
98
99
611
1123
1636
1125
614
618
107
1643
108
1644
622
1135
1136
1650
627
1143
1145
633
634
124
636
1152
1668
645
646
1671
1672
1673
1674
650
139
1168
657
145
1172
1684
665
667
1693
670
671
160
162
170
173
174
178
1206
183
695
1207
1720
1721
186
1210
699
1723
1727
703
1220
1732
709
1735
711
200
714
716
204
722
723
1748
727
1240
1242
218
1755
220
222
224
739
745
1769
1775
241
754
1781
250
1792
1281
258
772
1285
776
1289
1803
267
782
1809
273
1810
787
1812
1813
789
277
790
1303
1818
1820
796
1822
1312
1313
1314
805
1830
1831
299
1324
301
1838
1329
1330
820
309
1333
1848
1849
1339
316
1852
1341
1855
1344
325
326
1350
1351
1866
843
331
1867
1868
1356
332
334
1361
852
1876
340
1878
1879
855
859
860
352
866
1890
867
1379
868
361
874
362
363
876
1901
367
370
883
372
1912
1400
379
891
383
1408
897
899
1924
1926
1927
1929
394
395
1933
1422
400
401
1426
1939
916
1428
1944
1435
412
1437
415
927
1441
1443
932
1956
1444
933
421
934
1958
1447
1963
1452
942
1454
947
954
1467
956
1980
1469
960
964
456
969
458
1483
461
462
1998
463
467
980
2005
982
470
1501
480
2016
1505
993
2018
1506
2023
1511
488
2025
489
2026
1002
2028
493
496
2036
1525
1527
2039
2040
506
2042
507
1021
20
32
96
98
5
71
77
142
111
83
148
117
21
119
55
56
25
153
158
63
127
