309
2049
1025
1538
2
515
3
6
1030
1034
2058
11
1550
15
2063
2065
1043
532
27
1052
544
547
548
1573
1575
552
1577
1578
44
45
558
47
54
55
1082
1595
571
59
1085
1599
1600
67
68
580
1605
1093
581
70
1095
1096
1098
74
587
1611
1100
589
81
1105
1619
1108
87
1112
1624
600
1114
1626
92
604
1120
1122
611
99
1636
1639
617
1131
107
1644
1132
1135
113
627
634
635
636
1152
1668
644
645
134
1672
136
1673
650
139
142
1680
657
1172
1684
1687
665
667
1693
671
160
170
173
174
687
178
1206
695
1207
1720
1721
1210
699
703
1730
707
1220
1732
709
1735
711
200
712
716
1745
722
723
212
727
1240
1242
218
1243
1758
222
224
739
227
1251
1767
1769
745
746
1775
754
1273
250
766
1792
1281
1795
772
1285
773
262
1798
1289
265
782
1809
273
1810
787
1812
789
277
1813
790
1303
1818
1307
1822
1830
809
299
300
1838
816
1330
1331
309
1334
823
1341
830
1855
1344
1856
1857
1860
325
1350
1351
331
1867
332
1356
1872
1361
852
1876
340
1365
1879
1884
860
863
1891
867
362
1901
1392
370
883
1910
887
379
1408
897
1924
1412
1927
395
1931
1420
1933
914
1939
916
1428
1944
1435
412
1437
415
927
1441
417
1443
1956
932
933
421
934
1447
1960
1452
428
941
942
1454
434
948
439
954
1980
446
1470
1471
960
448
1986
962
456
969
458
1997
461
974
1998
463
1999
467
980
2005
1501
479
480
2016
993
2018
1506
997
998
2023
1511
488
1001
2025
489
1002
493
1009
498
1011
2036
1525
1015
2039
1527
506
2042
1530
1021
509
18
32
69
37
5
39
71
76
142
111
83
21
119
153
122
91
93
158
94
