219
1536
1025
2
3
2052
6
1034
15
1043
544
545
547
548
1061
1066
44
1581
558
1585
564
54
1080
1082
1595
571
573
1086
1600
67
68
580
1093
1605
70
1095
1608
584
73
587
1611
589
81
1108
87
1624
604
92
1630
1122
611
1636
102
1639
107
108
1132
109
1133
622
1136
627
633
634
124
131
132
645
1672
649
142
1679
1680
1168
1172
149
665
667
1693
160
1185
1192
170
1706
1194
1707
183
1721
1210
186
699
1212
704
706
1730
1220
197
709
1735
711
712
200
1737
716
1745
722
723
727
1752
1245
222
224
225
230
1769
745
1781
1792
768
1281
1797
773
776
1294
787
1812
1813
789
790
1303
1818
1824
1830
1318
811
1838
1841
309
1334
1855
1344
1856
1860
325
326
1351
331
1868
1360
849
1876
852
1879
860
1373
868
362
363
1900
1392
1907
1908
1397
379
893
897
1411
1412
1926
1927
395
1939
916
1428
1944
1946
1435
412
1437
415
928
417
932
1444
933
1446
934
1447
1960
1963
1452
1454
1974
439
953
954
1467
1471
962
452
969
457
458
1998
980
1493
480
2016
2018
2025
1002
2026
1006
2036
1013
1525
1526
1527
1530
1532
14
0
32
129
100
37
5
135
71
111
144
149
119
55
89
