221
1025
1538
2
3
6
1034
522
2059
15
18
1043
2067
532
1046
1052
544
545
547
548
1060
1061
558
1585
50
54
56
569
571
1595
1086
1603
67
68
581
70
1608
73
587
1105
81
1108
87
1624
600
1625
604
96
99
611
1636
102
1639
105
107
108
1132
1644
627
1143
634
124
132
1668
1156
645
1672
141
142
1168
1170
1172
1684
149
665
1693
160
1185
674
170
173
1207
1721
698
699
703
1730
1220
1732
709
1222
1735
1224
716
1745
723
1748
727
1752
218
1755
1245
222
224
1767
745
1769
1773
1792
1281
773
776
1803
1810
787
1812
789
1813
277
790
1303
1818
1819
1820
1822
1310
805
1830
1318
1324
1838
1331
309
823
1341
1855
1344
1860
325
326
1350
1351
331
1867
1868
1359
849
852
1876
340
1879
343
860
867
362
874
363
1900
372
1909
887
1912
379
380
383
1408
897
1412
1926
1927
1417
395
1426
1939
1428
1944
1945
412
1437
415
1952
417
1443
932
1956
1444
933
1960
942
1454
943
434
439
954
1467
1471
962
456
969
458
1998
463
464
980
2014
480
2016
481
2018
1506
2023
2025
1002
493
2035
2036
1013
1525
1527
506
1532
2047
14
32
135
71
8
44
111
81
83
149
21
119
152
94
63
