254
1025
1538
2
515
3
6
11
15
1043
531
1046
544
545
33
1570
547
548
36
1061
550
1066
558
1585
54
56
570
1595
1085
1086
1599
576
1089
579
67
68
581
1608
1611
587
81
1620
1108
87
1624
1116
604
605
96
98
99
1636
614
1639
615
105
618
1132
108
1650
627
1143
631
120
1656
1145
633
634
124
1660
132
1668
645
1671
1673
650
138
139
142
1168
1170
1172
149
1689
665
1693
670
1183
160
674
1702
1703
170
173
174
1206
696
1721
1722
699
703
1727
709
711
1735
1224
200
1738
716
204
1230
1745
727
1755
732
220
222
224
1769
745
234
1775
241
1272
1792
1281
773
1799
1803
782
787
1813
277
789
790
1303
793
1818
1307
1819
1820
1822
1313
805
1830
807
299
1324
1838
1331
309
1333
316
1853
1342
1855
1860
1349
837
325
1350
326
328
1868
849
1361
338
1362
340
1876
1879
855
1880
859
860
350
866
1379
868
874
363
1900
1396
372
887
1912
891
379
383
1408
897
899
1412
1413
1927
1417
395
1422
1426
916
1428
1431
1944
1435
412
1437
927
1441
417
1442
932
1444
1956
420
933
421
936
1960
938
939
1452
942
1454
434
1974
439
954
1978
1980
1469
1471
960
962
451
964
969
458
1483
980
470
982
2014
1503
480
2018
2025
1002
1009
2036
2038
1527
2040
506
1532
509
18
128
96
98
131
35
5
135
71
8
41
43
44
142
83
117
56
94
63
