325
1025
1538
2
1026
3
515
6
1034
523
1550
15
532
2068
1046
1052
544
545
547
548
1060
1061
550
39
1577
1581
1070
558
559
1071
1585
1073
50
54
567
56
1595
571
572
1085
1086
575
576
67
1091
68
580
1604
581
70
1095
1608
585
74
587
1611
1100
77
589
1105
1108
87
1624
600
602
604
605
1120
96
1121
1634
611
99
1636
102
1639
105
617
107
1132
108
1644
1133
1650
627
1141
630
634
124
1660
637
132
645
134
1672
1161
142
1679
1168
146
1171
1172
1684
149
1173
1686
1687
665
1689
1690
1693
670
671
160
1702
1192
1704
170
173
174
1714
695
1207
696
1721
699
1727
1216
1730
707
1220
1732
709
1222
1735
712
1224
1738
716
204
718
1745
722
723
1237
727
1242
1755
1243
222
224
1250
226
739
1767
745
1769
1269
1272
1792
1281
1793
1795
773
1285
1803
782
270
1809
1810
787
1812
1813
789
277
1301
790
1303
1818
1820
1822
1825
1316
1830
1318
1320
299
811
300
1324
1838
1331
307
309
1333
1334
823
1335
1341
1853
1342
830
1855
1344
322
1860
1348
325
1350
1351
327
1352
331
1867
1868
1872
849
1876
340
852
1879
343
1880
859
860
1373
1891
868
361
873
874
362
363
1900
369
1396
887
1912
379
1404
1917
383
1408
897
1922
1412
1926
1927
1929
395
1933
914
1939
1428
405
918
1431
1944
408
409
412
1437
1438
415
417
1442
1443
1956
932
933
934
1446
935
1960
1452
941
942
1454
430
433
434
947
439
440
954
443
1471
960
963
456
969
458
1483
461
463
980
469
2005
982
477
1503
480
2016
2018
1506
2023
488
1001
2025
1002
493
1006
1009
1522
1011
2036
1524
1525
1013
1527
1016
506
1531
1532
1021
2047
21
32
65
131
68
4
132
135
71
44
76
111
143
114
83
21
119
121
93
94
63
95
